user_id,item_id
8,0684874350 067976402X 0684848783 0375707972 0385720106 0679429220 038079487X 0671510053 006101351X 0425152251
99,0316666343 0743418174 0385484518 0446611867 038550120X 0345339681 0316096199 0312983271 0786867647 0142000205
114,0385504209 0312995423 0446612790 0440241537 0345413903 0446610038 0515135062 0446611212 0440241073 0061015725
160,0345337662 0385479565 0439064872 0060502258 0345384466 0385504209 059035342X 0380789035 0440226430 0553296981
183,068484267X 0446608955 0440241073 0441003257 067976402X 0070212570 0425147622 0743407067 0786817070 0312305060
232,0060930535 0316601950 0452282829 0375707972 0446609404 0671708635 0375706771 0060928336 0375702709 0671021001
242,3442541751 3492045170 3150000017 3423201509 3423202327 3257229534 3423202947 325722575X 3426029553 3442092981
243,0060959037 0452282829 0375706771 0446672211 0060928336 0060976845 0375727345 0671003755 0142000205 0385265700
244,0156027321 0375725784 0316769487 0446532231 0452282152 0316666343 0060934417 0312282990 038572179X 0375726403
254,059035342X 0439139600 0440180295 043935806X 0060929871 0345342968 0345339681 0345339703 0446310786 0380002930
300,0345353145 0345378490 0425154092 0345384350 059035342X 0425144429 0380718332 0345386108 0553580221 0425115801
383,0385504209 0439139597 0590353403 0446531332 0452282152 0439064864 0452283205 0446611867 043935806X 0060958022
388,0385492081 0345361792 0671510053 0679429220 0345427637 044651862X 0446516538 0385486804 0061097314 0394223802
392,8408043641 8433969978 8445071416 0312924585 8432206407 0440224675 8420616893 8478884955 8477204055 0684859335
408,0440234743 0679781587 0399144463 044651652X 0061009059 0553296981 014025448X 0670880728 0061097314 0684853507
424,0060928336 0316601950 0316284955 0452282152 0446672211 0060930535 0440222656 0060976845 0375727345 0316666343
446,0452282152 0142001740 044023722X 0385722206 0060930535 0440222656 0312305060 0142001430 0452282829 0446679593
472,0316666343 0375700757 0679781587 0312195516 0345348109 0671250671 006101351X 0060928336 0786868716 0385486804
487,0316666343 0385503822 0385508042 038542471X 0316969443 0316969680 044651652X 0316693006 0316781266 0446606189
503,0345361792 0312278586 0140244824 0684872153 0553279378 0452264464 0385265700 038079487X 0385720106 0684848783
505,034538475X 0345384466 0345351525 044651652X 0671027360 0345337662 0345397819 0345404319 0446672211 0316666343
507,0345313860 0380789019 0380731851 0553571818 038550120X 0446612545 0316284955 0316776963 0553578022 0345351525
566,0316601950 0316781142 0375727345 0060987561 0375707972 0375702709 0446394521 0399501487 0316569321 0345439104
567,0316777730 0679746048 0060938455 0375707972 0451191145 0375725784 0060392452 067088300X 0451163966 0446532231
595,0312278586 0385335482 0446605239 0446608955 0060928336 0316601950 0375706771 0440226430 0316666343 0671021001
625,2253063339 2253150711 2253044903 2266023039 2070360024 2290311782 2253057843 2205054252 2253152846 2253005274
626,3442541751 3150000017 3423202327 3423201509 3492045170 3257229534 325722575X 3426029553 3423202947 3257227809
638,0316969680 0312195516 0345339703 0375702709 0385508042 0316569321 0385503822 0142000205 0385497466 037570504X
643,0446605239 0349101779 0375707972 0590660543 2253150711 0140620338 0446606812 0099771519 0440206154 0552124753
651,059035342X 0380789035 0316776963 0380789019 0345413350 0553582747 0312278586 0345413369 0553580221 0312144075
709,059035342X 0345342968 0345370775 0439064872 0439136369 0394820371 0440414806 0064407667 0441005489 0380814021
735,0425180638 0060502258 0446364193 0375706771 0385505833 0375707972 0553572997 0316601950 0380730138 0440241537
741,0345342968 0312983271 0525947647 0316769487 043936213X 0425150143 0553569155 0156027321 0515136530 031298328X
753,0440234743 0375727345 044651652X 0440235596 0142000205 0385265700 0446609404 034543479X 0449003795 0345337662
776,0156027321 0385504209 0316666343 0452282152 0449212602 0385722206 0312282990 002542730X 0375725849 0375725784
805,0385504209 0312195516 0142001740 0060915544 0316776963 0375707972 0060977493 0060976845 014023313X 0440212561
850,3442541751 3426029553 3150000017 3257229534 3492045170 325722575X 3423201509 3423202327 3257227809 3423202947
853,0345342968 0440180295 0060929871 0345337662 0316769487 0439136350 0345339738 0446310786 0439136369 0441172717
882,002542730X 044021145X 0446605239 0515131229 0515128554 0515132020 0312195516 0440222656 0553268880 0553250531
900,0060976845 0671021001 0316666343 0446672211 0345337662 0440241073 0375727345 0060930535 0385484518 0312195516
901,0330332775 0156027321 0552137030 0552124753 0552998001 0552998486 0749397543 0552996181 0590660543 0330367358
914,0345342968 0380789035 0345361792 0312980159 0440180295 0345348036 0345413350 0446310786 0312983271 0062502182
929,059035342X 0440211727 0345370775 0553280945 0452264464 0060921145 0679746048 0553289411 0060392452 0312195516
1025,0099771519 0385335482 0330332775 0552998486 0385484518 0552131067 0552131059 000649840X 0330367358 0552137030
1063,0385722206 0385504209 0684874350 0142001430 0679781587 0375725784 0156027321 0399144463 0743418174 0670030643
1075,0156027321 0312195516 0679781587 0452282152 0316776963 0449005615 0385484518 0312305060 0385722206 0151008116
1083,0345339703 059035342X 0345339738 0345339711 0345339681 002542730X 0439064872 0439136369 0440498058 0345370775
1116,0440241073 0440234743 0425180964 0446611778 0446611212 0425177173 0345417623 0440241537 0440236673 0061015725
1129,0385424736 0140254544 0385490992 0385508042 0440225701 0385497466 0070212570 0440221471 0609804138 0385472943
1131,0316601950 0312195516 0060928336 014028009X 0446608955 0375706771 0452282152 0671021001 0316284955 067976402X
1155,0385335482 0385335881 0312291639 0385336179 0064472272 014028009X 0446670251 0060928336 0312278586 0385335830
1161,0385504209 0671027360 0312282990 0060987103 0385492081 0316777730 0449003795 0440206154 0151008116 0060930535
1167,0345380371 0446364193 0440206154 0312278586 044651652X 0451203895 0140293248 0440226430 0060392452 0316601950
1211,2253063339 2253150711 2253044903 2266023039 2290311782 2253057843 2205054252 2070408507 2277260029 0156027321
1248,0312282990 0375725784 0375727345 0316776963 0446532231 0684853515 0151008116 0385199570 0441172717 0375756981
1261,0142001740 0316666343 0312195516 0060976845 0156027321 0385504209 0060934417 0375726403 0060959037 0446672211
1343,0552137030 0552124753 0330332775 0099771519 0590112899 0552131067 0330367358 0552131059 0349101779 0060938455
1409,0515130389 0515131229 051513287X 0515132020 0515128546 0515135062 0515126772 0515128554 0515133973 0373218397
1412,0316666343 0385504209 0375703861 0316776963 0142001430 0449005615 0375726403 0312195516 0786868716 0553375407
1424,0060977493 0452283205 0060987103 0385722206 0452282152 044023722X 0156027321 038572179X 0345441036 0553273914
1435,044023722X 0385484518 0684872153 0446610399 0452264464 0446606812 0316601950 044651652X 0385720106 0375706771
1467,0440221471 0440222656 0446605239 0553296981 0671014196 0743437640 0440236673 0446611867 0345337662 0440235162
1485,0446532231 0142000205 0440226430 0060392452 0345339681 0743224574 0380727501 043935806X 0060502258 0670880728
1548,0345370775 0142001740 0385720106 0375706771 0316601950 0375707972 0345361792 067976402X 0060959037 0446672211
1558,0316969680 0385508042 0316693006 0385511612 0316666009 0316603570 0679444815 0316666343 0385503822 0553289411
1585,0312195516 034541389X 0385504209 0060928336 0671011367 0380789019 0671027360 0380789035 0316666343 0425178765
1608,0312195516 0446672211 0345337662 044021145X 0553268880 0553572997 0515102652 0345384466 0441569595 0515090506
1652,0312195516 0316666343 0156027321 0671027360 0142001740 0060930535 0312305060 0375725784 0060938455 0671003755
1660,044023722X 0446612790 0446607657 0671004530 0553582755 0446610038 034541389X 0440241073 0345413903 0446611212
1674,0385504209 0345313860 0380789019 0671027360 0060938455 0345350499 0060987529 0060392452 0345397819 0345337662
1688,0515135739 0671027573 0671027581 0425183971 0515128554 0515118656 0515130389 0515132020 0553582526 0553583441
1706,0451526341 0440180295 0553272535 0446310786 0060929871 0399501487 0446532231 0345370775 0684801523 0316769487
1725,8408043641 8445071416 8433969978 0345417623 8432206407 0312924585 8477204055 8478884955 8420616893 0156013924
1733,0385504209 0515131229 0142001740 0373218192 0515132020 0373244487 0515127833 0385503822 0316666343 0515126772
1790,044021145X 0440213525 0440220602 0440221471 0440214041 0440211727 0440224764 0440234743 0345370775 0425154092
1797,044651652X 0553375407 0345348036 0345301110 0345334531 002542730X 0446310786 0316693200 0156528207 0345413350
1805,0452282152 0316666343 0060930535 0060959037 044023722X 0385504209 0316601950 0156027321 0446672211 0375726403
1812,0786881852 0316666343 0743436210 0684874350 0385484518 0385492081 0842329129 0451191145 0399501487 0399144463
1848,0345339703 0553260111 0345370775 0345339738 0553250426 0060502258 0440220602 0385484518 0441172717 0345337662
1850,0316666343 0671003755 0316769487 0786868716 0553296981 0553582747 0425115801 0786817070 0553580221 0060256672
1903,0060392452 0316776963 0380789035 0060938455 0679735771 0399501487 0345339703 0670892963 0440206154 0140185216
1928,0312278586 0316284955 0385504209 0312195516 0316096199 0671021001 0446672211 0679781587 0156027321 0743418174
1990,044023722X 0060928336 0679781587 0316284955 0452282152 014028009X 0385504209 0060392452 0446605239 0312195516
2009,0316693200 0451191145 044651652X 0062502182 006099486X 0553284363 0425152251 0345446860 0743206045 0345391055
2010,0553572997 0375727345 0142001740 0440206154 0553579754 0385504209 0066214122 0380789035 0452283442 0425175405
2012,044023722X 0345370775 0449221512 0449221504 0553280341 0449221490 0553271636 0553284789 0449219364 0425175405
2024,0060987529 0679429220 006099486X 0060922532 0060987103 0671708635 0060915544 0380012863 0553578693 0060392452
2030,044651652X 0380012863 0679746048 068484267X 014028009X 0385335482 0060929790 0446670251 0425152251 0440204887
2033,0439064872 0439136369 0345350499 0804106304 0743418174 0060977493 059035342X 0836218620 0439139600 0316666343
2041,0440211727 0060928336 0440236673 0385424728 0060392452 044021145X 0446672211 0385508042 0440214041 0440224764
2084,8408043641 8433969978 8432206407 8445071416 0312924585 8477204055 0440224675 8420441708 8478884955 8420616893
2090,0060930535 051511992X 044651652X 0060976845 0345337662 0312195516 0451169530 0440222656 0553250426 0553268880
2103,0385424736 038550120X 0446672211 0385490992 0440236673 0385508042 0440225701 0385493800 0385497466 0345353145
2106,0451203771 0385504209 0452282152 0446672211 0452282829 002542730X 068484477X 0312995423 0142001740 0679745203
2110,043935806X 0441005489 0439064864 0439136350 0345370775 0439139597 0345353145 0399144463 0345339681 0590353403
2132,0451207947 0373834365 0515136530 0515136379 0373218036 0553583441 0062502182 0060001453 051513628X 050552354X
2134,0671003755 0451172817 0345342968 0385486804 0380012863 0448095017 0345380371 0375706771 0590414291 0553260111
2139,0312291639 0515131229 051513287X 0515132020 0515126772 0373218397 0515128554 044023722X 0515133973 0515121843
2179,043935806X 0671027360 0345339681 0060938455 0439064864 0439139597 0439136350 0439139600 0441569595 0316666343
2189,067976402X 0060392452 0375725784 0316284955 0375703055 044021145X 014028009X 0380789035 0451524934 0060916508
2197,0142001740 0140293248 0060928336 0671003755 0385504209 0060502258 0385335482 0375700757 0316769487 0553279378
2276,0380731851 0385504209 0375700757 0345339703 0446364193 0446607657 044023722X 0345447840 0451456718 0440414806
2287,0425169863 0380718340 0425175405 0425154092 0380718332 0425163407 0380717018 0425158616 0375707972 0446602620
2288,0553580221 0345342968 0345384369 0425107469 0425130711 0425153975 0671024248 0553582747 0425132951 0451188462
2313,0375726403 0316769487 0316776963 0553279378 0060929871 0671003755 0345446860 0553375407 0375702709 0060175400
2337,0316284955 0385504209 0312195516 0060976845 0316666343 0671021001 0375727345 0385484518 043935806X 0316601950
2358,0345348036 0345339703 0440414806 0440401585 0064400557 0345339738 0440487617 0446365386 0060915544 014131088X
2363,0316666343 0380789035 0312278586 0553582747 0380789019 0553580221 059035342X 0425144429 0671021001 0061020710
2399,0345351525 0345313860 0345370775 034538475X 0345384466 0345378490 0440221471 0446601241 0345339711 034540288X
2406,0345348036 0375700757 0446310786 0553279378 0380002930 0446606189 0312976275 0671510053 0449213943 0671001795
2411,0312291639 0140143505 0375703055 0553279556 0446363251 0440241073 0439064864 0590353403 0064409422 0440940001
2437,0515128546 0515126772 0515128554 051513287X 0515131229 0515132020 0515121843 0515124214 0515135062 0515136530
2439,0380789035 0060938455 0140067477 0345342968 0345361792 0062502182 0380977788 0375725784 0380789019 0140298479
2442,0140293248 006101351X 014028009X 880781210X 0060502258 0385335482 8806143042 8845237303 0671510053 0440226430
2462,0671027360 0440221595 0142001740 0375700757 0553566040 0451203771 0553574671 0439064872 0553574639 0449223604
2549,0140293248 0425154092 0440226430 0671693816 0345387651 0140067477 0425158616 2253063339 0380718332 0811824829
2589,0440206154 0553583468 0553576801 0553582127 055356451X 0553578022 0553578693 0345413903 0553569910 0316603287
2622,0312278586 0439064872 0439136369 043935806X 0439139597 0316769487 0590353403 067169507X 0316779423 0439064864
2655,044023722X 0060928336 0679781587 0316284955 014028009X 0446605239 0385504209 0440221471 0553574574 0449219364
2685,0439064872 059035342X 0345342968 0345314255 0439136369 0452264464 0345339681 0345285549 0553580272 0345375580
2719,0446310786 0316666343 042516098X 0140067477 0440180295 044021145X 0316769487 0446605239 0451524934 0345378482
2738,0316666343 0446605239 0316096199 0671727796 014028009X 0099747200 0451526341 002542730X 0330332775 0385504209
2766,0553296981 002542730X 0385492081 0553272535 0028604199 0385484518 0786868716 0451203771 0156027321 0553279378
2769,0140293248 006101351X 014028009X 880781210X 0060502258 8845215989 8806166484 0385335482 8806143042 8845237303
2789,0060392452 0060928336 0345337662 0312195516 0440221471 0385504209 0679419462 0440214041 0440224764 0345351525
2793,0316666343 0312291639 0385504209 0446672211 0312195516 0671027360 0515130389 0671014196 0671004530 0671695169
2799,0345370775 0345378482 0441569595 0399501487 0441172717 0345339681 0345378490 0345337662 0316769487 0446532231
2853,0440212561 068484477X 0804106304 068484267X 0553569155 0440215625 0060938455 0446394521 0671683993 0425175405
2855,0316666343 0679781587 0385484518 0684874350 0385504209 0451526341 0452281903 0316601950 014028009X 059035342X
2891,0385504209 0316776963 0312195516 0385265700 0452282152 0151008116 0060938455 0060915544 0316284955 0312282990
2954,0375706771 0375707972 0385504209 0316601950 0375727345 0449907481 0440234743 0679734775 0440226104 0425180638
2977,0156027321 0440222656 0609804138 0440223202 0385492081 0446394521 038548951X 0553375407 0440221595 0451203771
2996,0345424719 0385484518 0786868716 006101351X 0060987529 0671024248 0671042858 0385492081 0671041789 0345387651
3017,0345361792 0312291639 0385484518 0060920084 0399144463 0811801802 0679731148 0440204887 0877017883 0394404289
3106,0441304834 0441000916 0441001971 0316666343 0441002935 0345350499 0441005748 0441005241 0441003745 0345337662
3142,0380814803 0380820854 0060001453 0451207947 0060002050 0060511508 0440241057 0060531231 0061032093 0060513640
3145,0440241073 0380731851 0345402871 0446667900 044022165X 0345413903 0425178765 0440213525 0312983271 0671027360
3167,0345378490 0345351525 0399501487 0441569595 0345353145 0316769487 0345378482 0345313860 0553573136 0451524934
3192,0060392452 043935806X 0060928336 0385504209 0439136369 0439064872 0439139600 059035342X 0671027360 0064407675
3266,0452282152 0060915544 014029628X 0312195516 0553268880 0060934417 0060959037 0553572997 0375705856 0060987103
3282,0316666343 0345384466 0553579754 0553582747 0066214122 0345417623 0449002411 0671027360 0553580191 0440241073
3326,3442541751 3150000017 3492045170 3423202327 3423201509 3257229534 3426029553 325722575X 3423202947 3257227809
3329,0440241073 0440213525 044023722X 044022165X 0345417623 0440224764 067976402X 0440214041 0440225701 0440211727
3331,0316666343 0446605239 0446608955 0446606812 0553582747 0446531332 0515136379 0345417623 0515130389 0066214122
3344,0385504209 0156027321 0671027387 0312995423 0312263120 0060392452 0375725784 0060930535 0385337116 0312282990
3346,0440498058 0446672211 002542730X 0446310786 0380789019 0836218787 0380977788 0552124753 0316284955 0316103098
3350,0316666343 0312278586 0385335482 0060928336 0385335881 0060976845 0446605239 0385336179 014028009X 0440226430
3355,0316666343 8408043641 0151008116 0553274503 0440226430 8432206407 8433969978 8445071416 8477204055 8478884955
3363,0312278586 0385335881 0385335830 0140293248 0385335482 0385730586 0385729332 014028009X 0609807900 0064405842
3371,0515128546 0425169863 0515126772 0142001740 0440224764 0515128554 044021145X 0373483503 051513287X 0373483694
3373,0142001740 0449003795 0385504209 0446604666 0446612545 0446605239 0425182878 0142000205 0345447867 0425192725
3374,0345337662 0345313860 0345351525 034538475X 0345397819 0345404319 0060928336 0345384369 0345422384 044651652X
3416,0671021001 0440226430 0060928336 059035342X 0440211263 0440221471 0345339703 044021145X 0452282152 0440213525
3418,0439064872 0439136369 0439139600 043935806X 0446608955 0345339703 0064407667 0439064864 0439139597 0439136350
3462,0156027321 0786868716 0385504209 0345427637 0786881852 0385492081 0374199698 0553375407 0060175966 0385486804
3467,0380789035 0385497466 0380718340 0380717018 0425180638 0425175405 044021145X 0446609323 0425154092 0385722435
3471,0140067477 0316769487 0440204887 0345361792 0553375407 0375706771 0553277472 0345313860 0140119906 0345384466
3488,0345391802 0345342968 0345391829 0440180295 0060929871 0140042598 0446310786 0425152251 0452280621 0671027344
3538,8408043641 0151008116 0375725784 0440224675 0671003755 0440206154 0425152251 8432206407 0451167317 0380789019
3556,0312195516 0439064872 0446672211 0679781587 043935806X 0446608955 0446605239 0316666343 0439139600 0439136369
3569,0345342968 0142001740 0316769487 0312291639 0446608955 0385722206 0440222656 0316789089 0345361792 0345417623
3578,0062502182 0525947647 0451524934 0385486804 0345361792 0380789035 0393317552 067976402X 0316769487 0380789019
3594,0380723638 0425178951 0380725827 0441003257 0425188787 0312980140 0440210690 0439064872 0380721643 0440217520
3640,0380789035 0316776963 0156027321 0385486804 006099486X 0451191145 0385509510 0553572997 0385722206 0393317552
3669,044651652X 0312195516 0316601950 0440226430 0446608955 0140293248 0316284955 0375706771 0345337662 0060976845
3675,0140298479 8408043641 8445071416 8432206407 8433969978 0452282152 0312924585 0679723161 8477204055 0671880187
3693,0380789035 0061020710 0553262505 0441790348 0671027360 0380789019 0345342968 044661193X 0452282152 0061020702
3719,051513287X 0515131229 0515128554 0440226430 0440221471 0515132020 0515126772 0515128546 0425144429 0440225701
3743,0140293248 0312278586 8806143042 880781210X 0385335482 014028009X 006101351X 8845215989 8845237303 8806166484
3757,0385492081 0375726403 0446610038 0679429220 0440235596 044023722X 0380012863 0439139600 0385265700 0767900383
3791,0060928336 044023722X 0679781587 0385504209 0316284955 014028009X 0060976845 0060959037 0452282152 0060930535
3799,0099771519 0316666343 000649840X 0091867770 0679735771 0552998486 0330332775 0552998001 0140620222 0552996181
3814,0679781587 0452282152 0312195516 0385722206 0156027321 0345361792 0142001740 0671003755 0375726403 0060934417
3817,0316769487 0440224675 0312924585 0446310786 006101351X 0060502258 0316666343 0553275976 0679781587 0345370775
3827,0345384466 0380789019 0452282152 0345313860 0345397819 0345404319 0553572997 044100069X 0441304834 0441007813
3840,0515131229 0515132020 0515126772 0446531332 0515128554 0440222656 0446605239 0345438329 0385511612 0385510438
3917,0316777730 0316769487 0451524934 0671755064 0060392452 0440180295 0441790348 0060938455 0140042598 0060929871
3923,0060987103 0380789035 0441003257 0446670111 0671027360 0441008534 0345413350 0441001971 0345313860 0061020710
3965,0345353145 0345380371 0345370775 044022165X 034540288X 0440220602 0345417623 0440211727 0440214041 044023722X
3977,0060930535 0312195516 0375702709 0316666343 0375707972 0316601950 0679781587 0345443284 0375706771 0142001740
3983,0385504209 0671027360 0440241537 0452282152 043935806X 0312995423 0446605239 059035342X 0385510438 0671027387
4017,0345361792 014023313X 0142000205 0375706771 0345439104 0316569321 0446672211 0316601950 0375726403 0060976845
4049,0385504209 0060928336 0679781587 0316284955 0440226430 0060976845 014028009X 044023722X 0671021001 0312195516
4066,0440234743 044023722X 0440221471 0440241073 044022165X 0440224764 0440220602 0440225701 0440211727 0446364193
4090,0446672211 0375706771 0312195516 0060928336 0060976845 0671021001 0316666343 0140298479 0380730138 0140293248
4091,0449223612 0553280341 0449221512 0449219364 0449221482 0449221504 0553279556 0553284789 0449003787 0553280368
4092,0385504209 0451167317 0440206154 0451172817 0451156609 0451177096 0385335482 0451137965 0060392452 0312995423
4098,0156027321 0060392452 0316666343 0316777730 043935806X 0060938455 0060930535 0671027387 0312995423 0440241537
4114,0156027321 0345417623 0312924585 0345342968 0316769487 0671004107 0385486804 0446532231 0440206154 0441569595
4131,0552124753 0552137030 0552131067 0552996009 0552131059 0590112899 0330332775 0552134627 0552128481 0552131075
4138,0060928336 0385335482 0385504209 0316666343 0743418174 0671021001 0385336179 0971880107 0385335881 0446670251
4149,0345417623 0385504209 0345378482 0316666343 0440241073 0671027387 044023722X 0553279378 0671004107 0345353145
4157,0440224675 0316777730 043935806X 0375725784 0671027360 0446604666 0060938455 0060987529 0446532231 0316569321
4179,0345378490 0345380371 0345370775 0345378482 0345391055 034540288X 0345417623 0345354621 0385492081 044023722X
4197,0385503822 0316693006 0316693200 0385508042 0316666009 0316666343 0316693235 0399148639 0385497466 0385511612
4221,0385504209 0385335482 0385335881 0671021001 0385336179 0743418174 0385336810 0312983824 0375727345 0440241537
4223,3442541751 0316666343 3150000017 325722575X 3492045170 3423202327 3423201509 3426029553 3257229534 0156027321
4225,0316666343 0316769487 0446672211 0671021001 0316284955 0385265700 0679746048 0345387651 0142000205 0440226430
4260,2253063339 2253150711 2253044903 2070360024 2266023039 2290311782 2253057843 2205054252 2253005274 2277260029
4292,067976402X 0316284955 0142000205 0345313860 0375727345 0743237188 0060392452 0451173317 0441172717 0440204887
4334,0451142934 0451156609 0451160525 0451176464 0451167317 0451151259 0440206154 0451153553 0425105334 0451172817
4365,0345413350 0380789035 0316769487 0380789019 0446310786 0385492081 0441003257 0451526341 0451191145 0345348036
4385,0060930535 0385492081 067088300X 0316569321 0440220602 0671510053 0446607193 0312983824 0345439104 0515131229
4401,006101351X 0142001805 002542730X 0060938455 0061044431 0140067477 0380977788 0380789035 0374199698 0345370805
4420,006099486X 3442541751 0451166892 3150000017 3426029553 3492045170 3423202327 325722575X 0553250531 3423201509
4428,0385504209 0440226430 0060928336 0452269571 0375725784 0439136369 0316284955 0439064872 0743418174 0679746048
4435,014028009X 0140293248 0316096199 8806143042 0316666343 0385335482 8845237303 880781210X 8845215989 0312422156
4483,0345342968 0316769487 0451524934 0440180295 0451163966 0451526341 0684801523 0446310786 0140042598 0679735771
4514,0446679593 0440234743 0440226430 0446605239 038548951X 044022165X 0441003257 0446394521 0385498802 0452282152
4570,0142001740 0312195516 0452282152 0446672211 0060915544 0060959037 0385720106 067976402X 0316666343 0060175400
4571,0156027321 0316666343 0316096199 0452282152 0385722206 0099771519 0743418174 0060934417 0449212602 0385335482
4600,0345339738 0345339703 0345339681 059035342X 0345337662 0439136369 0439064872 0439139597 0439064864 043935806X
4622,0345370775 0345380371 0440220602 0345378482 0385492081 0440221471 0345337662 0345342968 0553572997 0440211263
4710,0440202043 0425158616 0440221595 0345380371 0345446666 0385486804 0312924801 0440414806 0440210690 0553271636
4769,0385722206 0060938455 0440234743 0553211404 0684874350 0425177173 0525946233 0671250671 0345350472 0312305060
4785,014028009X 0060928336 0440226430 0446605239 0380789035 0446611867 0140067477 0671003755 0385486804 0425152251
4795,0385504209 0142001740 0312195516 0671027360 0060934417 044023722X 0060938455 0312305060 0679781587 0156027321
4802,043935806X 0439064864 0439139597 0439064872 0590353403 0439139600 059035342X 0446310786 0312278586 0439136369
4809,043935806X 059035342X 0439064872 0439139600 0439136369 0446310786 0345339681 0316769487 0618002227 0446608955
4816,0380726238 0380731851 034536676X 0316666343 0375706771 0060502258 0446310786 0380726289 0425182908 0345391802
4838,044651652X 0439139600 0060987561 038542017X 0446532231 0679723161 0440226104 0446673544 0374129983 000649840X
4845,0380731851 0671011367 0385512104 0345446860 0553576801 0060959037 0553578022 0446610038 0553578693 0684872153
4896,059035342X 0439136369 0439139600 0439136350 043935806X 0439139597 0439064864 0786881852 043936213X 0590353403
4938,0345337662 0440221471 0671041789 0451172817 044022165X 0345361792 0399501487 0451169530 044021145X 0140293248
5037,0446672211 044021145X 0440224764 044022165X 0440220602 0440225701 0440236673 0440222656 0440241073 0440234743
5048,0060938455 067976402X 0312195516 0446532231 0452282829 0316569321 0671003755 0060959037 0671027360 0671021001
5091,0380789019 0380789035 006101351X 0441569595 0425152251 0345361792 0440241073 067976402X 0385492081 002542730X
5127,014028009X 0140293248 0312278586 0312422156 8806143042 006101351X 880781210X 0440225701 0156012197 8845215989
5163,0156027321 0142001740 0316776963 044023722X 0449005615 0452282152 0385504209 0553375407 038082101X 0316666343
5204,0349101779 0552124753 0590660543 0590112899 0552996181 0747546290 0140039589 0425182908 0099771519 0552131059
5207,0439064872 044023722X 0439136369 0439139600 0440211727 0440213525 0312195516 0440236673 0446608955 0671021001
5209,067976402X 0316666343 038572179X 0553582755 0312282990 0553580221 067102423X 0553580302 0316769487 0385508042
5225,3442541751 3150000017 3492045170 3423202327 3423201509 3257229534 325722575X 3423202947 3426029553 3257227809
5286,0440180295 0451524934 0316776963 0385720920 0060929871 0380977788 0375725784 0140042598 0345391810 014131088X
5287,0385504209 0446394521 080410526X 044021145X 0553572997 0070212570 0446310786 0671727796 0345370805 0446605239
5300,0140293248 0312278586 0446672211 0345446860 0316666343 0553582747 0439136350 0590353403 0060502258 0440225701
5331,0330332775 0552996009 0330267388 0552137030 0552124753 0330367358 0330262130 000649840X 0099771519 0312274920
5333,0440224764 0425169863 0425147622 0425175405 0425163407 0440214041 0425180638 0440211727 044021145X 0425158616
5350,3150000017 3442541751 3423202327 3423201509 3423202947 0140620222 3492045170 325722575X 3257229534 3442092981
5375,0142001740 0679781587 0316666343 0312195516 0312305060 0375700757 0060921145 0060987103 0060934417 0385722206
5385,0345337662 0345313860 0345351525 0316769487 034540288X 0345378490 034538475X 0312924585 0345397819 0399501487
5416,0440222656 0440235596 059035342X 0451203771 0446672211 0671021001 044021145X 0446605239 0446608955 0439064872
5439,0312195516 0142001740 0061009059 0060976845 0452282152 014028009X 0671021001 0385335482 0316601950 0743418174
5448,0345370775 059035342X 0439064872 0345342968 0446310786 0394820371 0553213148 0440220653 0439136369 0064400557
5476,0316969680 0316693006 0743418174 0385503822 0316666009 0316601950 0316693200 0061097101 0385508042 0440234743
5490,0385504209 0312195516 0345439104 0375707972 0060976845 0671027360 0060928336 0060959037 044023722X 0452282152
5499,0385508042 0399150897 0385504209 0316603570 0316602906 0316693006 0316603287 0553802496 0385337116 0446530891
5539,0345417623 0385504209 044023722X 0671027360 0061015725 0380789019 0345339703 0312995423 0060502258 0345350499
5543,0316769487 0452260116 0671003755 0440206154 0553296981 0312924585 0375700757 0439136350 0061097314 0345313860
5555,0385484518 0060959037 0316601950 068484267X 0345443284 0452282829 0671003755 0380730138 0316899984 0140244824
5582,0345313860 0345351525 034538475X 0060928336 0345384466 0345337662 0312983271 0399501487 0446670251 0345397819
5609,0345337662 0345351525 034538475X 0345384466 0345397819 0140298479 0345409671 0380789019 034540288X 0345370775
5638,0345361792 0385492081 044021145X 0553260111 0425180638 0425147622 0440224764 0440220602 0345378482 0451169530
5639,0452282152 0099771519 0312274920 0671011375 0553377868 0312195516 0671027360 0385504209 0312976275 0061009059
5665,0312966970 0312983271 0373218192 0515136530 0385504209 0515130389 0446611867 0312971346 0312306326 0515131229
5669,0380789035 0345413350 0316769487 0316666343 0380789019 0553562738 0316284955 0393317552 0316776963 0345370775
5674,0446310786 0451526341 0345339681 0440211727 0380002930 0439064864 0553274295 059035342X 0064407675 0439136369
5709,043935806X 0380789035 0316769487 0671027360 0590353403 0060392452 0316666343 0064407667 0439064864 0441005489
5722,0671027360 0142001740 0312195516 0156027321 0375726403 0679781587 044023722X 0316601950 0375725784 0060928336
5728,0451160525 0451176464 0451184963 0451172817 0451156609 0451180232 0451177096 0451188462 0451167317 0451186362
5741,0380789019 0446611212 0446607657 0446604666 0385505833 0446612545 0553279378 0345348036 0345447867 0425182878
5746,0425154092 0060987103 0425175405 0425169863 0380717018 0380718332 044023722X 0440224764 0425147622 0440212561
5777,039480001X 0440940001 039480029X 0394800133 0394800028 0394800168 039480967X 0140374248 0440995779 0440498058
5790,0345370775 0345378490 0446605239 0425143325 034540288X 0440206154 0345338588 0440222656 0452282152 006016848X
5815,0385503822 0316969680 0312278586 0316096199 0316569321 0316666009 0446364193 0316693006 0446608955 0316666343
5834,3442541751 3150000017 3492045170 3423201509 3423202327 325722575X 3257229534 3423202947 3426029553 3257227809
5899,0380789019 3442541751 0441003257 325722575X 3423202327 3426029553 0380977788 3423201509 3150000017 0552134651
5903,0316666343 0743418174 0385335482 0385504209 0312278586 0060928336 0312195516 0446670251 0671027360 0316096199
5920,0345318854 0345313151 0380752859 0345322215 0345322231 0553262505 0345353145 0743418174 0671733893 0345354931
5956,0842329218 0316666343 0439064872 0842329242 0842329250 0842329269 059035342X 0786881852 0743436210 044651862X
5963,0316769487 0553208845 0385479565 0385722206 0451526341 0553273914 0553277472 0156027321 0451524934 0553275976
5971,0425133540 0345380371 042510107X 0385486804 0425109720 0425116840 0345353145 0439064872 0440220602 0425122123
5998,0553582747 0449006522 0425144429 0345386108 042513525X 0312278586 0553580221 0553582755 0345384369 0316666343
6073,0553572997 044021145X 0446310786 0316776963 0440213525 0671003755 0385498802 0440220602 0440224764 0440221471
6092,0316666343 0099771519 0552998001 0330332775 0091867770 000649840X 0099747200 0552998486 0552137030 0140265988
6102,0156027321 0375725784 0316769487 0312195516 0060930535 0679781587 0060977493 0385504209 0385720955 0375726403
6112,0553296981 0553213148 0345370775 0446310786 055321313X 0671003755 0553213172 0312195516 0394820371 0345342968
6115,0425175405 0440234743 0425154092 0425163407 0425169863 0425158616 0425180638 0380718332 044023722X 0440225701
6218,0440211727 0316601950 0060987561 0425180638 0399501487 0679781587 0671708635 0140067779 0061009059 0312982518
6238,0385722206 0452282152 014023313X 0375726403 0060977493 0385486804 0060959037 0375706771 0060915544 0142001740
6242,0345361792 0060959037 0449005615 0312305060 0671510053 0316780375 0385265700 0385722206 0060929790 0385512104
6249,0345339703 0385504209 059035342X 0345370775 0345339681 0439136369 0439064864 0440414806 0439136350 0440220653
6251,0345339681 0671510053 0786867647 0380727501 0142000205 0345342968 0440226430 0345387651 0743224574 0679745203
6273,0140293248 0312278586 014028009X 0060502258 880781210X 8806143042 8806166484 0553582747 8845215989 8845237303
6280,0060929871 0156027321 0316666343 0451524934 0345342968 0452282152 0345370775 0385504209 0316769487 0375726403
6323,0440241073 0425175405 0446608815 0440234743 0440211727 0446604801 044021145X 0671027360 0425180638 0440220602
6330,0330332775 0140430725 0099771519 0330375253 0099747200 0140265988 0091867770 0316666343 0099279274 0142001805
6333,043935806X 0439064872 0439136369 0440414806 0449219461 0375726403 0439139600 0439139597 059035342X 0060934417
6345,0345353145 0345370775 0345378490 0425175405 0345380371 0345391055 0440211727 0446606812 0425154092 0345354621
6347,0446606812 0446611867 0140293248 0446610399 0440226430 0446608955 0440206154 0446394521 0385474016 0375703063
6366,8408043641 0671003755 8433969978 8432206407 8445071416 8478884955 0151008116 8477204055 8420616893 8478886451
6398,0316601950 0060976845 0060928336 0312278586 0316569321 0345417623 0316666343 0316096199 0439136350 0446670251
6431,0439136369 0439064872 0439139600 059035342X 0345339681 0618002227 038549081X 0345339711 0345339738 0345339703
6497,0064407667 0451169530 0345438329 0345313860 0060987103 0060930535 0345416260 0446670111 0064407675 0142002267
6505,0142001740 0425175405 0425147622 0316666009 0380718340 0316693200 0425169863 0425154092 0385503822 0425163407
6507,8408043641 0812550706 0316666343 8433969978 0451166892 0060977493 0679429220 8401328942 0440226430 8432206407
6509,3442541751 3150000017 3492045170 325722575X 3423201509 3423202327 3257227809 3257229534 3426029553 3423202947
6532,0380789035 0552140295 0552134643 0552134651 0552145424 0552140287 0061092177 0061057649 0552142379 0552142352
6537,0312195516 0316666343 0671003755 0679781587 0140293248 0671021001 014028009X 0316776963 0440226430 0070212570
6543,0312195516 0385504209 0156027321 0452282152 0312966970 0385486804 0679781587 0671027360 0679745203 0312265867
6563,0439064872 0316666343 0452282152 0316096199 044651652X 0743227441 0375502238 0446608955 0440220602 0316284955
6564,0316769487 0345361792 0446310786 0345387651 0061020710 0380789019 0552131067 0515135062 0515128554 0670031909
6566,0440241537 0449003787 0312980140 0312983298 0449003795 0312983867 0142001740 0425192725 0312971346 0440236703
6575,0345361792 0061009059 0312966091 0060915544 014100018X 0671510053 0446310786 0312291639 0060976845 0151008116
6577,0375727345 0446610038 0060959037 0142000205 0316601950 0316782505 0671510053 068484477X 0446672211 0440241073
6582,0312278586 0060938455 0440226430 0345392825 014028009X 0553272535 0140298479 0142004235 0743418174 0451524934
6604,0441003257 0441304834 0345361792 0060976845 0345313860 0441005241 0671510053 0441002935 0441000916 0375707972
6611,0345313860 0345384466 0345337662 0345351525 034538475X 0345334531 044651652X 0312924585 0842329242 0345397819
6662,0441000916 0345423402 0380753006 0345435273 0441002935 0441001971 0441304834 0440215625 0441003745 0441004520
6671,0446605239 0446672211 0446610399 0425107469 0440213525 0451172817 0553274503 044021145X 0515136379 0440211263
6679,0316601950 0316666343 0671003755 0375706771 0375707972 044021145X 0060959037 0060930535 0385484518 0452282152
6689,059035342X 0439136369 0439064872 0439139600 0439139597 043935806X 0439136350 0345339681 0345339703 0446310786
6731,0316666343 0449212602 002542730X 0380012863 0446672211 0345439104 0452264464 0312979096 0345337662 0553277472
6769,0425188787 0312990456 0449223604 0449223612 0375726403 0449219461 0439064872 0449221512 0312980140 0449003787
6772,0345370775 044023722X 0446606812 0446607711 0142001740 0345378482 0440224624 0446606324 0440222656 0066214122
6781,0446610038 0446608815 055356451X 0446612790 0446612545 0515131229 0446364193 0553582135 0451206525 0440222656
6789,0060930535 0316769487 0060976845 0060928336 0312924585 0446605239 0440206154 0380018179 0375706771 0142001740
6840,0380002930 0345353145 0312291639 0061092177 0440219078 0345348036 0553279378 0441005489 0060934417 0061020710
6865,0142001740 0060938455 0441790348 0515128546 0441004520 0441000916 0345347536 044100069X 0552137030 0380762609
6871,044021145X 0440214041 044022165X 0440224764 0440213525 0440234743 0440221471 0440220602 0345380371 0440236673
6889,0446310786 0440213525 0440220602 0140298479 0375725849 0451167317 0451526341 0553273914 0440214041 0440211727
6894,0345342968 0446310786 0451526341 0684801523 0399501487 0553280414 0553274295 0451524934 0440220602 0553296981
6958,0142001430 0385486804 0060987103 0312201656 0070212570 014029628X 0312278586 038550120X 0380012863 0375705856
7056,0747546290 0446610038 0425174271 0312924585 0425175405 0440206154 0425163407 0425180638 0449003795 0446607657
7060,0671003755 0345313860 0345337662 0446606812 038550926X 0452264464 0440211727 0060987561 0440213525 0446672211
7072,0439064872 0439136369 0439139600 043935806X 0439139597 0439136350 0439064864 0446608955 0590353403 0345370775
7079,0345337662 0316769487 0385484518 0312291639 0380012863 0375700757 044651652X 0140119906 038550120X 0062502182
7082,0312971346 0440212561 0312976275 0312980140 0440215625 0312265840 0060928336 0312983867 0671617028 0385484518
7105,0330332775 0099771519 0552137030 0590660543 0590112899 000649840X 0156027321 0312305060 0060938455 0091867770
7125,0385335482 0385336179 0385335881 0671027360 0385504209 0385730586 0312291639 014028009X 0141000198 0385336810
7128,0440219078 0553296981 0786817070 0394820371 0064401847 0553274295 0380600129 0446605239 0385504209 0440414806
7132,8408043641 8432206407 8433969978 8445071416 8478884955 8420441708 8477204055 8420616893 068484477X 8423310353
7134,0679781587 0449005615 0060959037 0446672211 0385504209 0312305060 0375726403 0316666343 038542017X 067976402X
7154,0679746048 0375706771 0385335881 0671021001 0060928336 0425167313 0060976845 0452269571 0971880107 0440226430
7155,0385504209 0142001805 0671027360 0060938455 0142001430 0375725784 0099771519 0552996009 0091867770 0743225082
7158,0316693006 0316666343 0316603287 0446531332 0316969680 0312278586 0316569321 0345443284 0385510438 0553582755
7181,8408043641 8432206407 8445071416 8433969978 0312924585 8478884955 8420616893 8477204055 8478886451 8478884459
7207,0312976275 0440206154 0312966091 0312306326 0312966970 0312980140 0312971346 0312983271 0345370775 0312983867
7210,0316769487 0060938455 0385722206 0684874350 0385479565 0060392452 0316776963 0451524934 038079487X 0060915544
7275,0330332775 0590660543 0099771519 0312274920 0091867770 0552996009 0590112899 0330367358 0062502182 0451166892
7283,0156027321 0671027360 0452282152 0060938455 0142001430 0553572997 0452283205 0375725784 0312195516 0060959037
7286,0060987103 0804106304 0060502258 0142001430 0385335482 002542730X 0385474016 0440414806 0671894455 0156027321
7312,0380731851 0425182908 0440241537 0553584510 0425180638 0425178765 0440225701 0446667900 055356451X 0440226104
7346,0061009059 0345417623 0345353145 044023722X 0064407667 0553213148 0446670111 0553279912 044022165X 0380718332
7352,0440241073 0440236673 044023722X 0440224764 0345417623 0440225701 0446611212 0440220602 0446610038 0446611778
7371,0312195516 0060928336 0440212561 0440217563 0316284955 0060915544 044022425X 044100069X 044023722X 038542017X
7384,0345313860 0425152251 0345342968 0316769487 0345337662 0684801523 0446310786 044651652X 0345391802 034538475X
7400,0345350499 0345342968 0399501487 0345413903 0449212602 034541389X 0679745203 0439136369 0451454243 0312983271
7418,0671003755 0316601950 0842329129 0441172717 0679781587 0446610038 0525946233 0553568760 0316096199 0842329218
7426,0446672211 0679781587 0671510053 0671250671 0060928336 0064407675 044651652X 0345313860 0064407667 0375707972
7528,0385730586 0064400557 0385335482 059035342X 0380814021 0312278586 0385335881 014029628X 0060096195 0440998050
7547,3442541751 3150000017 3423201509 3492045170 3423202327 3257229534 0385504209 325722575X 0971880107 3423202947
7565,044022165X 0385492081 0345402871 0316776963 0440221471 0440220602 0380789019 0525947647 0375725784 0312421273
7569,0515131229 0515132020 0515128554 051513287X 0515126772 0515135062 0515128546 0312995423 0446612545 0373218397
7620,044021145X 0440214041 0440213525 0440222656 0452282152 0446672211 0440220602 0440224764 0440236673 0385504209
7630,0425121259 0425144429 0345353145 0553580191 0451181379 0312422156 0425128164 0425153975 0553582747 0345384369
7809,0439064872 0439136369 0439139600 0439136350 043935806X 0439139597 0439064864 0590353403 0312195516 0156027321
7841,0345342968 0156027321 0440414806 0671003755 0399501487 067088300X 0684801523 0385504209 0451526341 0316777730
7853,0316601950 0446672211 0425167313 042516098X 0375706771 0671021001 0385335881 0425162443 0060976845 0060928336
7860,044021145X 0440211727 0312195516 0440213525 0060928336 0440222656 0316284955 0440226430 0316601950 0142000205
7864,0312243022 0679781587 0449221512 0439136369 0345342968 0553280341 0449219364 0439064872 0553284789 043936213X
7882,044651652X 0441790348 0385504209 0441569595 006101351X 0441172717 0671041789 0385486804 0452264464 0670892963
7887,0345353145 0345370775 044651652X 0345378490 0440211727 0316666343 0345391055 0345339681 0385484518 059035342X
7890,0312278586 0446610399 0385505833 0446608955 0446672211 0375727345 0385503822 044023722X 0385335881 0316899984
7913,0671027360 0671510053 0380789019 006101351X 034541389X 0440206154 0440236673 0380789035 0385504209 0449005615
7915,0312983271 0385484518 0060928336 0316666343 0312971346 0312966970 0061097101 0142001740 0316601950 0446611867
7916,0440211727 0451166892 059035342X 0440204887 0425180638 038542017X 0373790473 0743225406 0425175405 0679781587
7930,0142001740 0316776963 067976402X 0375727345 0804106304 0312291639 0452282152 0385265700 0316601950 068484267X
7958,0060915544 0316666343 0060976845 0385335482 0316601950 0679745203 0446606812 0684872153 0385335830 014029628X
7962,0671021001 0553572997 0345353145 0345391802 0385503822 0385497466 0385508042 0375727345 0060502258 0440211727
7970,0330332775 0440180295 0330367358 0451526341 0316769487 0156027321 0552996009 000649840X 0553296981 0375707972
7980,0345417623 0671027387 0671027360 0060938455 0671004107 0440206154 0380789035 0060392452 0380789019 0385504209
8019,0425083837 042510107X 0345342968 0385508042 0345339703 0553260111 034540288X 0553250531 0440211727 0679444815
8040,0345361792 0804106304 0446610038 0684872153 0440206154 0375725784 068484267X 0061030597 0446310786 0671027360
8066,0385504209 0385722206 0440234743 0345417623 0684872153 0440213525 0440241073 067976402X 0312195516 0385335482
8067,0553560247 0312966091 0140293248 0385335482 0385335881 0312983867 0440211727 0385730586 0553578308 044922046X
8089,0440214041 0446364193 0440213525 0425154092 0425147622 0425163407 0440221471 044021145X 0446604801 0440211727
8094,8408043641 8445071416 8432206407 8433969978 0312924585 8477204055 8420616893 0440206154 8425337690 8466307125
8095,0451526341 0553296981 0316769487 0553274295 0345339703 0684801523 0553263218 0446310786 0345339681 0452268060
8141,0440234743 0446601241 0345417623 0446610038 0446606189 0446604801 0446608815 0440236673 0446607711 0446611212
8167,0553279378 0671250671 0060502258 0671755064 0441790348 0312274920 0312291639 0385505833 0440219078 0375700757
8187,0061009059 0671001795 0312990456 0312265867 0312265859 0312983271 0312265840 0312986343 0312306326 0312195516
8188,0385722206 0142001740 0312195516 0060392452 0316776963 0743418174 0312305060 0804106304 0452282152 014029628X
8201,0446605239 0440222656 0446607657 0446611867 044022165X 042518286X 0373825048 0373825056 0316168815 0786868716
8234,0425154092 0425169863 0425158616 0440226430 044021145X 0446601241 0425147622 0425180638 0446364193 0425163407
8245,014029628X 0440226430 0060928336 0385484518 0440221595 0525946829 0440223202 0440212561 0060976845 0345423291
8250,0064407667 0440221595 0312305060 0553272535 0156027321 0609804138 0061009059 0439136350 0451526341 014029628X
8253,0312195516 0446672211 0452282152 0156027321 0385504209 0140119906 0345337662 0671003755 0385722206 0142001740
8255,0385504209 0312195516 0786868716 0671027360 0316666343 0316096199 0142001430 0452282152 0375726403 0060934417
8284,044023722X 0425180638 0312990456 0425192725 0312966091 0425152251 0553582127 0446612790 0671041789 0440241537
8290,0156027321 0060987103 0380002930 0345342968 0553572997 0060502258 0385336179 0385335482 002542730X 0385722206
8313,0440222656 0060987103 0385486804 0671004107 0440414806 0345370775 044021145X 0060502258 0446605239 002542730X
8314,0743418174 014028009X 0316776963 0312422156 0312291639 031242227X 0316666343 0385335482 0449911519 0385335881
8323,0515131229 051513287X 0515128554 0515126772 0515132020 0373218397 0515128546 0373218400 0515133973 0515121843
8344,3442541751 3150000017 3492045170 3423202327 3423201509 3426029553 325722575X 3257229534 3423202947 3257227809
8362,0440222656 0316569321 0060928336 0375727345 0440226104 0446605239 0316601950 044023722X 0312195516 0380730138
8454,0316776963 0312278586 0375725784 0312291639 038079487X 0375726403 014028009X 0060928336 0060959037 0671027360
8487,0440234743 0385504209 0440241537 044023722X 0061015725 0312995423 0440225701 0671027360 0440224764 0345417623
8529,0446672211 0439139597 043935806X 0439136350 0590353403 0671510053 0440226430 0439136369 0060930535 0446608955
8570,0446310786 0345342968 0316769487 044021145X 0671003755 0671021001 067102423X 0399501487 0060915544 059035342X
8584,0316777722 0142001740 0670892963 0060938455 0553211404 0385504209 0671250671 0374199698 0439425220 0399144463
8590,0452282152 0140298479 038082101X 0312305060 0374172897 0312274920 0375504613 0440108268 0439139600 0385413041
8660,0440211727 0140620184 0345348036 0140620222 0440224764 0671727796 0446606812 0140620109 0140620338 059035342X
8680,0316666343 0312195516 0449005615 0312305060 0142001740 0679781587 0440235596 0156027321 0345443284 0316776963
8681,043935806X 0385504209 0156027321 0060392452 0439139597 0316776963 0385720955 0060938455 0060976241 0060929871
8687,0345337662 0345384466 034538475X 0345351525 0345313860 0345397819 0345409671 0345404319 0446611085 0345369947
8695,0312983271 0425182886 0449003795 0425174018 0312976275 0345339703 0449003787 0441172717 0312966970 0060930535
8734,0446605239 0316666343 0312278586 0316601950 0312282990 0385730586 0375706771 0743418174 0060938455 0345387651
8737,0385504209 0060928336 0312924585 0451169530 0441783589 0345339711 0440206154 0671027360 0345313860 0385508042
8739,0446519138 0553296981 0786868716 0446611867 0385484518 0156027321 0743235150 0553272535 0399501487 0684814994
8782,0385484518 0312966970 0312976275 0061009059 0312966091 0312265859 0312971346 0671001795 0312980140 0312265840
8801,0345417623 0385504209 044023722X 0156027321 0142001740 0316096199 0452282152 0312278586 0671021001 0060502258
8820,0312291639 044023722X 0060977493 0142001740 0060928336 0316776963 0515133973 0452280621 0452260116 0060934417
8844,0375706771 0446672211 0440226430 0385484518 0316666343 0061097101 0060928336 0345339681 0671038184 0446611867
8864,0380789035 0553572997 0061092177 0451169530 0345348036 0380002930 0446604666 044021145X 0061020702 0061057649
8870,0316666343 0156027321 0671027360 0671021001 0316601950 0316096199 044023722X 0375726403 0375727345 0142001740
8872,0446611212 0446610038 0446605484 0446612545 0446364193 0553582143 0440241073 0553582135 0316096199 0446601241
8890,2253063339 2253150711 0446609404 2253057843 2205054252 2070360024 2290311782 2266023039 038572179X 2070406962
8930,0140270590 0070212570 0452282152 0375726403 0385484518 044021145X 0312195516 0060930535 0446675059 0345438329
8935,0440217563 044022425X 0743227441 0380002930 044021145X 0452282152 0385720106 0060915544 0345350499 0425152251
8936,0425154092 0425175405 0425169863 0425180638 0425163407 0425158616 042516098X 0684195984 0452282195 0451166892
8937,0060930535 0142000205 0316899984 0684874350 0312305060 0312195516 0375702709 0060959037 0375707972 0060987103
8955,0345314255 0812511816 0679781587 0345335465 006101351X 0345378482 0812517725 0375700757 0679429220 0385492081
8971,0375706771 0380789035 0425152251 0380789019 0140293248 0385486804 0345361792 0316776963 0441569595 0380002930
9016,0140042598 0312274920 0375504613 0380977788 0452280621 0375725849 0028604199 0451524934 0374172897 0345391829
9029,8408043641 8433969978 8432206407 8445071416 0312924585 8420441708 0679429220 8478884955 8477204055 0156013924
9094,0345370775 0440414806 034540288X 0064400557 043935806X 0439049989 059035342X 0440407524 0064471047 0345339703
9138,0142001740 0679781587 0312305060 0385722206 0316666343 0060958022 0385504209 0312195516 0380731851 0060934417
9139,059035342X 0345370775 043935806X 0380814021 0064400557 0440206154 014131088X 0671041789 0451176464 0553213148
9143,2253063339 0446609404 2253150711 038572179X 2253044903 0345387651 2253057843 2205054252 0804106304 2290311782
9177,0440236673 0440241073 0440234743 0345380371 0060392452 0440220602 0345353145 0440221471 044021145X 044023722X
9183,0345413350 059035342X 0312983824 0060392452 0345339703 0439064872 0316776963 0446532231 0441000916 0312971125
9188,059035342X 0439064872 0439136369 0385492081 0345413350 0439139600 067976402X 0804106304 044022103X 0449223604
9224,0552124753 0425115801 0451169530 0553250426 0425107469 0345353145 0425153975 0425128164 0425132951 0552131075
9226,0385504209 0142001740 0156027321 0671027360 044023722X 0375727345 0440241537 0312305060 0385511612 031242227X
9227,0440234743 0345353145 044023722X 0345354613 0385504209 0440211727 0440221471 0066214122 0440225701 0440241073
9276,0385335482 0140293248 0312278586 0385335881 0449003787 0312291639 0060502258 0140119906 0446672211 0385479565
9289,0312195516 0316666343 0140119906 0142001740 0446520802 0385504209 0446672211 0345337662 0375726403 0156027321
9313,0380814803 0380820846 0671737791 0515107662 0671003593 0515129933 0671744216 051513225X 0380820854 0060001453
9341,3442541751 3150000017 3492045170 3423202327 3423201509 3257229534 3423202947 325722575X 3426029553 3257227809
9343,0671027360 044023722X 0316666343 0142001740 0312195516 0060938455 0312995423 0345413903 0743418174 0060928336
9344,3442541751 3150000017 3492045170 3423202327 3423201509 3257229534 3423202947 325722575X 3426029553 3257227809
9354,0515131229 051513287X 0515126772 0515132020 0515128546 0515128554 0515130389 0440224764 0515121843 0515133973
9357,0451190491 0451190564 0451190572 0451190556 0451163524 0553572997 0061009059 0553268880 0451184963 0451160525
9381,0099771519 0142001740 0684862719 0140293248 0425152251 0552998486 0449005615 0375703861 0552996009 067976402X
9408,0385511612 0385510438 0446605239 0385508042 0316096199 0316769487 0312278586 0671027360 0385337116 0446611867
9414,0099771519 0552998486 0316666343 0446670251 0671021001 0330332775 0552124753 000649840X 0385335482 0330367358
9417,0380002930 0671534734 067164257X 0671534718 0061020710 0679781587 0345342968 0446606189 0671020293 0671534742
9440,0345339681 0842329218 0842329129 0786868716 0399144463 0671708635 0316096199 0679781587 0842329242 0684814994
9454,044023722X 0440226430 0380731851 0446605239 0440225701 0440234743 0440214041 0446606812 0440221471 0446364193
9504,055357258X 0804106304 059035342X 0515130389 0446606812 0515136530 0515132020 0452282152 0449003787 0312995423
9568,0446605239 044023722X 0553578316 0446610399 0061009059 0140293248 0804106304 044922046X 0345438329 0345353145
9571,3442541751 3150000017 3492045170 3423202327 325722575X 3423202947 3426029553 3257227809 3442092981 3404148665
9574,0312966970 0312966091 0312980140 0061009059 0671001795 0312195516 0312265867 0312990456 0312265859 0312306326
9613,0439064872 0441001971 0441005241 0441003745 0515131229 0515132187 0515135062 0515132020 0515128546 0439136369
9660,0380002930 0385484518 0156027321 0440226430 0446605239 0312278586 0440998050 0786868716 0345384466 0316666343
9717,0345370775 0446310786 0440213525 0515131229 0440221471 051513287X 0345342968 0345353145 0515132020 0064400557
9747,0316666343 0440222656 0446606812 0316969443 0385503822 0446610399 0316969680 0385484518 0439064872 0446605239
9806,0060392452 0671027360 0452282152 0316777730 0440220602 0375725784 0060987049 0671755064 0449911519 0156027321
9850,2253063339 2253150711 2253044903 2070360024 2266023039 2290311782 2253057843 2205054252 2070408507 2253005274
9856,0316666343 059035342X 0440234743 0553580221 0439064872 0440241073 0441003257 0385479565 0316096199 0345337662
9908,0439064872 0439139597 0439064864 0439136350 0345339681 0590353403 0842329129 0451166892 0842329242 0671744216
9974,0345353145 0345370775 0345378490 0345417623 0345380371 0345391055 0440220602 0345354621 034540288X 0345402871
10030,0385486804 044021145X 0671867113 0671793489 0671758896 0446359866 0553572997 0441172717 0671867091 0380977788
10067,0099771519 0330367358 000649840X 0330332775 0552996009 0749395990 0452264464 0440206154 0552124753 0671510053
10118,0385504209 0316096199 0446605239 0060392452 059035342X 0439064872 0156027321 0312278586 0440211263 0399144463
10199,0385504209 0060934417 0312305060 0385722206 0312195516 0330332775 0552998001 038572179X 000649840X 0142001805
10241,067976402X 0553572997 0671003755 0316666343 0316284955 0452282152 0446310786 0060929871 0345391802 0345342968
10314,0316666343 0375727345 0375726403 0060928336 0671038184 0446672211 0060934417 0375706771 0316096199 0449907481
10315,0439064864 0590353403 0553274295 0064400557 0064400034 0312291639 0440414806 0064400042 0439139597 0380702843
10354,0345370775 0451167317 0440222656 0451172817 0671041789 0451161351 0451155750 0451161343 0375725784 0345342968
10447,0060959037 0060930535 0312195516 0671003755 0375726403 0312305060 0452282829 0316601950 0060934417 0446675059
10512,0440241073 0440241537 0446310786 0440224764 0385498802 0385492081 006101351X 044022165X 0446607657 0440221471
10532,0140298479 0316601950 0142004235 0609804138 0316777722 0451156609 0446603589 0380731851 0316789089 0517122707
10546,3442541751 3492045170 3423201509 3423202327 3150000017 325722575X 3257229534 3423202947 3257227809 3426029553
10560,0671027360 0345350499 0441304834 0441008534 0441009239 0385505833 0441001971 0765342987 0441000916 0345404319
10570,044023722X 0345417623 0618002219 0345350685 0446672211 0385472951 0440241537 0440221471 0345353145 044022165X
10571,0679723161 0060929871 0451523377 0316666343 0345417623 0345337662 0380778556 0375725849 0399501487 034538475X
10590,0345339703 0446310786 0439136350 0439064864 0451526341 0590353403 0684874350 0345339738 0440237688 0140293248
10607,0385504209 0452282152 0142001740 0312305060 0312195516 0142001430 0452283205 0060934417 0671027360 044023722X
10619,0375706771 0060928336 0060976845 0446672211 0140298479 0671021001 0140293248 0380730138 0375727345 0312195516
10660,0316666343 0316096199 0552998001 0156027321 0330332775 0099747200 0312274920 0099521016 0330262130 0553279378
10668,0425107469 0316666343 0671695126 0312291639 0671670689 0671695169 0553580221 067164257X 0671534718 0671020293
10681,0375725784 0060987103 0060934417 0425180638 0385720955 0060921145 0060915544 0060959037 0375703861 044023722X
10699,0316666343 0446611212 0446612790 0446605239 0380018179 0446610038 0446605484 0609804138 0312966970 0786881852
10750,0786881852 0449219364 0805063897 0449221490 0618002227 0679429220 0385729332 0425175405 0060938455 0064407675
10819,0345417623 0553279912 0345438329 0440234743 0449003795 0446605239 0446394521 0140293248 0515130389 0345303067
10836,0440234743 0670892963 0375700757 0440214041 0061009059 0345413369 059035342X 0446364193 0440236673 0671617028
10875,0140293248 0312278586 0060977493 880781210X 006101351X 0385335482 8806143042 8806166484 8845215989 8845237303
10917,0099771519 000649840X 0590660543 0349101779 0330332775 0316096199 0552124753 0552996009 0330375253 0552996181
10927,0446672211 0060391626 0312278586 0062502182 0316601950 0449212602 0375706771 0671021001 0671003755 0316666343
10946,014028009X 0312983271 0440236673 044023722X 0449003787 0440235596 044651652X 0446608955 0440241073 031298328X
10949,044021145X 0380718340 0345380371 0440214041 0425175405 0425169863 0345353145 0425154092 0425163407 0380710218
10965,0316769487 0451163966 0451524934 0380002930 0441172717 0345342968 0552137030 0345361792 0440180295 0380789019
10985,0385504209 0385510438 0316603570 0156027321 0671027360 0375726403 0385508042 0385511612 0312263120 0316666343
11070,0385504209 0446672211 0375727345 0312195516 0452282829 0060928336 0375706771 0375707972 0380730138 0452282152
11120,0316666343 0385498802 0440223202 0142001430 0060958022 0670030643 0156027321 002542730X 0451203771 014029628X
11172,3442541751 3150000017 3492045170 3423202327 3423201509 3257229534 325722575X 3426029553 3423202947 3257227809
11179,0316284955 0345342968 0060930535 0679746048 0060392452 0679781587 0375703861 0446532231 0385720955 0316666343
11192,3442541751 3150000017 3423202327 3492045170 3257229534 3423201509 3423202947 059035342X 325722575X 3257227809
11198,3442541751 3150000017 3492045170 3423202327 3423201509 3426029553 3257229534 325722575X 3423202947 3442092981
11201,0449005615 0060930535 0316601950 0312305060 0142001740 0385722206 0671510053 0060915544 0060976845 0553273914
11206,0446672211 0679781587 0385265700 0345443284 068484477X 0060930535 0142000205 0316569321 0671510053 0425167313
11224,044023722X 0440211727 0440213525 0671003755 0385505833 0440214041 0060976845 0440236673 0440241073 0316096199
11231,0684872153 0553561618 044023722X 0375703861 0553571885 059035342X 042516098X 067976402X 0345370775 0380814803
11245,0440234743 0671027360 044023722X 0440241073 0385504209 0446607657 0440220602 0345417623 034541389X 0446610038
11260,0451184963 0380789035 0399501487 0451160525 0446611212 0670880728 0451169522 0446612545 0553579754 0060916508
11279,0345350499 0345384466 034538475X 0671027360 0345351525 0553573403 0380789019 0765342987 0345313860 0425181685
11325,0446310786 0451526341 034540288X 0316769487 0345348036 0553274295 0345380371 0425152251 0452282152 0440211727
11362,0515131229 051513287X 0515132020 0385484518 006101351X 0515130389 0515128554 0446672211 0684874350 051512608X
11399,0316666343 0142001740 0156027321 0385504209 0679781587 0060976845 0804106304 0452282152 0671003755 0345417623
11400,0142001740 0452282152 0316666343 0385504209 0060938455 0316776963 0671003755 0375726403 0156027321 0446672211
11435,0553296981 0345342968 0399501487 0446310786 044021145X 0684801523 0671003755 0440220602 0553280414 0316284955
11451,0345337662 0452282152 0060930535 0312282990 0312421273 0375705856 014025448X 0316776963 0440241537 0060928336
11456,0385486804 006101351X 0440220602 0345417623 0399149155 043936213X 0440212561 0312265859 014025448X 0446359866
11464,0553213148 0064405842 0440220653 014029628X 055321313X 0440414806 0446672211 0380814021 0440401585 0394820371
11517,0385504209 0316666343 0452282152 0312195516 0316776963 0060929871 0393319296 0385498721 0060938455 0671027360
11521,0553572997 0060934417 0345370775 0385504209 0385722206 0060921145 0375725784 044021145X 0380002930 0060930535
11529,0316666343 0385484518 0452282152 0345353145 0345417623 0679745203 0452282829 044023722X 080410753X 014029628X
11532,044651652X 0446527033 0440236991 0399149155 0440184053 0385332963 0385503822 0385508042 0440221315 0440213282
11590,0440220653 0380698714 0060935464 0380814021 0590494465 0060987529 0399144463 0060987103 0312195516 0064401847
11601,0375707972 0440226430 0316601950 034536676X 0451526341 067088300X 0345392825 0553272535 0449907481 0385730586
11621,0142001740 0060938455 0385504209 0786868716 0385503822 0440236703 0316666009 0140298479 0375727345 0345313860
11629,059035342X 0439064872 0440215625 0440212561 043935806X 0439136369 0440217563 0425169863 0345339681 0439139600
11638,0312305060 0142001740 0060921145 038572179X 0060934417 0679781587 039592720X 0060959037 0060977493 031242227X
11639,006101351X 0312278586 0316666343 044651862X 0385484518 0446672211 0684848783 0385492081 0553213148 0312243022
11657,0385498802 0375707972 0345361792 0060930535 0609804138 0312291639 044022165X 0345439104 0446532231 067088300X
11676,0553250426 0451208765 0446603929 0440213991 0066238501 0451208862 068484267X 0671776134 0877733759 0373710992
11687,0062502182 0679429220 0385484518 0060915544 0380012863 0060199652 0452264464 0140119906 0671510053 0345361792
11690,3442541751 3150000017 3492045170 3423202327 3423201509 3257229534 325722575X 3423202947 3426029553 3257227809
11708,0316666343 0446672211 0375726403 0385504209 0060959037 0142001740 0060934417 0743418174 0375727345 0316284955
11709,044021145X 0316284955 0316769487 0440226430 0440213525 038550120X 0345348036 0671568175 0671758896 0312966806
11718,014029628X 0385722206 0142001430 0452282152 0142001740 0312305060 067088300X 0375700757 0060915544 0312291639
11724,0515095826 0515090506 051510566X 0515087947 0515132268 0515127396 0446672211 0385484518 0449219461 044651652X
11776,0552124753 0330332775 0552137030 0552131067 0552996009 000649840X 0552998001 0099771519 0552128481 0552131059
11788,0345378490 0345380371 0345378482 0345417623 0345391055 0345402871 0312924585 044022165X 0345354621 0440206154
11795,0345417623 0156027321 0385486804 0312924585 0345370775 0345342968 0451524934 0316769487 0345339681 0316776963
11805,0440122090 0671038184 0440226104 0316601950 0671793489 0425162443 0671880314 0440213525 0553273914 0385720106
11817,0345313860 0345337662 0140298479 0345351525 0142001740 0345384466 034538475X 044651862X 0345439104 0394587863
11832,0142001740 044021145X 0440234743 044023722X 0345417623 0440241073 0425175405 067976402X 044022165X 0062502182
11916,0439064872 0439136350 0439064864 0439139600 0439139597 0590353403 043935806X 0060977493 0345339703 0345342968
11924,0316666343 0316769487 0671021001 0375707972 0446310786 0451526341 0375706771 0345387651 038529929X 0671727796
11944,034540288X 0345337662 0345417623 0449212602 0553250426 0553250531 0345339738 0345339703 0345353145 0590353403
11974,3150000017 3442541751 3492045170 3423202327 059035342X 3423202947 3423201509 325722575X 3257229534 3257227809
11993,0064471047 0060502258 0380018179 0440234743 044021145X 0064400557 0064471101 0312966970 0061009059 0312976275
12035,0345370775 0553296981 034540288X 0553573136 0440998050 0448095017 0553250426 0345342968 0385484518 0345417623
12100,0345443284 0452264464 0140067477 0345350499 0440180295 0140042598 0316666343 0385505833 0156027321 0375727345
12112,0439064872 059035342X 0439139600 0440206154 043935806X 0439136350 0345342968 0439139597 0345337662 0345339703
12122,0385504209 0156027321 0671027360 0060930535 0671021001 0316666343 0452282152 0440241537 0446532231 0440220602
12123,0316666343 0312278586 0375726403 0156027321 0743418174 0375725784 0385504209 0786868716 0312422156 0142001430
12137,0375727345 0375706771 0142000205 0060928336 0452282829 0375702709 0380730138 0385720106 0375707972 0671003755
12143,050552354X 0312979983 051513628X 0060513640 0515135216 0671027573 0505524090 0505523892 0505523752 0425148297
12154,0060928336 0446672211 0316666343 0316601950 0440226430 0142000205 0060930535 0671003755 0312195516 0316096199
12189,0441172695 0515131229 0441104029 8408043641 0441294677 0441172717 0345342968 8445071416 0553580272 051513287X
12194,0345313860 0345351525 0345384466 034538475X 0345404319 0345397819 0345409671 0679441018 0375401601 044651652X
12202,0385335482 0446672211 0609804138 0671021001 014028009X 0385730586 0380814021 0385335881 067088300X 0060930535
12209,0060928336 0316666343 059035342X 0385504209 0375700757 0786868716 0156027321 0345443284 0446672211 0140067477
12246,3442541751 3150000017 3423201509 3423202327 3492045170 3257229534 325722575X 3423202947 3426029553 3442092981
12272,0345339681 0099771519 0345339711 0385504209 0345339703 0446310786 0440206154 0140620222 0552124753 0380727501
12282,0312282990 006101351X 0679429220 0316776963 0060977493 0375725784 0380002930 0312421273 0671250671 0679731148
12316,0142001740 0316601950 0060987561 0375727345 014028009X 0060934417 0385335482 0060928336 0060976845 014029628X
12330,0345337662 034538475X 0345384466 0345313860 0440224675 0345404319 0345351525 0345397819 0440206154 0345369947
12331,0452282152 0142001740 0312195516 0312305060 044023722X 0142001430 0679781587 0553280341 0156027321 014029628X
12348,0385504209 0316666343 0060938455 0671027360 0156027321 0060934417 0446612790 031242227X 0446532231 044023722X
12362,0446610038 0446612790 0446607657 0446611085 0446608815 0449003795 0446611212 0440241537 0446364193 0446605484
12387,0060928336 0316284955 0671021001 0679746048 0385498802 0425167313 0440226430 0060976845 0671003755 0385504209
12388,0553277472 0380789035 067976402X 0316779423 0060958022 0316777722 0441790348 0671510053 0062502182 0671004107
12457,0375727345 0060928336 0316666343 0440226430 0060987561 0385265700 0671021001 0345443284 0385505833 0452282829
12512,0156027321 0316776963 0312422156 0142001430 0316096199 0385512104 0743227441 0060934417 0449911519 0553273914
12515,0515128554 0373484003 051513628X 0312983271 0373218397 0515126772 0380820854 0515124214 0515136530 0671027573
12537,059035342X 0440220653 0385486804 0385484518 0380814021 0446608955 0064472272 0440998050 0064405176 0440407524
12538,0316666343 0446672211 0312278586 0440998050 0345413350 0316284955 0345337662 0689817851 0440241073 0440498058
12569,0440226430 0140293248 0515135062 0446607657 0671014196 0312983271 0345337662 0446608815 0671036505 0156027321
12576,0140620222 0099771519 0140620338 043935806X 0140620427 0140620109 0440211727 0316769487 0425152251 0316569321
12614,0345350499 0679746048 0440226104 0385505833 0380730138 0060928336 0971880107 0446605239 0375727345 038550120X
12619,0446672211 044023722X 0060928336 0671021001 0440234743 0316666343 067976402X 0385504209 0312195516 0060930535
12641,0671027360 0061015725 0385504209 0440241073 0345417623 0449003795 0446610038 0425192725 0446612545 0440241537
12650,0385492081 0446672211 0671510053 0439064864 0345361792 0446516538 0553274503 014025448X 0439136350 0440498058
12657,0385504209 0451163966 0439064872 0345380371 0446672211 0671027360 0425152251 0439136369 0385492081 0425169863
12685,0440241073 044022165X 0440224764 0440221471 0440236673 044023722X 044021145X 0440241537 0440220602 0440225701
12698,0440214041 0440222656 0440213525 0440211727 044022165X 044023722X 0440221471 0375707972 0440220602 0446672211
12702,0440212561 0440215625 0375700757 0440217563 0312195516 0375707972 0679429220 0385484518 0446611085 0679781587
12707,0316666343 0060928336 0684872153 0375727345 0440224675 0060987561 0679781587 0375707972 0316096199 0385265700
12734,0312282990 0375726403 068484477X 0375412530 0060934417 0374129983 0385504209 0679781587 0312195516 0671027360
12754,0449212602 0316666343 0156027321 0312979096 0312983271 0440998050 0312195516 0679745203 0345413903 0060502258
12756,0345369947 0743227441 0452284449 0679745203 0140298479 0609610597 0394587863 0671027360 034538475X 0060921145
12780,0312195516 0385504209 0671027360 0142001805 0345313860 055321313X 0312422156 0312282990 0061044431 068484267X
12784,0316693006 0385503822 0385508042 0312278586 0316666009 0316693200 0316693235 0446531332 0316569321 0385511612
12811,0312195516 0142001740 0060959037 0060934417 0385722206 059035342X 0060915544 0679781587 0060976845 0060930535
12824,059035342X 0439139600 0375725784 0679781587 0440222656 0451169530 0451170385 0312924585 0440236673 0345314255
12828,0060392452 0440211727 0440224764 0413537900 044023722X 0425154092 0345353145 0440241073 0451183665 0345378490
12835,3442541751 3492045170 3423201509 3423202327 3423202947 3426029553 325722575X 3442092981 3257227809 3404148665
12854,8408043641 8432206407 8445071416 0312924585 8433969978 8420616893 0312291639 8478884955 8477204055 0151008116
12863,0446310786 0345391810 0345342968 0553572997 0380002930 0060929871 0425152251 0380789035 044651652X 0345391837
12917,0316666343 0142000205 0345443284 0446672211 0671003755 0316769487 0671021001 0446364193 0440226430 0440213525
12945,0385335881 0440219078 0373250126 0385336179 0446608955 0440180295 0064400557 0312278586 0385335482 0553296981
12951,0375727345 0380730138 0142000205 0385265700 0060928336 0316601950 0375707972 0060959037 0385505833 0385720106
12981,0446610399 0439136350 0446606812 0439064864 8408043641 0028604199 0515131229 0446605239 043935806X 0399144463
12982,0440220602 0312924585 0679723161 0380753022 0380753006 044022165X 0060929871 0380756285 0679745203 0380899825
12990,0345353145 0449219364 0345380371 0553279912 0345370775 0345417623 0449219461 0553284789 0345378482 0449223612
13032,3442541751 3150000017 3492045170 3423201509 3423202327 3426029553 3257229534 325722575X 3423202947 3442092981
13051,0316569321 0156027321 0385505833 043935806X 0060248025 0345350499 0060391626 0316690619 0786881852 0375756981
13060,042510107X 0425116840 0425083837 0425180964 0425109720 0345417623 0425122123 0425170349 0440221471 0425158632
13080,0380789019 0671027360 0375725784 0385504209 0446364193 0061015725 0425158640 0060938455 0062502182 0345339681
13082,0312291639 0439136350 0439064864 0316769487 0590353403 0345339681 0439139597 059035342X 0380731851 0345353145
13093,0375706771 0671003755 0375700757 0060930535 038079487X 0140293248 0312924585 0440212561 0316769487 0452260116
13094,0345339681 0345350499 0060502258 0060976845 0142001740 0345314255 0804106304 0345347536 0345384466 0385504209
13126,0312278586 0316666343 0747538484 0747532745 0452282829 0345443284 0446610399 0316601950 044651862X 0099279274
13164,0804106304 0142001740 0671011367 044022165X 0061009059 0316182540 0452283442 0425154092 0380718340 0399145087
13173,0385504209 0060392452 0156027321 043935806X 0060938455 0312995423 0671027387 0316777730 0375725784 0345339681
13215,0385504209 3442541751 3492045170 3150000017 3423202327 3423201509 3257227809 3257229534 325722575X 3423202947
13221,0345361792 0060959037 067976402X 044023722X 0743237188 0446672211 0440241073 0679781587 0060915544 0312291639
13223,0553250531 0553250426 0553280945 0679429220 0375700757 0609610597 0684874350 0312195516 0345337662 0345417623
13268,044651652X 0553296981 0345301110 0345443284 0451191145 0446672211 0671042572 0684834723 0446363251 0446610399
13273,0142001740 0671510053 0312265859 0452282152 0060976845 0345443284 0375727345 067976402X 0312265840 038550120X
13279,0142001740 0156027321 0452282152 0375726403 0385722206 0316666343 0060934417 0151008116 0375727345 0312195516
13280,0679781587 0142001740 0385505833 0385484518 0345387651 0316666343 0440211727 0312195516 0060930535 038550120X
13331,0441172717 0671027360 0553560735 0671027387 0446667900 0441172695 0380789035 0425179885 0312282990 0345342968
13347,8433969978 8432206407 8445071416 0156013924 8477204055 8478884955 8420616893 8420441708 8478886451 8466307125
13491,3442541751 3492045170 3150000017 3423202327 3423201509 3426029553 3257229534 3423202947 325722575X 3257227809
13518,0440213525 0440234743 0451172817 059035342X 0451137965 0385504209 0440220602 0440214041 0345380371 044022165X
13551,0385490992 0440234743 0385508042 0316789089 0385497466 0385498802 0385424728 0385511612 038542471X 038533334X
13552,0440226430 051513287X 0446605239 0140293248 0515120006 0515130389 0440193613 0440217547 051512608X 0345384369
13582,0345337662 0345313860 034538475X 0345351525 0312195516 059035342X 0345422384 0060928336 0060930535 0446672211
13600,0553582127 0399149155 0449223612 0316666343 0440236703 0671011367 0553279912 0451526341 0671023616 0553284789
13604,0399143947 0399145087 0399146253 0425175405 0399150897 0380718340 0385508042 0399149155 0399142282 0385424728
13607,0345350499 0345314255 0609610597 0345347536 0345335465 0553573403 0553572997 043935806X 0345335511 0590353403
13664,0312195516 0671027360 0446605239 0671011367 0440206154 0440211727 0385504209 0380718332 0345413903 0425180638
13666,0671027360 0385504209 0061015725 0446611638 043935806X 0440241073 0345452569 0446612790 0312983298 0446613266
13668,0804106304 0345370775 0345339495 0345369335 074343627X 034536676X 0345368991 0671021001 0345337662 0316601950
13682,0345350499 0553573403 0345335511 0345335708 0618129022 0812551478 0345335651 0345347536 0812548051 043935806X
13709,0440222656 0452282152 006101351X 0446611867 0060928336 0446606812 0345370775 0446608955 034540288X 0385474016
13716,0842329218 0842329129 0842329242 0842329250 0439064872 0842329277 0842332251 084232920X 0842329285 0842329161
13733,0553280341 0553279912 0345313860 0553279556 0345337662 0553271636 034538475X 0553284789 0449223612 0449221512
13799,0345313860 0399501487 0316769487 0451526341 0671003755 0441003257 0553280414 0375707972 0140481389 0440180295
13850,0743418174 0446677450 0553272535 0142001740 0345353145 0140042598 0449911519 0449221482 031205436X 0446610038
13872,8408043641 8433969978 8432206407 8445071416 8478884955 8477204055 8478886451 8420616893 0156013924 0439064864
13873,0316666343 0316769487 0743418174 0440220602 0060929871 0440221471 0812550706 0399501487 0679735771 0671021001
13896,0316769487 0441172717 0451524934 0345342968 0399501487 0345337662 0345313860 0812550706 0553580272 0060929871
13935,0345380371 0345353145 0345417623 044023722X 034540288X 0440220602 0440234743 044022165X 0440236673 0440211727
13973,0446672211 0060928336 0316666343 0446608955 0671003755 0440211263 0312195516 0316601950 0385335482 0440226430
13995,0151008116 067976402X 0425152251 0671510053 0142000205 0679746048 0671003755 0060502258 0140293248 0156027321
14007,0060938455 0440241073 044023722X 0440225701 031242227X 0804106304 0061009059 0060976845 0446677450 0449003787
14049,0060930535 0375707972 0385265700 0446672211 0440226430 0452282152 0345439104 067976402X 068484267X 0375727345
14060,0385504209 0099771519 0399501487 0345351525 0142001740 0140276904 0671027360 0671011367 044661193X 0553573136
14079,0140298479 8408043641 0440224675 8445071416 0375725849 8432206407 0316666343 8433969978 038082101X 0312924585
14087,0380789035 0380789019 0399501487 0385492081 0060987103 0345342968 0441790348 0345361792 044661193X 0375725784
14116,0380789035 0345378482 0345339681 0441790348 0441003257 0812517725 0061020710 0553260111 0061020699 0345342968
14164,0312983271 0345370775 0440224675 0060502258 0312983867 0345361792 031298328X 0375703861 0312306326 0312971346
14173,0316601950 0440212561 0312195516 0440217563 0385503822 0345436911 0345313860 0345337662 0345351525 034538475X
14180,0345370775 0345380371 0345378490 0345391055 0345378482 034540288X 0345417623 0440211727 0425109720 0345402871
14201,0452282152 0671021001 0671510053 067976402X 0385498802 0385265700 0380789035 0156027321 0440223202 0451166892
14232,2253063339 2253150711 2253044903 2070360024 2266023039 2290311782 2205054252 2253057843 2070408507 2253005274
14267,0060987103 0345313860 0440211263 0062502182 0553572997 0786868716 0380789019 0140298479 0385505833 0380002930
14271,0440211727 0440224853 0440226430 051511992X 0446605239 0440236703 0440217547 044651652X 0553264079 044022165X
14281,0316776963 0375726403 0385504209 0312305060 0345438329 0385722206 0375412530 0345339681 0060958022 0142001740
14316,0060928336 044023722X 0316284955 0679781587 0060959037 0452282152 014028009X 0060976845 0375703055 0060930535
14320,0446672211 044021145X 034536676X 044651652X 0679746048 0440224764 0446310786 0743422910 0553212583 0446606189
14336,067976402X 0345313860 0345337662 034538475X 0553208845 0345351525 0156027321 0060938455 0452282152 0375725784
14374,0060928336 0060959037 006101351X 0375700757 0452282829 0440236673 014029628X 0345380371 0449003787 0142001740
14387,0316666343 067976402X 0671021001 0684872153 044021145X 0446310786 0142000205 0156027321 0440211727 0684865742
14392,0451524934 0440180295 0385720920 0385498721 0385504209 0060929871 0385722192 0553272535 0316777730 0060392452
14393,0440241073 0440234743 0425177173 0440220602 0440241537 0425180964 0385492081 0425147584 0425143325 0440225701
14422,0440211727 0440222656 0060173289 0385484518 014029628X 0671021001 0446675059 0375700757 0060502258 0312924585
14423,0060391626 0385265700 0743418174 0446672211 0142000205 0425167313 0312278586 0440226430 0375726403 014028009X
14449,0446672211 0316601950 0060959037 044651862X 068484477X 0671510053 044651652X 068484267X 0671003755 0679751521
14451,0684848783 0345387651 0671727796 0804106304 0684872153 0671510053 0446606812 0743225406 0452264464 0446519138
14456,0590353403 043935806X 0345384466 0836204387 0345351525 0060928336 0446310786 0345337662 0440206154 0451526341
14461,3442541751 3150000017 3492045170 3423201509 3423202327 3257229534 325722575X 3423202947 3426029553 3404148665
14517,0380789019 0345413350 0812550706 043935806X 0439136369 0380813815 0380789035 0345413377 0446612545 0812522397
14521,044021145X 0446605239 044022165X 0345380371 034540288X 0671027360 0440220602 0440214041 0399501487 0060392452
14541,8408043641 8445071416 8432206407 8433969978 8477204055 8478884955 0312924585 8420616893 0140298479 8478886451
14562,0671510053 055357258X 0671250671 0446363251 0449005615 0441790348 0449002632 0440224705 0446606189 0064408639
14573,0312278586 0064472795 0439139597 043935806X 0345370775 0440220653 0446605239 0380814021 034540288X 0316769487
14638,0553250426 0380002930 0671670689 038549081X 0553271636 0380018179 0553280341 0446363251 0060192119 0553250531
14643,0440234743 059035342X 0553560719 0553296124 055329802X 0553564927 0439136369 0553568728 0439139600 0440213525
14667,0385508042 0316666343 0385503822 0316969680 0316693006 0385511612 0671027360 0316693235 0399150897 0316603570
14683,0345350499 0142001740 043935806X 0679745203 0345384466 0439139600 0140298479 0618129022 0380718340 0553572997
14698,0316666343 0064407667 0446670111 0441003257 0671693816 0446394521 0385335482 0375727345 039914465X 042518286X
14744,0553582763 0553582747 051513287X 044023722X 0425107469 0425153975 0425128164 0345386108 0446610038 0345384369
14768,0671021001 0446672211 0316769487 0312195516 0060928336 014028009X 0440226430 0385504209 0060392452 0446310786
14808,0345342968 0312291639 0316769487 0385335482 0380002930 0425152251 014100018X 0446670251 0446610038 0679745203
14897,059035342X 0439064872 0439136369 0312195516 0439136350 043935806X 0439139597 0439064864 0385504209 044651652X
14914,0316666343 0393317552 0684872153 0671041789 0312291639 0380789019 0345391055 0380002930 0066214122 0449907481
14945,0140293248 0312278586 8806143042 014028009X 0312422156 880781210X 0385335482 8845237303 0440226430 8845215989
14958,8408043641 8445071416 8433969978 0312924585 8478884955 8477204055 8420616893 0142001740 8466307125 8423310353
14965,0385492081 0375700757 0316666343 0060928336 0385484518 0316601950 0399501487 044651862X 0553272535 0061096113
14998,0345335465 0553560735 0452279178 0345323440 051513287X 034540288X 0553287893 0425143325 0345333926 0441104029
15008,0060502258 0375727345 067102423X 0553375407 0440234743 0375706771 044651652X 0446310786 0345348036 0345391802
15021,0345417623 0440234743 044023722X 0380731851 0440224675 0440236673 0345380371 0451206525 0440206154 0345348036
15040,002542730X 0451524934 0380977788 0425152251 0316666343 0345417623 0156012197 0679745203 0151008116 0375725849
15046,0451156609 0451160525 0451167317 0451172817 0451184963 0451188462 0451176464 0440206154 0380789035 0380789019
15049,059035342X 0345370775 0446605239 0439064872 0312195516 0440222656 084232920X 0842329161 0786868716 0440212561
15053,0446672211 0316601950 0449212602 0553572997 0060391626 0446610038 0062502182 0375706771 0345417623 0446601241
15076,0399145087 0316969680 0425147622 0385490992 0316693235 0671250671 0446601241 0425154092 0316666009 0446527033
15081,0440211727 0440213525 044021145X 044022165X 0440220602 0440224764 0440234743 0345370775 0345380371 0440222656
15093,044022165X 0440214041 0440213525 0440221471 0440224764 0440211727 0440220602 0345380371 0440212561 0446359866
15135,0345361792 0140254544 0345313860 0385484518 0399144463 0385504209 0441569595 006101351X 0060502258 0070212570
15144,0385510438 0399150897 0440206154 0425121631 0312265867 0425168298 0316602906 0425147622 0316693006 0425182878
15150,8408043641 8445071416 8432206407 0312924585 8433969978 8478884955 8477204055 8478886451 0452282152 8425337690
15185,0060929871 0312924585 0451524934 0399501487 0451526341 0345342968 0440224675 0684801523 0446310786 0393312836
15208,044651652X 0385484518 0345361792 0316601950 0385720106 0553572997 0385486804 006101351X 014025448X 0440226104
15213,0515131229 0515132020 051513287X 0515130389 0515126772 0515135062 0515128546 0515128554 0515121843 051512317X
15230,0440180295 0553279378 0671004107 0451526341 0345378482 0440224764 0312291639 006099486X 0440241413 0441790348
15371,044651652X 059035342X 0679429220 0345361792 0439064872 0684872153 0439139600 0439136369 3442541751 3150000017
15408,0385484518 0399144463 0553272535 0385504209 0670892963 0060938455 0671250671 0446670111 0786881852 0316777730
15418,0375706771 0439136350 0439064864 0316601950 0439139597 0312983271 0618002227 0380789035 0060929871 0380977788
15421,0446310786 0316769487 0312976275 0312966970 0440206154 0312966091 0312990456 0671510053 0061097314 0312971346
15452,0345348036 0671510053 0446310786 0375700757 0380002930 0156528207 0345337662 0446606189 0316769487 044651652X
15497,0385335482 0140298479 0385336179 0446605239 0060928336 014028009X 0312291639 0446672211 0060096195 0446670251
15500,0060976845 0446672211 0060930535 0316601950 0679429220 0375727345 0679746048 0316569321 0553582755 014028009X
15542,8408043641 044021145X 8432206407 8445071416 0151008116 0553274503 8433969978 0440213525 0440211263 0671003755
15589,2253063339 2253150711 2253044903 2070360024 2266023039 2290311782 2205054252 2253152846 2253005274 2253057843
15602,0060928336 0156027321 0312422156 0671027360 0060938455 0446670251 0743418174 014028009X 0140293248 0316769487
15651,0440213525 0440211727 0345339681 0440214041 0316666343 0439064872 059035342X 044021145X 0440221471 0842329242
15654,0671004107 0451191145 0060392452 031205436X 0451524934 0385492081 0553375407 0140042598 0316769487 0385720920
15670,0440498058 0312278586 0441790348 002542730X 0385504209 0425144429 0380977788 0385507593 0449212602 0671027360
15673,0140293248 0385335482 0312278586 014028009X 8806143042 880781210X 0312422156 8845215989 006101351X 8845237303
15819,0671004530 0345384466 0312195516 0345337662 0515132268 0385504209 0515095826 0345351525 0515090174 0515132020
15834,0446607657 0425180638 0440212561 0446364193 043935806X 0060502258 0440414806 0446611085 0446606189 0385503822
15845,0142001740 0385504209 0452282152 0060928336 0375726403 0316666343 0312195516 0060930535 0156027321 0316601950
15918,0060938455 0330332775 0099387913 0552996009 0446532231 0142001740 0425175405 0590660543 0440206154 0552137030
15922,2253063339 2253150711 2253044903 2290311782 2266023039 2070408507 2070360024 2253057843 2205054252 2253005274
15936,0345413903 0380731851 034541389X 0425178765 0345413881 0440241073 0671011367 0399150897 0553578022 0451188454
15945,0062502182 0385722206 0345348036 0380789035 0449212602 0060175966 0316776963 0684874350 0449911519 0440180295
15957,0385335881 0451190521 0451190572 0451190556 0312278586 0684801523 0451160525 0140298479 0451172817 0451163524
15962,0451172817 0671041789 0345342968 0451169514 0440206154 0345370775 0425152251 0345285549 0345314255 0451176464
15964,0440414806 0375700757 0385486804 0449003795 0142001740 0156027321 0449005615 0316776963 014034294X 031298328X
15997,0385486804 0385720106 0060175400 0316569321 0553375407 0330332775 0553572997 0452282829 0142000205 038082101X
16005,034540288X 0394820371 0345370775 014025448X 0671510053 0440221471 0609804138 0345439104 044022165X 067976402X
16009,0385335482 0316666343 0156027321 0385504209 044023722X 0671027360 0316096199 0375725784 0743418174 0439064872
16010,0449223612 044023722X 0449219364 0449219461 0553280341 0449003795 0553284789 0553271636 0449221504 0449003787
16034,0446612545 0446611212 0446610038 0425180638 0553578693 0446611808 0449003795 0446605484 0399150897 0425175405
16036,0425152251 014028009X 0446310786 044651652X 0446670251 0060976845 0679746048 0060928336 0385335482 0385486804
16046,0142001740 0553375407 0446605239 0345370775 0786881852 059035342X 0452282829 080410526X 0446606812 0316781142
16086,0515120456 0552998486 0425152251 0140071814 0446670251 0553566040 0140298479 0061009059 0099771519 0375706771
16106,0140293248 0060930535 038572179X 0345438329 0142001430 0449005615 0156027321 0385335482 0441003257 0312422156
16110,0312278586 0316666343 0060934417 0316096199 0446672211 0345443284 0316601950 0061097101 038079487X 0316969443
16121,0060928336 0140293248 0385335881 0316601950 0141000198 0385336179 0312291639 0671021001 0142001740 014028009X
16137,0380789035 0312990456 0345350499 0345338588 0446677450 0439136369 0441003257 044661193X 0345342968 0066214122
16141,0060928336 044023722X 0060930535 0060976845 0452282829 0060987103 0060915544 0452282152 0345443284 0345361792
16155,0345387651 0380718332 0425169863 0684874350 0786881852 0425163407 0679781587 0446364193 0425180638 0385484518
16161,0804106304 0316666343 0060958022 068483376X 0060502258 0553280341 0375703861 0142000205 0552998486 0156027321
16213,044023722X 0375700757 0060959037 0375702709 0452282152 0679781587 0767900383 0375705856 0156005891 0425192725
16220,006101351X 0440226430 002542730X 0385479565 0671510053 0385335482 0156012197 0140293248 0440235596 0451203771
16231,0312278586 059035342X 0446605239 0446606812 0060976845 0439064872 0385335881 0060928336 014028009X 0060502258
16237,0385504209 0345417623 0671027360 0316666343 0440213525 0671027387 0671021001 0345378482 0312278586 0156027321
16244,0345417623 0441172717 0553560735 0425109720 0345380371 0441569595 0345435249 0553260111 044021145X 0553287893
16246,0345380371 0345391055 0446364193 044022165X 0440224675 0345361792 0684872153 0440221471 0140293248 0312291639
16258,0684874350 044021145X 0671617028 0440224764 044022165X 014038572X 0440214041 0380001411 0446672211 0671708635
16263,0553268880 0375706771 0446672211 0060928336 0385720106 0449212602 0440226104 0345427637 0446310786 0070212570
16319,044023722X 0440241073 0671027360 0312995423 0671027387 0440241537 0385504209 0440234743 0440236673 0446612790
16379,0142004235 0446532231 031242227X 0684874350 0671693816 0452260116 0060930535 0142001740 0345337662 0060934417
16383,0099771519 0330332775 0552124753 0552998486 0552998001 0552137030 0552996009 0446670251 0590660543 0156027321
16417,0316601950 0375707972 0671038184 0385720106 0060915544 0684872153 0375706771 0060392452 044651652X 0375727345
16488,0060976845 0446310786 0060502258 0375707972 0385720106 0380018179 0440222656 0385474016 0671021001 0060928336
16492,0671027360 0385504209 0312995423 0061015725 0066214122 0312282990 0553250426 0525947647 0060392452 0385509510
16504,0345391802 0345370775 0316769487 0380002930 0385722206 0375725784 0345378490 0312924585 0446310786 0060987103
16510,0452282152 0312195516 0312983271 0446605239 0316284955 0440212561 0440211263 0440226430 0312966970 0312971346
16545,0446310786 0316666343 0671003755 0380002930 0312278586 0316284955 0671617028 0140440046 0553212478 055321330X
16551,044023722X 0345370775 0440214041 0345353145 0440213525 044021145X 0440234743 044022165X 034540288X 0440220602
16585,0440206154 0440224675 0345370775 0345369947 0451188462 0451156609 0451167317 0345380371 0440211727 0451167716
16599,0345313860 0345384466 0060928336 0671003755 044651652X 0399501487 0345409671 0060976845 0446670251 0070212570
16601,0439064872 059035342X 0439064864 0439136350 0439136369 0452264464 002542730X 0439139597 0440498058 0385482388
16634,044021145X 0440204887 0441172717 0060987103 0312195516 0140067477 0316779423 0671004107 0345435249 0842329218
16654,8408043641 0812550706 8433969978 0316666343 0451166892 0060977493 8401328942 8432206407 0684859335 8445071416
16666,0440241073 0061015725 0440234743 044023722X 0671027360 0312995423 0671027387 0440225701 0156027321 0449006522
16673,0679781587 014025448X 0060173289 0452282152 068484477X 0440241073 0399501487 0312422156 8408043641 0399144463
16684,0385722206 039592720X 0142001740 014023313X 0375700757 0375701907 0684801523 0399143947 0060175966 0140119906
16708,0380002930 002542730X 0062502182 0028604199 0515133973 0446679593 0618002219 0345361792 0446670111 0441304834
16713,0375702709 0060930535 0375707972 0679781587 0060959037 0345443284 0375700757 0446672211 0140293248 0375706771
16717,0345417623 0440206154 0345378482 0671027387 0060392452 0425143325 0345353145 0425083837 0345380371 0380789035
16718,0440226430 0140293248 0316096199 0385484518 0786868716 0316666343 0446611867 0385335881 044651652X 0385504209
16721,0515131229 051513287X 0515132020 0515128554 0515126772 0515128546 0515135062 0373218397 0515132187 0515121843
16730,0375700757 0375702709 0375706771 0375725784 0375707972 0375705856 0671027387 0312995423 0060987103 0671027360
16749,0446610038 0446611212 0446607657 0446605484 0446612545 0446606189 0553582526 0515135062 0446608815 0671004530
16755,0385504209 0679781587 0385503822 0312195516 0385505833 0316096199 0316969680 0385511612 0312278586 0316693006
16777,059035342X 0345339681 0439064872 0345339711 0345339738 0439136369 0439139600 0385504209 043935806X 0439139597
16781,0316666343 0061009059 0345387651 0312980140 0553268880 0375727345 0312966970 0312976275 0312971346 044661193X
16795,0671003755 0440234743 0553272535 0385484518 059035342X 0316789089 0385265700 0553274295 0671038184 0316603287
16798,0312971346 0312966970 0312265867 0345337662 0312976275 0312306326 0312966091 0679429220 0312265840 0609804138
16805,0440241073 044023722X 0671027360 0440234743 059035342X 0446612790 0446611638 034541389X 0446611778 0312995423
16818,0316601950 0142000205 0375727345 0060976845 0060928336 0060930535 0316666343 0345443284 0446608955 0452282829
16827,0345337662 0345353145 0451172817 0451156609 0345370775 0425107469 0451160525 0425128164 0425115801 042513525X
16835,0345337662 0060938455 0380813815 0316776963 0345413350 0312291639 0446532231 0441569595 0060392452 0345351525
16867,0385504209 0452282152 0156027321 0671027360 044023722X 0060930535 0452284449 0142001805 0375725784 0451166892
16871,0385505833 0684874350 0385484518 0399144463 0345443284 0679781587 0385490992 0380731851 0446606812 0316780375
16876,0440224764 0425180638 0553576798 0425163407 0446610038 0440226430 0440225701 0380717018 0553569910 0425154092
16877,0345337662 0385503822 044651862X 0345378490 0345351525 0446672211 0385505833 0385490992 0375727345 0345353145
16908,0316666343 0440226430 0440222656 0440221315 0440217547 0440213282 0373218192 0440184053 0316284955 0440176484
16916,0440213525 044021145X 0345370775 044022165X 0842329250 0440221471 0439064872 0380710218 0842329269 0842329277
16919,0345370775 0345380371 0345378490 034540288X 0345391055 044023722X 0345378482 0345402871 0345417623 0060977493
16935,0452282152 0140298479 044023722X 0060930535 0345337662 0312291639 0446679593 0345439104 0440222656 0440226430
16943,0440220602 0440214041 0440211727 044022165X 0440221471 0345380371 0451166892 0440213525 0091867770 0345402871
16946,0553573926 0060928336 0345378482 0553296981 006101351X 034540288X 0446519138 0345416260 0385484518 0553260111
16949,0446610038 0446608815 0446605484 0446611212 0446606189 0316769487 0446601241 0425154092 0446310786 034536676X
16966,0446519138 0553279378 0066214122 0553562614 0441790348 0061009059 0440215625 0553262505 0345348036 0553380095
16982,0440235596 0425154092 0446611085 0425163407 0440211263 0440226430 0425158616 006016848X 0316284955 0425175405
16996,0060930535 0446672211 0671021001 0446611867 0451203771 0440226430 0446310786 0316284955 0440223202 0440235596
16999,0142001740 0671003755 0452282152 0316569321 0345438329 0385504209 0312195516 0156027321 0385722206 0060959037
17003,0385722206 0312195516 039592720X 0142001740 0385504209 0060977493 0060928336 0316777730 0446670251 0385720955
17045,0380789019 0553562738 055357339X 0552124753 0552137030 0446677450 0671527215 0345322215 0670030643 0553573403
17046,0425143325 0385504209 0425122123 0425116840 0425109720 0425083837 0425170349 0671027360 0425158632 0345380371
17051,0525947647 0836218221 0316776963 0385493800 0743418174 0836218256 0345361792 0679731148 0385484518 0553279912
17054,2253063339 2253150711 2253044903 2266023039 2070360024 2253057843 2290311782 2205054252 2253005274 2070408507
17058,0142001740 0385504209 0312305060 0375727345 0316666343 0316284955 0684872153 0060938455 006019491X 0671021001
17065,0312278586 0316096199 0312195516 0156027321 0316601950 0452282152 0385504209 0804106304 0385484518 0446672211
17068,0060976845 0060921145 068484477X 0452282152 0671003755 0060959037 0060922532 0446672211 0452264464 0553279378
17073,0446612790 0385508042 0316693235 0316693006 0399145087 0316602906 0440111811 044651652X 0316789089 0679781587
17172,0330332775 0099771519 0552137030 0330367358 000649840X 0552124753 0552996009 0552998001 0552998486 0749397543
17177,0060987529 0060987103 0441790348 0441304834 0452282152 0345313860 0380789019 0061020710 0671027360 0451166892
17180,0345361792 0312243022 0452282152 0385490445 0385498802 0345342968 0345391802 0312305060 0060964049 0679745203
17183,0312291639 0440224675 0140298479 044023722X 8408043641 0142001740 080410753X 0312924585 0440206154 038082101X
17190,0842329218 0842329250 0842329269 0312195516 084232920X 0842329161 0842329277 0375727345 0440214041 0399144463
17224,0345361792 034540288X 0345387651 068484267X 0553296981 0330332775 0142001805 0312274920 0099245027 0385720955
17233,0312980140 0312966970 0312966091 0312971346 0312976275 0312983271 0671001795 0312306326 0316601950 0312265867
17277,0671021001 0446607657 0316693200 044023722X 0380731851 0446612790 0385505833 0446610399 0066214122 0553279378
17282,031298328X 0312966970 0312983867 0312980140 0312971346 0061009059 0312980159 0312976275 0446610542 0312966091
17330,2253063339 2253150711 2253044903 2253152846 2290311782 2266023039 2070360024 2070408507 2253057843 2205054252
17353,044023722X 0345402871 0446606324 0440241073 0440206154 0066214122 0440236673 034540288X 0440234743 0425143325
17361,0439136350 0590353403 0439064864 0060928336 014028009X 0439139597 0140298479 0385504209 0425152251 0385512104
17391,014025448X 0316666343 034540288X 0140254544 0446670111 0380702843 0140257934 0440220602 0345370775 0070212570
17402,0060928336 0316666343 0743418174 0385335881 0440226430 0140293248 0385336179 0312278586 0446611867 0312291639
17453,0440214041 044021145X 0440213525 0440224764 044022165X 0440220602 0440221471 0440236673 0440234743 044651652X
17460,0060916508 0451191145 0385721420 0385474547 0452260116 0380714752 0679723161 0060915544 0553208845 0345342968
17493,0385335482 0142001740 0743418174 0316776963 0345387651 0345337662 0375725784 0804106304 0451169522 0099245027
17507,0330332775 0091867770 0099771519 0316096199 0330367358 000649840X 0552996181 0552998001 0060392452 0590660543
17569,0375706771 0375700757 0312195516 0375707972 0385504209 0385505833 0061097101 0679723161 0553572997 0060929871
17578,3442541751 3150000017 3492045170 3423202327 3423201509 3426029553 3257229534 325722575X 3423202947 3442092981
17596,0552124753 0552131067 0552131059 0552131075 0552128481 0552145424 0552134627 0552137030 0552140295 0552134651
17667,0380789035 0452282152 0743418174 0380789019 059035342X 0345413350 0525947647 0380813815 0439136369 0671004107
17724,051513287X 0515128546 0515128554 0515132020 0515131229 0515126772 0515135062 0515130389 051512317X 051511779X
17761,0553280368 0449221512 0449219364 0312966091 0312966970 0449221482 0449219461 0312971346 0449221504 0312980140
17763,051513287X 0515131229 0515126772 0515133973 0515132020 051512317X 0515128546 0515136530 0515121843 0515128554
17766,2253063339 2253150711 2070360024 2253044903 2266023039 2205054252 2290311782 2253057843 2253005274 2070408507
17777,0062502182 0380789019 0345361792 0345342968 0380789035 0440180295 0316693200 006099486X 0345313860 0312980159
17789,2253063339 2253150711 2253044903 2070360024 2266023039 2205054252 2253057843 2290311782 2070408507 2253005274
17859,044021145X 0425147622 0425158616 0440224764 0425163407 0380710218 0380717018 0380718340 0440213525 0446364193
17894,0440211727 0440213525 0440221471 0440224764 0440220602 0440234743 0440226430 0440225701 0425163407 0380710218
17906,0440222656 0060928336 0452282829 0446605239 0446610399 0446672211 0440241073 0446608955 0316601950 0345443284
17917,0060928336 0316601950 0375706771 0385265700 0446672211 0142000205 0671021001 0316096199 0451202341 014028009X
17926,059035342X 0385474016 039480001X 0590634275 039480029X 0553569155 0440414806 0064400018 0451169530 0670894605
17950,0679429220 0070212570 0142000205 0375707972 0671708635 0140067477 0451169530 0060930535 0786881852 0671510053
17970,0446672211 0440226430 0060930535 0452282152 0345337662 0142000205 0671021001 014028009X 0425163407 0345443284
18002,0671003755 0375703055 0380002930 0060502258 0440940001 0553274295 0312278586 0446672211 067976402X 0316284955
18012,0316666343 0375707972 0140244824 0446672211 0375727345 0671021001 0440226430 0060987561 0316899984 0375706771
18016,0451526341 0553208845 0553272535 0385484518 0553296981 044021145X 0142000663 0451524934 0345342968 0440234743
18038,0312278586 0385335881 0385335482 0316777730 067088300X 0385730586 0316769487 0375706771 0385336179 0440414806
18067,043935806X 0439139600 0380718340 0440225701 0425154092 0449221482 0449221490 044022165X 0440224764 0446364193
18082,0446611867 0440222656 044021145X 0440220602 044022165X 0440212561 0440234743 0446606189 0440241537 014025448X
18095,0345339703 0345339738 0345339681 0316776963 0375727345 0446310786 0425180964 0440234743 0316789089 0553260111
18096,0345361792 0142001740 0375707972 0440226430 044022165X 0671003755 0316666343 0060391626 0446310786 0684872153
18097,3442541751 3150000017 3492045170 3423202327 3423201509 3257229534 325722575X 3423202947 3426029553 3257227809
18132,0385484518 0553250426 0553250531 0743224574 0446677450 0399144463 0684874350 0380002930 0786881852 0446350109
18134,3442541751 3492045170 3150000017 3423202327 3423201509 3426029553 3423202947 3257229534 325722575X 3442092981
18155,0380789019 0140293248 0671003755 0671510053 0441003257 0380789035 0142001740 0060930535 0345351525 0553573136
18166,0375700757 0679429220 031205436X 0060987049 0385492081 0671755064 0393316041 0316769487 0345413350 0525947647
18167,0451524934 0060929871 0060977493 0553208845 0156007754 0140119906 0380977788 0553273914 0451526341 0345417623
18170,8408043641 8432206407 8445071416 8433969978 0060173289 8420441708 0060090367 8478884955 8472236552 8477204055
18172,044021145X 0345337662 0385424728 044022165X 0440226430 0425133516 043935806X 0446364193 0425116840 0439064872
18176,0385504209 0452282152 0316776963 0375725784 0671027360 0142001740 0385486804 0375726403 0060938455 0060934417
18203,044022165X 0440214041 0440220602 044021145X 0440211727 0440224764 0440236673 0345337662 044023722X 0345370775
18254,0440224764 0060928336 0446611867 0842329129 0385484518 0786868716 044021145X 0440215625 0679745203 080410526X
18294,0312278586 014028009X 0140293248 8806143042 0316666343 0385335482 880781210X 0440226430 8845237303 8845215989
18309,2253063339 2253150711 2253044903 2253057843 2266023039 2205054252 2290311782 2070408507 2277260029 2264027134
18311,0440234743 0671510053 0375727345 0425116840 0440241073 0440224624 0060928336 038533334X 0425170349 0671027360
18316,0425152251 0156027321 0316666343 0151008116 0312274920 0060977493 0553296981 0375703861 0679745203 0385486804
18323,0451203771 0375727345 0446610100 0345459202 0446394521 0446608955 0440226430 0671021001 0316899984 0142001430
18333,0316601950 0446611212 0446610038 0425180638 0425178765 0449003795 0446601241 0446612790 0425182878 0553578693
18340,0312278586 0140293248 006101351X 014028009X 0440226430 8806143042 0385335482 880781210X 0316096199 8806166484
18366,0385486804 0345337662 0156027321 0380789035 0451191145 0385484518 0345427637 0786868716 0062502182 0385512104
18384,8408043641 0140298479 0312924585 8445071416 0679723161 8432206407 0060929871 0440224675 038082101X 8477204055
18385,0441790348 0385722206 044023722X 0156027321 0452282152 0671004107 0441569595 0345378490 039592720X 0060915544
18395,0316666343 0425167313 0440226430 0670892963 0446672211 0060391626 006101351X 0679429220 0425162443 0060987529
18398,0451526341 0446310786 0345342968 0679735771 0441569595 0441003257 0060929871 0671021001 0140185216 0440180295
18401,0312983867 0312966970 0312195516 014029628X 0312966091 0312976275 0425181464 0449221504 0553280341 0671034022
18412,3442541751 3150000017 3492045170 3257229534 325722575X 3426029553 3257227809 3442092981 3404148665 3257228007
18429,0380731851 0446611778 0446612545 034541389X 0312995423 0515135062 0316776963 0440236673 0440241537 0446611212
18439,0316666343 067976402X 0671021001 0671510053 0060391626 0316284955 0440226430 0425167313 0385265700 0316899984
18464,0140293248 0312278586 8806143042 0060502258 0156012197 880781210X 0312422156 0316666343 0553582747 0385472951
18487,0446310786 0440211727 0375700757 0553279378 0345348036 0440213525 0449213943 0380002930 044021145X 0316782505
18519,0439064872 059035342X 0786881852 0439136369 0312195516 0060987529 0060987103 038542017X 0345465083 0316780375
18671,044021145X 0553572997 0449212602 0375706771 0553250426 0425162443 0140254544 044651652X 0316601950 0345380371
18689,0440241073 0345417623 0345353145 0345402871 0440221471 0440225701 0345380371 0440211727 0440236673 044023722X
18710,0345337662 0440217547 0446364282 0440184053 0440170796 051511992X 0446360732 0440167531 044011585X 0440209412
18714,0345339703 0345339738 0345339711 043935806X 0385484518 043936213X 0345378490 0385504209 0345417623 0345353145
18715,0399147195 0553271636 0553279912 0449223612 0399149155 0399145087 0553284789 0553250426 0312265867 0449221504
18722,0385504209 0452282152 0312305060 0679781587 0385722206 0312291639 0156027321 0449005615 0671003755 0316776963
18780,0671003755 8433925180 8408043641 8432206407 0452282152 8445071416 0440211263 0060938455 8478884955 8433969978
18850,3150000017 3423202327 325722575X 3423201509 3257229534 3423202947 3426029553 3257227809 3442092981 3404148665
18852,8408043641 8432206407 8433969978 8445071416 8478884955 8477204055 8466307125 8420616893 0440224675 8420441708
18886,3442541751 3150000017 3492045170 3423202327 3423201509 3426029553 325722575X 3257229534 3423202947 3257227809
18908,0515136530 044651652X 0446532452 0515136379 0446531332 0786881852 0553583956 0385510438 055356160X 051513628X
18913,0446611867 0446608955 0446610399 0060928336 0440222656 0375707972 0440215625 0312278586 0440211263 0440226430
18922,0316666343 0446610542 0312983271 0385335482 0312278586 0140293248 0440241162 0671693816 0373835876 0312284683
18945,0156027321 0375725784 0385504209 0743418174 0312278586 0786868716 0060938455 0440211263 0385722206 0142004235
18963,044021145X 042510107X 0425116840 0425143325 0440211727 0425109720 0440214041 0345378490 044022165X 0425122123
18979,0515135062 0515131229 0515132020 051513287X 0515126772 0373218192 0515128554 0515121843 0515136530 0515128546
18995,0064400557 0064400034 059035342X 0064400042 0439064864 0312291639 0440940001 0439136350 0439139597 0064400026
19011,0345370775 0345380371 034540288X 044023722X 044022165X 0345417623 044021145X 0440214041 0440211727 0345391055
19018,0385335482 0312278586 0385335881 059035342X 043935806X 0064472272 0064407667 0446310786 0316769487 0446606812
19019,0316693200 0316603287 0316969680 0312278586 0446527793 0316693006 0385503822 0316602906 0446532452 0316666009
19085,0553582747 0440224675 0345313860 0140298479 0671042858 0451176464 0060987103 0451186362 0425144429 0451169530
19107,0679781587 0316096199 0142001740 0312195516 0385484518 0684872153 0316776963 0446672211 0385265700 0452282152
19145,0060938455 0671027360 0380012863 0671004107 0440206154 0380789019 0671708635 0451191145 044651652X 0553275976
19206,0312278586 0316096199 0316284955 0743418174 0060928336 002542730X 0385504209 0679781587 0671021001 0385335482
19220,0316776963 0140067477 0345361792 0142001740 0385484518 0440236673 0671024248 0345384466 0670880728 0743224574
19233,0425147622 0425154092 0425180638 0670892963 0679429220 0380718340 0375706771 014023313X 0316777730 0380717018
19303,0440234743 0440225701 0345353145 0440241073 0440211727 044023722X 0345417623 0345391055 0425109720 0345380371
19336,059035342X 0439136369 0451526341 0399501487 0345339703 0451524934 0345391802 0440180295 0316769487 0060929871
19362,0425154092 0425175405 0425163407 0515131229 0515132020 0425143325 0380710218 0425169863 0345353145 0440206154
19422,0439064872 059035342X 043935806X 0439139600 0439139597 0439136350 0439064864 0345342968 006016848X 043936213X
19424,0316666343 0375726403 0060934417 0156027321 0142001805 0385504209 0375725784 0156028778 0312195516 0316776963
19429,0449219461 0449219364 0449221490 0553284789 0553279556 0449221504 0553271636 0449003787 0449223604 0425158616
19493,0446608955 0446605239 0156027321 0786868716 0142004235 0316096199 0385504209 0446531332 0440222656 0142001740
19503,0142001740 0312305060 0060934417 0375726403 0452282152 0385504209 0385722206 0375727345 0316666343 0156027321
19509,0312976275 0312291639 0312966970 0312971346 0452282152 0312966091 0312980140 0312306326 0312983271 0312983867
19522,0064471047 0060502258 0064400018 0064400050 0064471101 0064471063 0064400042 0380018179 0064409422 006447108X
19570,0316666343 0446611808 0446611867 0446612545 0515130389 0553582747 034541389X 0446612790 0671004530 0515135062
19571,0316666343 0316601950 0375706771 0060976845 0385335482 0060928336 0316781266 0316284955 0142000205 0743418174
19573,0312195516 0060930535 0375726403 0142001740 0140298479 0452282829 0375727345 0446672211 0375706771 0385265700
19605,0151008116 0316776963 0156027321 0385504209 0312195516 0385722206 0380977788 0449005615 0452282152 0345413350
19609,0060987103 0671027360 014028009X 0312278586 0316096199 0316777730 0385335482 038079487X 0679781587 0316666343
19611,3442541751 3150000017 3492045170 3423201509 3423202327 3426029553 325722575X 3257229534 3423202947 3257227809
19659,0316666343 0671021001 0060976845 0446672211 0316284955 0553580221 0312291639 0451156609 0316601950 0671024248
19664,0060928336 0345387651 0446606812 0060930535 0316666343 0140293248 0446310786 014028009X 0440226430 0316777730
19681,0060928336 0316666343 0446672211 0440226430 0446310786 0385335881 0446605239 044021145X 0140293248 0671021001
19711,0345384466 0553580191 044021145X 0671028375 0440221471 0446607657 0446607711 0671510053 0385492081 0804106304
19725,0312291639 0452282152 0312305060 0671003755 0316666343 0786868716 0385504209 0375700757 044023722X 0345417623
19753,0316096199 0399145672 0375726403 0440940001 0064407667 0590353403 0385493800 0316284955 0439139597 059030271X
19760,0380002930 0345370775 0399501487 0316788228 0440219078 0553272535 0451191145 0446310786 043935806X 0440212561
19815,044651652X 051511992X 0345301110 0385503822 038550120X 0385490992 0671003755 0446527165 0446606189 0385505833
19842,0440226430 0440241073 044023722X 0440224764 0452282152 0440236673 0440221471 0385504209 0385335482 0316666343
19866,0345439104 0671510053 0142000205 044651652X 0552137030 0552124753 067976402X 0440226430 0060502258 0330332775
19885,0345350499 0140298479 0671021001 0743227441 0553572997 043935806X 0062502182 0446670251 0440108268 0451191145
19935,0380789035 0062502182 0671027360 0440241073 0440236673 0440214041 0440206154 067976402X 0684872153 0060392452
19969,044651652X 0060392452 0385504209 0345370775 0345339681 0345337662 0441172717 0375725784 0385484518 0451524934
19970,0316776963 0393319296 0385720920 0385504209 0316779423 0375725784 0060928336 0060929871 0380789035 0316284955
19972,0786868716 0446532231 0842329129 0842329218 0842329242 0842329250 0385484518 0842332251 0060256737 0310205719
19974,0439064872 0439136369 0439139600 043935806X 0060392452 0380813815 059035342X 0060928336 0316777730 0439139597
19983,0312278586 0316666343 0140293248 0385335482 014028009X 002542730X 0312422156 880781210X 8845237303 0156012197
20005,0671510053 0385722206 0452282152 0060915544 0060930535 0060921145 0060976845 0060959037 0345439104 0060199652
20022,0446672211 0440241073 0345443284 0440234743 0440224764 0375727345 0671510053 055356160X 055356451X 0060392452
20032,0440180295 0060929871 0451524934 0684801523 0451163966 0679735771 0316769487 0451526341 0671027344 0345342968
20034,0385504209 0142001740 0060987103 0345417623 0312305060 0316666343 0385722206 0671027360 0452283205 0312291639
20060,0345413903 0380731851 0425178765 034541389X 0451188454 0553578022 0446612790 0446604844 0446359866 0446610038
20062,0060392452 0671727796 0671708635 0671510053 0671027360 0786881852 0380789019 0553573136 0140620184 0684848783
20106,0316666343 0316601950 0316569321 0316096199 0446672211 0060976845 0060930535 0671021001 0140293248 0385335482
20115,0312195516 0316601950 0140257934 0070212570 0385508042 0140265686 038550120X 044651652X 0385484518 044021145X
20119,0671021001 059035342X 044023722X 0060928336 0440211727 0446672211 0316666343 0446608955 044021145X 0440214041
20126,0515136379 0345342968 0515136530 0446610038 0440222656 0312980159 0440235162 051513628X 0446611867 0515135062
20147,0375707972 0312195516 0671003755 0375700757 044651862X 0679429220 0446516538 0060987103 0375726403 0316769487
20149,0515131229 051513287X 0515135062 0515132020 0515133973 0373218192 0385504209 0446612790 0440241537 0515130389
20150,0380789035 0060987529 0060987103 0060915544 0452282152 0385484518 0060959037 0345424719 0385265700 0671038184
20164,0515131229 0446610399 0515130389 0446606812 0446611867 051513287X 0446531332 0515132020 0515135062 0671014196
20172,0060938455 0345313860 0156027321 0385722206 0060987103 0553211404 0316776963 0345351525 0375725784 0060934417
20180,0553279912 044023722X 0316601950 0345313860 0345361792 0452282152 0449221482 0449219461 0385720106 0142001740
20201,0345339681 0345314255 0836204387 0451161351 0590353403 0060512822 0345339711 043935806X 0439064864 0345285549
20245,0446605239 0312924585 0440224675 0345387651 0345370775 0425147622 0440222656 0553268880 0399147195 0446606812
20250,0345339703 043935806X 0439064872 059035342X 0439136369 0439139600 0385504209 0439139597 0060928336 0439136350
20254,0060930535 0312305060 067976402X 0679781587 0671510053 0060959037 0142001740 0452282829 044023722X 0449005615
20265,0446310786 0385265700 0671003755 0553279378 0064400557 0446672211 0060959037 0060916508 068484477X 044021145X
20294,0671027360 0156027321 0316666343 0060930535 0312195516 0142001740 0316777730 0452283205 0452282152 0345339703
20332,0380789035 0345339681 0142001740 0439136350 043935806X 0060987103 0440226430 0440487617 0440998050 0345348036
20336,0316666343 0446672211 0440212561 0060502258 0070212570 0316284955 0446310786 0385265700 0060915544 0440215625
20345,0440219078 0786817070 0440414806 0345339703 0440237688 0671003755 0446519138 0679746048 0451526341 0385484518
20347,0553279912 0449221512 0449219364 0553279556 0553280341 0449219461 0449221482 0449221504 0449221490 0553280368
20350,0385504209 0671027360 0375726403 0060987103 0060930535 0312195516 0452283205 0142001430 0316666343 0452282152
20378,3442541751 3423201509 3492045170 3423202327 3150000017 3426029553 3257229534 325722575X 3423202947 3257227809
20388,0671021001 0446672211 0142000205 0316569321 0425167313 006101351X 0446516538 0679429220 0452264464 0385720106
20401,0385504209 0671021001 002542730X 059035342X 0345370775 0385335482 0345339703 0345339738 0060928336 0345350499
20404,0440226430 0440234743 0446606189 0385504209 044022165X 044021145X 0385490992 0451184963 0446609404 0312291639
20409,0385335482 0312278586 0385730586 0743418174 059035342X 0316666343 014100018X 0385335881 0439064872 0140293248
20418,0316601950 0316096199 0375706771 0345443284 0425167313 0316666343 0385484518 0312278586 0446605239 0671021001
20448,0385335881 0140293248 0312278586 0312291639 0743418174 0060096195 0060928336 0446670251 0385730586 0140298479
20462,0312195516 0452282152 0679781587 0060934417 0385504209 0142001740 0060921145 0060930535 0156027321 0375726403
20484,0440226430 0375706771 0385504209 0440221471 0385505833 0312983824 0451203771 0380731851 0446610399 0312983271
20501,0439139597 043935806X 0439064872 0439139600 059035342X 0439136369 0446310786 0345339703 0385504209 0345339681
20561,0440206154 0440236673 0440222656 0515131229 0316769487 0312291639 0345370775 0312924585 051513287X 0446605239
20622,0316666343 0385490992 0440211727 0385508042 0440214041 0679444815 0440213525 0385503822 0446310786 0440220602
20627,0316601950 0385722206 0452282829 0385720106 0375727345 0375707972 0060915544 038533334X 0446672211 0449907481
20629,0451160525 0375726403 0451188462 0446310786 0671003755 0345441036 0671041789 0140067477 0451167317 0451184963
20664,0671027360 044023722X 0440241073 0312995423 0440241537 0385504209 0671027387 0345417623 0446612790 0446667900
20666,044651652X 0062502182 0312980159 0380789035 0316693200 0345301110 0451191145 0345342968 006099486X 0345361792
20668,0312980159 0312983271 0312966970 0425178579 0141000198 0446610542 051513628X 0425183971 0440241162 0060096195
20680,0425175405 0380718340 0380718332 0425180638 0440224764 0440214041 0446364193 044021145X 0446601241 0446604801
20703,0142001740 0156027321 0316096199 0449005615 0375726403 0452282152 0060987529 0061097314 0312305060 044023722X
20751,0446605239 0446606812 0804106304 0684872153 044651862X 0804105820 0345370775 0399501487 068484267X 0684848783
20755,0684874350 0842329129 0440226430 0385484518 0316666343 0671708635 044651862X 0842329218 0399144463 0553573136
20794,0345361792 0385492081 0385722206 0375725784 067976402X 0060934417 0375703861 0553272535 0385490445 0385265700
20801,0440224764 0440241073 044022165X 0440214041 044023722X 0440225701 0440236673 0440211727 0440221471 0385504209
20804,0316096199 0316781266 0316601950 0316284955 0345417623 0316769487 0671021001 0385504209 0679746048 0316969443
20806,0385505833 0142001740 0385503822 0345438329 0345339703 0316693200 0385508417 0316569321 0375700757 0060175400
20857,0316666343 3150000017 3442541751 3492045170 3423202947 3423202327 0385512104 3423201509 3442092981 3404118960
20871,0747532745 0747546290 0140293248 0312278586 0061020710 0747538484 014028009X 0553582747 0679745203 0747550999
20916,0440224764 0440211727 0446364193 0440241073 044023722X 0440214041 044022165X 0440236673 0440221471 0440213525
20918,0452282152 038082101X 0140298479 0374172897 0345391829 0312274920 0312305060 0375504613 0330262130 0440108268
20946,0552124753 0552128481 0552131059 0552131075 0552137030 0552134627 0552140295 0552145424 0552134643 0552134619
20961,044651862X 0425175405 0142001740 0553375407 0451169530 0060928336 0062502182 044021145X 0440224764 0679429220
20971,0312195516 0316601950 0440206154 0553580221 0553582747 0446610038 0316284955 0345380371 0553582755 0375727345
20995,0671027360 042518286X 0425147622 0515131229 0312924585 044021145X 0380718340 0345417623 0446670251 0345353145
21011,0449005615 0060959037 0312305060 0060987103 038572179X 0060934417 0316666343 0609804138 0312422156 0375727132
21014,0060930535 0060976845 0440212561 0671003755 0375727345 0345443284 0440222656 0449907481 0142001740 0375703055
21031,0316666343 0385504209 0385505833 0316969680 042516098X 0316693235 0425154092 0156027321 0375727345 0385490992
21049,0385504209 0385510438 0385508042 0385511612 0399150897 0316693006 0316666343 0385337116 0316603287 0385503822
21070,3442541751 3150000017 3492045170 3423202327 3423201509 3426029553 3257229534 3423202947 325722575X 3442092981
21112,059035342X 0064400557 0064472272 0064405842 0440219078 0440998050 0440220653 0671027360 0440401585 0553213148
21116,0609804138 0316569321 0553579754 0316789089 0609610597 034538475X 0316096199 0446527033 0679781587 0440235596
21155,3442541751 3492045170 3150000017 3423201509 3423202327 3426029553 3257229534 325722575X 3423202947 3257227809
21202,0440212561 0440217563 044021145X 0440215625 006016848X 044651652X 0060502258 0440225701 0451169530 0385335482
21207,0316693006 0316969680 0385508042 0316666009 0385503822 0446531332 0316603287 0385511612 0316693200 0316693235
21229,0312291639 0446310786 0345361792 0399501487 0671003755 0380002930 0142001740 0446605239 0440226430 0345342968
21252,0553250426 044651862X 0345337662 0380002930 0553289411 0064471047 0446611085 0312291639 0452282152 0425179672
21257,0440224764 0440241073 0440234743 0440236673 0425154092 0440211727 0440225701 0440221471 0425175405 0345353145
21261,0440206154 0380789019 0345413350 0440236703 0345350499 0345435249 0441172717 0440222656 0385505833 0515130389
21264,0140293248 0385504209 0385335881 0440224764 0440226430 0316666343 0312291639 014028009X 0385336179 0060928336
21356,0385484518 0385504209 0345339681 0375727345 0452282829 0312995423 0316666343 0446672211 0671510053 0446675059
21357,014029628X 0142001430 0385472951 0786881852 0312195516 0316969680 0446516538 0060934417 0446394521 0553213148
21364,014028009X 0060938455 0446670251 0743418174 0316777730 0609804138 0345351525 0671021001 0670892963 0385335881
21368,0330332775 0099771519 000649840X 0330367358 0552996181 0749397543 0312278586 0552996009 0552124753 0552998486
21370,0316769487 0451524934 0441569595 0446310786 0684801523 0399501487 0451526341 0060929871 0345342968 0393312836
21404,0446310786 0385720106 0452282152 0060959037 0345413350 0380002930 0375702709 0064407675 0375705856 0375700757
21406,0452282152 0679781587 0316666343 0060928336 0316601950 0385504209 0060959037 0060976845 0446672211 0142001740
21462,0060934417 0060977493 0060959037 0060915544 0060976845 0452282152 0316777730 0060928336 0156027321 0316284955
21469,0552996009 0552134619 0552124753 0552131059 0552147680 0060958022 0553271636 0552143774 0375700757 0684862719
21484,0060502258 0446310786 0316769487 0060976845 0380002930 0060915544 0439064872 0679745203 0446606812 0142001740
21490,0385503822 0385511612 0316969680 0316602906 0385490992 0385508042 0316693006 0374281602 0399150897 0316693235
21540,0609804138 0440180295 0061015725 0451176464 0451526341 0553296981 067102423X 0553579754 0446532231 0345439104
21575,0385503822 0385508042 0316969680 0385511612 0440220653 0385510438 0316602906 0312278586 0385486804 0446608955
21576,0316769487 0385505833 0375706771 0316666343 0312195516 0385504209 0142001740 0375700757 0316776963 0312291639
21593,0316776963 0060938455 0156007754 0380731851 0449911519 0743237188 0142004235 0312195516 031242227X 0385722206
21618,0385504209 0312195516 0553572997 0375726403 0060976845 0345438329 0385722206 0312282990 0446675059 0060987529
21659,0440224764 0440211727 0345339681 0440213525 044022165X 0425158616 0446672211 0440221471 0060392452 0380718340
21660,0671027360 0440241073 044023722X 0142001740 0440221471 0156027321 043935806X 0440234743 0385510438 0312983271
21684,0373710984 0373711026 0373711034 0671042858 0440236630 0373711735 0375506039 037322706X 0345313755 0373218192
21708,0385484518 0446605239 0316666343 0060392452 0345350499 043935806X 0439064872 0451191145 0345384466 0440226430
21750,0446675059 0060976845 0060090367 0671727796 0440224764 0345348036 0385730586 0385335830 0684801523 0345453387
21774,068484267X 014028009X 002542730X 0671880187 0312422156 038542017X 0671510053 0140298479 0743222229 0684872153
21860,0684872153 0679781587 0142001740 0312305060 068484477X 0671027360 0060934417 0060921145 0151008116 0316284955
21870,0060928336 0312195516 0452282152 0439064872 0060930535 0316601950 0446672211 0060915544 0671003755 0385484518
21875,0446672211 0312278586 0671027360 0345370775 0142001740 0553280341 0140293248 0553271636 0060502258 0312995423
21895,0345351525 0345370775 0345313860 042510107X 034538475X 0425143325 0345384466 0345378490 0440221471 044021145X
21903,0446672211 014028009X 0142000205 0316776963 0385335482 0060930535 0060987561 0425154092 0345337662 0385265700
21912,0552137030 0552124753 0552131067 0349101779 0099771519 0330367358 0590112899 0330332775 0552996009 0552131059
21918,0452282152 0316601950 0060930535 0312195516 059035342X 038082101X 0451166892 0140298479 0380815923 0156007754
21937,0312195516 0446672211 0345337662 0142001805 0062502182 0060938455 0385504209 0399149325 0345313860 0553272535
21948,0446610038 0446608815 0446611212 0446607657 0446604801 0446605484 0446613266 0446612545 0451208765 0446612790
22012,0316666343 0446672211 0060928336 0316776963 0312195516 0440226430 0671021001 0345443284 0452282152 0375725784
22015,0345347536 0345314255 0345377591 0345335511 0345335651 0345335708 0441172717 0345350499 0812511816 0812517725
22022,0439064872 0345342968 0452279178 0399144463 0316666343 0743211383 0439136369 0452264464 0312195516 0312983271
22023,0345337662 0345313860 0345378490 0425151867 034538475X 042513525X 0156027321 0312924585 0345370775 044021145X
22045,0440236673 0316666343 0440234743 0440241073 0440225701 042513525X 0446611808 0553582755 0156027321 0671867091
22062,0060938455 0316776963 0142001740 0312195516 0375700757 0449005615 0312421273 0312305060 0375702709 0385722206
22074,0385504209 0440234743 0440241073 0671027360 0440211727 0440220602 0440241537 0345417623 0452282152 0440222656
22089,0060928336 0380789035 0440206154 0451169522 0380789019 0345337662 0679735771 006101351X 0441569595 0451524934
22107,0385722206 0060502258 0375727345 0060934417 0688177751 0142001740 0380002930 0375706771 0385720106 0743227441
22121,0142001740 0679781587 0385504209 0060930535 0312291639 0316769487 0312195516 0316666343 044023722X 0679746048
22126,0786881852 0743418174 014028009X 0061009059 059035342X 0375700757 0451526341 0060173289 0312966970 0399146431
22154,0385504209 0679746048 0439064872 0385484518 0439136369 0375726403 0553272535 0446519138 044651652X 034538475X
22167,0743418174 0385335482 0385336179 0385335881 0142001740 0440226430 014028009X 0060502258 0140293248 0385335830
22192,8408043641 8433969978 8445071416 8432206407 8478884955 8477204055 0156013924 0312924585 8420616893 8478886451
22200,0385720106 0345350499 0425152251 0440215625 0446604666 0440212561 0380002930 0441569595 0553287346 0380730138
22252,043935806X 059035342X 0439139600 0439136369 0439064872 0446310786 014028009X 0141000198 0446672211 0385335881
22296,2253063339 2253150711 2253044903 2070360024 2266023039 2290311782 2253057843 2205054252 2070408507 2253005274
22338,0316666343 0446605239 0312195516 0316096199 0671027360 0156027321 0452282152 0786868716 0316969443 0446611867
22362,0156027321 0060938455 0316769487 0060392452 0385504209 0671027360 0060987103 0312282990 0446532231 0380789035
22365,0142001740 0345361792 0679781587 0060976845 0060915544 0671510053 0385265700 0375727345 006101351X 0440226104
22409,0061009059 0312966091 0312966970 0312980140 0312971346 0671001795 0312976275 0312265867 0345370775 0312990456
22457,044651652X 0312980159 0316693200 0062502182 0345301110 006099486X 0451191145 0345391810 0451194004 0679441018
22461,0380789035 043935806X 0345342968 0525947647 0553579606 0446607657 0439136350 0345413350 0312980159 0373825013
22464,0060976845 0671027360 0060930535 0140298479 059035342X 0345313860 0345361792 0385504209 0440222656 0446605239
22495,0316666343 0312291639 0060928336 0446605239 0446606812 0425181103 0425153975 0440211727 0380731851 0385505833
22503,0552124753 0552128481 0552137030 0552131059 0552140295 0552134627 0552145424 0552134651 0380789035 0552134643
22517,0316666343 0312278586 0385484518 0786868716 0316569321 0743418174 0446611867 0446605239 0440226104 0440226430
22521,0345391802 0380789035 0345337662 0345348036 0446310786 0441790348 0439136369 0439064872 0440180295 034538475X
22532,0671510053 0446672211 0142000205 0440241073 0316601950 0060987561 0671021001 0385492081 0679781587 044021145X
22547,0312195516 068484267X 0446672211 0312243022 0440211727 0312995423 0449221490 0452282152 0743418174 0749397543
22605,0142000205 0060928336 0452282829 0316899984 0449907481 0316601950 0380730138 0385265700 0375706771 0345443284
22617,0440234743 0440225701 0425180964 0440241073 0449003795 0440236673 0425185710 0425180638 0312995423 0375727345
22624,0446310786 0060502258 0380002930 0684801523 0451524934 0399501487 0060929871 0316769487 044021145X 0345391802
22625,0385720106 0446310786 0671510053 0684874350 0142000205 0449907481 0446672211 068484477X 0060175400 0151008116
22637,0446364193 0375706771 0451191145 0380710218 0345350499 0316569321 0451160525 0609804138 0425158616 043935806X
22657,0385504209 0441003257 0452282152 0671027360 0312282990 0446604666 0312980140 0061009059 0312966091 0425192725
22695,0156027321 0312195516 0142001740 0312305060 0440414806 0679781587 0452282152 0316776963 0060938455 0449911519
22710,3442541751 3150000017 3492045170 3423202327 3423201509 3257229534 325722575X 3423202947 3426029553 3257227809
22747,0312274920 0099771519 0349101779 0061009059 0312976275 0312966091 0091867770 0312971346 0552137030 0060392452
22773,059035342X 0439064872 0312278586 0439136369 0385730586 0060976845 043935806X 0060928336 0439136350 0446608955
22780,0446310786 0316284955 014028009X 0440224764 0425180638 0446672211 0425154092 0140293248 044022165X 0440221471
22809,059035342X 0316777730 0439139600 0439064872 0375725784 0385504209 0439136369 0312976275 0064407667 0060938455
22813,0440211727 0440234743 0440224764 044021145X 0440220602 0440221471 0385504209 0440213525 0440241073 0385508042
22818,0439064872 0439136369 0439139600 0452282152 0060928336 0142001740 0385504209 044023722X 0449005615 0385486804
22824,0312305060 068484267X 0452282152 0679745203 0345342968 0374172897 0446608955 0553213148 0070212570 0312980140
22830,0440213525 0440214041 0440211727 0440224764 0446603716 0440220602 0446354678 0345417623 0446602612 0425169863
22851,0449212602 0312195516 0385504209 0553277472 0553268880 0440213525 0425083837 0156027321 044021145X 0446672211
22885,0380789019 0060938455 0553572997 0064407667 0380789035 0380977788 0552131067 0439139600 0552128481 0552131059
22888,0312195516 0060930535 0440236673 0449005615 0142001740 014028009X 0671003755 0375700757 0345361792 0446672211
22912,0440220602 0345380371 0440221471 044021145X 0345378490 0440214041 0345353145 044022165X 0345351525 0345370775
22922,0804106304 0440221471 0743418174 044022165X 0671720147 0553573403 0553562614 0345413350 0446532231 0385335482
22936,044023722X 0440213525 0440211727 0439064872 0440224764 0440221471 044022165X 0345353145 067976402X 0440214041
22964,0552131067 0552137030 0552128481 0552131075 0552140295 0552134651 0552134643 0552134635 0552134619 0552140287
22975,0156027321 0452282152 0345361792 0142001740 0385722206 0385498802 0345424719 0786868716 0316776963 0375726403
22981,2253063339 2253150711 2253044903 2253057843 2070360024 2205054252 2266023039 2253152846 2070408507 2290311782
22991,3442541751 3492045170 3150000017 3423201509 3423202327 3426029553 3423202947 3257229534 325722575X 3442092981
23020,0385504209 0380789035 0380813815 0312195516 0316776963 0440127793 0316779423 0060916508 0375725784 0151008116
23065,0553296981 0345436911 0064471047 0394820371 014038572X 0553213148 0064407667 0345370775 0446611867 0064471101
23070,0140298479 0141000198 0312983271 0515131229 0345423402 0312971125 0515136530 0312980159 051513628X 051513287X
23124,0380012863 0451163966 0552996181 0552996009 0552999458 0413537900 0099771519 0552124753 0552147680 0091867770
23127,8408043641 8432206407 8445071416 8433969978 8477204055 8420441708 8478884955 8420616893 0312924585 8423310353
23128,0060928336 0142001740 044023722X 0060930535 0316601950 0452282152 0312195516 0452282829 0060502258 0375727345
23138,0316666343 067976402X 0060173289 0316693235 0316693006 0375413634 0446531332 0316602906 0316666009 0060175400
23200,3442541751 3150000017 059035342X 3257229534 3492045170 325722575X 3423202327 3423201509 3257218370 0385504209
23204,0385504209 0671027360 0312995423 0671027387 0156027321 0345417623 0312195516 0312263120 0142001805 0312422156
23231,044021145X 0345391802 0345361792 0070212570 0671003755 0385498802 0446310786 014023313X 0440226430 0375706771
23271,3442541751 3150000017 3492045170 3423202327 3423201509 3426029553 325722575X 3257229534 3423202947 3257227809
23280,0679781587 0385484518 0345424719 0060987561 0345387651 0385492081 006101351X 0060987529 0060502258 0786868716
23288,0385503822 038550120X 0385505833 0449003787 014028009X 0345337662 0060976241 0064400018 0142001805 0380702843
23392,0671027360 0440226430 044022103X 0446611867 0345413903 0446310786 0553213105 0670892963 0440223202 006101351X
23408,0671027360 0156027321 0316666343 0312195516 0142001740 0452282152 0446605239 0060938455 0312995423 0452283205
23450,044651652X 0316601950 0440223202 0440225701 0446672211 055356451X 0553564528 0525946233 006099486X 0345446860
23459,0425182908 0380731851 0446611212 0440225701 0425172546 0553582747 0440241537 0425179885 034541389X 0553572326
23475,043935806X 059035342X 0439136369 0452282829 015100692X 0316569321 0060392452 080410753X 0553213105 0671708635
23498,0385486804 0452282152 0156027321 0316284955 0425175405 067976402X 0671004573 0671867172 0553582755 0449003795
23511,044023722X 0440241073 0440224764 0440211727 0345417623 0440214041 0440236673 044021145X 0061009059 0440225701
23547,0312980140 0671001795 0061009059 0312265859 0312306326 0312983867 0312265867 0312983271 0312983301 031298328X
23571,0060928336 0140119906 0439139600 0786868716 0679429220 0553375407 0671001795 006447108X 0061009059 0064471101
23582,0671027360 0312995423 0671027387 0446610038 0440206154 0061015725 0446607657 0553582127 0385505833 0451206525
23619,0316666343 0316096199 0156027321 0316781266 038550926X 0316969443 0385503822 0446610399 0345417623 0375726403
23624,051513287X 0515131229 0515132020 0515128546 0515128554 0515132187 051511779X 0373244487 0425183971 0373218192
23631,0316666343 0671021001 0440207622 0345337662 037570504X 0385479565 0446364282 0446603309 0446610542 0446360732
23642,0156027321 0385492081 0385504209 0553375407 006101351X 0316776963 0345427637 0441172717 0679457526 0385479565
23650,0515128546 0373484410 0380762595 0380814803 0373483503 0380762609 0671744216 0373218397 0515128554 0515126772
23652,0425154092 0446610038 0446607657 044023722X 0446601241 0440224764 0380731851 0679781587 0553582127 0786868716
23659,0385504209 0842329129 0842329218 0385484518 0060934417 0060502258 0842329242 0842329250 0345339681 0446532231
23664,0439064872 0439136369 0439139600 0385504209 043935806X 0312195516 0060928336 0671027360 0452282152 0375700757
23666,0140298479 0345337662 034538475X 0446670251 0345384466 0345351525 0449212602 042513525X 0452282152 0380789035
23680,0671004573 0671004549 0671867091 0515126772 0515128554 0671867156 0446612790 055356160X 0440225701 0373218397
23699,0385504209 0060976845 0060928336 0345339738 0446310786 0141000198 0345339681 0452282152 0671021001 059035342X
23714,0446310786 0684801523 0446672211 0380002930 0142001740 0316769487 0312291639 0060502258 0553272535 0440219078
23725,044023722X 0449212602 0061009059 0375726403 0312195516 0385486804 0156027321 0440225701 0060987103 0440241537
23768,0142001740 0452282195 044651862X 0385497466 0670880728 014029628X 0394800168 0440226430 0375727345 0609804138
23771,0440234743 0553582755 0446605484 0446612545 0316666343 0679781587 0425175405 0446604801 0553582747 0425147622
23775,0066238501 0373710992 0440213991 0877733759 0140275290 0373710615 0552121606 0752809032 0751529087 0552103721
23835,0385484518 0060502258 0385504209 0804106304 0345339681 0399144463 0743436210 0446532231 0316769487 0316666343
23847,014028009X 0441003257 0060987529 0316284955 0380789035 0375760911 0375725784 0440220602 0385498802 0440226430
23871,0515128554 0515126772 0385484518 051513287X 0515131229 0440226430 0142001740 0440222656 0515132020 0345361792
23872,0679781587 0142001740 0446610038 0060976845 0425152251 0060915544 0684801523 0451163966 0060922532 0446670251
23881,0440213525 0440224764 0440214041 0440211727 044022165X 0446606189 0440226430 0440221471 0440220602 0446364193
23902,044651652X 0440234743 006016848X 0553268880 0440224764 0385508042 0446606189 0312976275 0345337662 0375706771
23933,0312980140 0061009059 0312966091 0671001795 0312983867 0312976275 0312983271 0312265859 0312990456 031298328X
23939,0060502258 0446605239 0440940001 0440206154 0446606812 0345387651 0060976845 0679744398 0385474016 0375703055
24027,0399144463 0786881852 0609804138 0316601950 0316666343 0385484518 0440178002 0446610038 0671708635 0671001795
24052,0385503822 0316666009 0385508042 0316693235 0142001740 0446679593 0316693200 0446531332 0316602906 0385510438
24082,0671027360 0156027321 0142001740 0316666343 0312195516 0440241537 0345339703 0312995423 0385511612 0060938455
24090,0452282152 0385722206 0671510053 0312305060 0060976845 044023722X 0060915544 0312291639 0449005615 0060958022
24105,0140293248 0312980159 0385335482 0312980140 0440241162 0140298479 0385336179 0141000198 0312966970 0061009059
24145,059035342X 0439136369 0439139600 043935806X 0439136350 0439139597 0439064864 0590353403 0786881852 0345342968
24172,059048351X 0590494457 0590568744 0590483552 0590568752 0590494465 0590466194 0440225701 059045367X 0590483455
24186,0316666343 0440224675 0440180295 0451524934 0439139597 0439136350 0439139600 0316284955 0439064872 0590353403
24188,0345417623 0345378482 0609610597 067976402X 0316666343 0671021001 0440211727 0066214122 0385511612 0345370775
24191,0312195516 0446672211 0375702709 0345443284 0671038184 068484477X 0345439104 0446675059 0375502238 0316781266
24193,0399144463 0786881852 0446532231 044651652X 0553272535 0385484518 0385503822 002542730X 0440234743 0385511612
24194,0312278586 0440414806 0385335881 0316666343 0385335482 0451526341 0440940001 0385336179 039480001X 0345342968
24204,0553296981 0312971346 0440414806 055321313X 0671001795 0671004530 0446310786 0312966970 0446611212 0553274295
24211,044021145X 0440213525 0440211727 0425083837 0446359866 0385424728 0060928336 0060392452 0440224764 0446605239
24217,0375726403 0316096199 0440221595 0345361792 0375412530 0375725784 0060987529 0312282990 0060987103 0374129983
24283,059035342X 3150000017 3442541751 3492045170 0684872153 3423202327 3257229534 0439064872 3423201509 3257227809
24301,0440211727 0553250531 051513287X 0553289411 0440202043 0064400557 0553280945 0380018179 0449212602 0425083837
24325,0452282152 0156027321 0316776963 0142001740 0375725784 0385492081 0439064872 0345361792 0312282990 0441003257
24342,0060938455 0670892963 0316777722 0060392452 0553272535 0316777730 0441790348 0312278586 0385504209 0140143505
24348,0060938455 0446606189 0345342968 044023722X 0375707972 0440234743 038542017X 0446610038 0316781266 0446364193
24379,0679781587 0312195516 0142001740 0060959037 0060915544 0060930535 0375700757 0316666343 0385504209 0449005615
24391,0385511612 0385508042 0316969680 0385504209 0316693006 0316666009 0316693235 0385490992 0316693200 0385510438
24427,0440214041 0440221471 044021145X 0440224764 0440211727 0440225701 0440220602 0380710218 0440234743 0440222656
24433,0345443284 0671003755 0140293248 006101351X 0060987103 0385486804 0375707972 0060391626 0385492081 0679781587
24440,043935806X 0439139600 0452282152 0312195516 0553213148 0440211727 0060936231 0345417623 0312305060 0028604199
24452,0553250531 0553250426 0553280945 0451169530 0609610597 0375700757 006101351X 0446607657 0345339681 0671027387
24458,0316666343 0330332775 0385504209 0156027321 0553572997 0312278586 0060938455 0330367358 0375725784 0385336179
24459,3442541751 3257227809 0385504209 3423201509 3257229909 3423202327 3257229364 3492045170 325722575X 3426029553
24462,8408043641 8433969978 8445071416 8432206407 0312924585 8477204055 0060929871 8401328942 8420616893 0684859335
24515,0345427637 0345380371 0385504209 0425152251 0380002930 0060916508 038533334X 0451524934 0345391802 0385720106
24525,0060959037 0142001740 0452282152 0679781587 0151008116 0060987103 0385720106 0375726403 0060934417 0060915544
24556,0385484518 0786868716 0140067477 0060928336 0345339681 044651652X 0345361792 0316096199 0452264464 0446519138
24558,0316666343 0385335482 0375726403 0316096199 0316776963 0670880728 014028009X 0385336179 038550926X 0312195516
24570,0446310786 0316666343 0375725784 0060921145 0312278586 0060976845 0316769487 0446605239 0671021001 0060915544
24585,044021145X 0440213525 0440214041 0553572997 0385504209 0440211727 0440224764 0156027321 0440221471 0440220602
24612,0375705856 0316776963 0312282990 0375726403 0060934417 0609608444 0449911519 0452282152 0060977493 0312421273
24624,0446605239 0786868716 0380789019 067976402X 0671510053 0385505833 0842329218 0446608955 0440235162 0446607657
24627,0446672211 044021145X 0440211727 0345337662 014028009X 0070212570 0553560247 0312243022 044022165X 0316601950
24632,0385504209 0385508042 0385511612 0399150897 0671027387 0385510438 0316603570 0316693006 0066214122 0312995423
24641,0385492081 0140042598 0553296981 0451526341 0671021001 0553380095 0345342968 0553279378 0449907481 0399501487
24642,0385504209 0452282152 0316666343 0060928336 0060930535 0679781587 0316284955 0446672211 0156027321 0060959037
24662,0060936231 0380977788 0553213148 044023722X 0345417623 0345380371 043935806X 0312195516 059035342X 0380718332
24682,3442541751 3492045170 3150000017 3423201509 3423202327 325722575X 3423202947 3257229534 3426029553 3257227809
24694,0380789035 0345413350 0345417623 0312278586 0156027321 0066214122 0380789019 0553211404 0060938455 014100018X
24697,0385504209 042510107X 0425143325 0425170349 0345417623 0425180964 0553260111 0671027360 0425116840 0440241537
24709,0553574574 0064407667 0312305060 0375703055 0345351525 0140620109 0679442790 0316769487 0060502258 0345337662
24733,0316666343 0553572997 059035342X 0553268880 0446606812 0671041789 0312195516 0312278586 0451526341 0446531332
24751,0679781587 0385486804 0684874350 0684872153 0446677450 0553263218 0373484003 0440224764 0446610038 0425169863
24767,0316776963 0060987529 0345339703 0439064872 0345337662 0345339711 0439139597 0439136369 059035342X 0590353403
24768,0060987103 0380789019 0380789035 0060930535 0399501487 0446605484 0446611212 0375725784 0446670111 0345361792
24769,044023722X 0440241073 0061015725 0345417623 0312995423 0425180964 0671027360 0446611778 0440234743 0425170349
24773,0380789035 0060987103 0380789019 0441790348 0399501487 044661193X 0345342968 0385492081 0446604666 0446394521
24778,0552124753 0552131067 0552131059 0552128481 0552137030 0552134619 0552140295 0552134643 0552134635 0552145424
24835,0553296981 0786868716 0671027387 0375826688 0142001430 0380789019 0553272535 0671027360 0375760911 0066214122
24838,0060392452 0312195516 0385504209 0446532231 0142001740 0671027360 0385722206 0312305060 014028009X 0375707972
24846,0553572997 0452283205 044023722X 0449911519 0385504209 0156027321 0385722206 0142001430 0385720106 0452282152
24878,0446672211 0345361792 0452282152 0671510053 0060959037 0142001740 0440226430 0345443284 0452282829 0060391626
24921,0446672211 0316666343 0446608955 0446605239 0440226430 044651652X 0440211263 0312278586 0446611867 0446516538
24922,0099771519 0330332775 0156027321 0330367358 0552998001 0552137030 0552996009 0552998486 0552124753 0749397543
24933,0425182908 038550120X 0440206154 0316666009 0385503822 0671011367 0345339681 0446606812 0316602051 0316693200
24934,0345337662 0345313860 0312195516 0375726403 0440222656 0385504209 0140298479 0440211263 0375700757 0140293248
24945,0385486804 0684874350 0679781587 0425152251 0385420161 0385479565 0767902521 0679746048 0671003755 0385504209
24960,044023722X 0679781587 0440220602 0440234743 014028009X 0440211727 0440224675 0425170349 0385424736 0385504209
24995,0446612790 0671027360 0385504209 0446611638 0399150897 0446610038 0385510438 0446607657 0425189864 0553582747
25009,0451190548 0451190521 0451156609 0451190572 0451190556 0451137965 0451176464 0451186362 0451180232 0451163524
25041,0684801523 0451191145 0451524934 0345391810 0060915544 0345342968 0553208845 0140440046 0684801221 0553562614
25048,0375700757 0312976275 0449213943 0380002930 0312966091 044661193X 0553279378 0671001795 0312966970 0446310786
25103,0380789035 0375725784 0060938455 0316776963 0380813815 0142001740 0441569595 0060392452 0316284955 0385720920
25109,0385504209 0156027321 0312195516 0316096199 0316284955 0375726403 0316776963 0743418174 0312278586 0375725784
25131,0375727345 0142000205 0316666343 0375707972 0316769487 0316284955 0446310786 0385484518 067976402X 0375706771
25216,0142001740 044023722X 0452282152 0060987529 0060928336 0156027321 0061009059 0385504209 0060959037 0312305060
25217,0316769487 0060502258 0099387913 0446532231 0571154913 0091867770 0349101779 0345337662 0140258418 0312966970
25225,0446364193 0446601241 0316601950 044023722X 0440234743 0425180638 0446610038 0440214041 0440211727 0440224764
25253,0446672211 0316601950 0060930535 0312195516 0375707972 0316666343 0425167313 0385265700 0060959037 0671510053
25261,0446610038 0142000205 0060502258 0446611212 0446605484 0553280341 0316601950 0446364193 0316666343 0446610399
25298,002542730X 0345348036 0060987103 0552137030 0060502258 0156528207 0345402871 0064407667 0028604199 0345391055
25324,0451526341 0140620869 0451524934 0060502258 0380977788 0345361792 0440180295 0140620109 0441569595 0140620427
25351,0671021001 0609804138 006101351X 0446612545 0446603589 0971880107 0380813815 0345387651 0385492081 044651862X
25359,0060976845 0060987561 006101351X 0316666343 0786881852 0446606812 0553279378 0140067477 067976402X 0380789035
25373,0449003795 0449003787 0425192725 0312995423 0446611638 044922046X 0345447867 0446611778 034541389X 0440236703
25389,0553582127 0553582526 0425183971 0425189031 0061015725 0439139597 0553582135 0380731851 0446612790 0446667900
25395,044022165X 0440211727 0440213525 0440220602 0385504209 0385424728 0385424736 0440224764 0440225701 0385508042
25405,0375707972 0312195516 0316666343 0060930535 0452264464 0679781587 0385265700 0142000205 0375726403 0060921145
25409,0385336179 0140293248 0312983271 0385335881 0373250126 0140298479 014028009X 0061009059 0399501487 0385335830
25410,0452282152 0385504209 044023722X 0060930535 0156027321 0060987103 0671027360 0375726403 0142001740 0312305060
25413,0345342968 0385492081 0553260111 0345353145 0446310786 0451163966 0345378482 0345339738 0452264464 0441569595
25436,2253063339 2253044903 2290311782 2266023039 2070360024 2253057843 2253005274 2205054252 2070408507 2277260029
25443,0140293248 014028009X 880781210X 8806143042 0312278586 8806166484 0060502258 0440226430 0440235596 8845215989
25454,0345443284 0375727345 0385505833 0142004235 0451191145 0060392452 0316781266 0385484518 043935806X 038533334X
25466,2253063339 2253150711 2266023039 2070360024 2290311782 2205054252 2070408507 2253005274 2253152846 2277260029
25533,0552137030 0552124753 0062502182 0330367358 0552996009 000649840X 0590660543 0380789019 0349101779 0449212602
25542,0316666343 0312195516 0971880107 059035342X 3150000017 0553375407 0060934417 3492045170 0345337662 3423202327
25545,0385503822 0385508042 0385505833 038550120X 0440234743 0440214041 0316969680 0385493800 0440211727 0385511612
25561,0156027321 0679781587 0375725784 0385486804 0060977493 0385722206 0151008116 0385498802 0375726403 0060934417
25580,0440206154 0425143325 0425116840 0440224675 0312924585 0425083837 0345380371 0345353145 006101351X 0345378490
25583,0345417623 0345380371 0440241073 0671021001 0440211727 0440206154 0440213525 0345402871 0345353145 0440222656
25601,0385504209 0385424728 0316777722 0316779423 0553572997 067976402X 0446359866 0312995423 0380813815 0316601950
25604,0451177096 0380978415 0425107469 0385486804 0312265867 0060976241 0066214122 0425130711 0345384350 0156027321
25630,0440235596 0679781587 0684803860 0440222656 0553256696 0440223202 0142001740 0345342968 0553560247 0380780860
25636,0345361792 0786881852 080410753X 0786868716 0671708635 0446532231 0440221471 0385490445 0684874350 0060915544
25674,0553572997 0345438329 0375725784 0425152251 0140254544 0441003257 0441569595 0553578359 0440514428 0451524934
25695,0440206154 0345370775 0345353145 0345417623 0345378482 0345402871 0345391055 0684872153 0446610038 0312924585
25700,0446611778 0425180964 0312982518 0440224675 0142000205 0446611212 0425191184 0425170349 0425150143 0440206154
25711,0316666343 0385335482 0060976845 0671021001 0316096199 0679746048 0446672211 0140293248 0316601950 0446605239
25792,0375707972 0375700757 0064407667 0679429220 044651862X 0060392452 0552137030 0380789035 0316777730 0671250671
25804,0062502182 0345361792 0385335482 0060915544 0446532231 0380012863 0061097314 0786881852 002542730X 0553279378
25827,0375706771 0316096199 0316601950 0060987529 014023313X 0316569321 0446310786 0385505833 0380731851 0440180295
25850,059035342X 0786881852 0385484518 0439136369 0385492081 0385504209 0399144463 0439139600 0452264464 044651652X
25856,0312966091 0312971346 0061009059 0671001795 0312966970 0312980140 0312976275 0345438329 0449219461 0312983867
25890,0385504209 0312995423 0446612790 0671027360 0446610038 0671027387 0060934417 0449003795 044023722X 0312305060
25893,3442541751 3150000017 3492045170 3423202327 3423201509 3257229534 0671021001 3423202947 325722575X 3257227809
25916,0060502258 0142001740 014025448X 0060987103 0345339681 0373218397 0553573136 002542730X 0061020710 0373484224
25919,0439064872 0439136350 0439139597 0439064864 0590353403 0440206154 0345339681 0440224675 0446608955 0312278586
25930,0345339681 0449907481 0380727501 0671027360 0312995423 0452282829 038533334X 0345445848 0060934417 0553250426
25966,044023722X 067976402X 0679781587 0452282152 0316666343 0679429220 0440241073 0060930535 068484477X 0060987103
25976,0312976275 0312966091 0312971346 0312980140 0671001795 0312983867 0061009059 0312983271 0312990456 0312265867
25981,0312976275 0446531332 0385484518 034540288X 0345342968 0451166582 0316969680 038542471X 0446527033 0345353145
25996,0446310786 0671003755 0316769487 0684801523 067088300X 0345342968 0451163966 0553279378 0060921145 0345350499
26030,0553572997 0380789035 0449912558 0312282990 0393317552 0060175966 0385722206 0142002267 0380727501 0609608444
26057,0316666343 0446310786 0060928336 0439136350 0446672211 0671021001 059035342X 0439064864 0439139597 0446608955
26070,0345413369 0446310786 0440498058 0345413377 0440401585 0064400557 0345348036 0064472272 0064407055 0671021001
26084,0345342968 0060502258 0142001740 0316769487 0440219078 0345370775 0060929871 0451526341 0679781587 0452282152
26120,0552137030 0552124753 0552131067 0590660543 0380977788 0552131059 0099771519 0552134627 0552131075 0552996009
26121,0440214041 0440211727 0440213525 0385730586 0345380371 0312195516 044021145X 0553572997 0060392452 044022165X
26122,0440211727 0440213525 0440214041 0553572997 0345380371 0060936231 0380977788 0452282152 0060929871 0060392452
26124,0385504209 0671027360 0312995423 0385508042 0066214122 0399150897 0061015725 0385511612 0312263120 0316603570
26134,0679781587 0316666009 0385503822 0316666343 0380731851 0385497466 0375506039 0399143947 0399146253 0684195984
26145,0345313151 0345338588 0345353145 0345347536 0380759497 0345313097 0345354931 0345318862 0441569595 0553262505
26146,0099771519 0156027321 0330332775 000649840X 0375703861 0091867770 0349101779 0552137030 0749395990 0552998486
26153,0449219461 0070212570 0449223612 0399147195 0553280341 0312966091 0380725835 0553279556 0449221512 0312971346
26182,0451524934 0345339703 0345339738 0345339711 0345342968 0446310786 0451526341 0316769487 0439064872 0060929871
26196,0553208845 0451524934 0316776963 0064400557 0060929871 0345380371 0345342968 0060916508 0452280621 0553572997
26206,0316666343 0375727345 0316776963 0060934417 0142000205 0451191145 0316284955 0452282829 0345446860 067976402X
26209,0385504209 0312278586 0312195516 0316284955 0743418174 0446310786 0446672211 0385511612 0385486804 0316776963
26231,044023722X 0440234743 0345417623 0440211727 0440224764 044021145X 0440236673 0440225701 0440221471 067976402X
26240,0345313860 0441000916 0312195516 0441304834 0345351525 0345423402 0441002935 0441001971 0441003745 0441004520
26284,0671003755 044900371X 0380789035 0449005615 0671510053 0345413350 0380789019 014023313X 0140293248 0385498802
26326,0316666343 0312966970 0312976275 0440206154 0312966091 0312971346 0330332775 0312195516 0060392452 0747546290
26346,0385505833 0451167716 0451523377 0312924585 038550120X 0679745203 0553377868 0156001314 0385503822 0345348036
26371,0440234743 0345337662 0671027360 0440241073 0385504209 0440236673 044022165X 0440220602 0345351525 0060930535
26374,0316601950 0375706771 0446672211 0385720106 0375727345 068484477X 0375707972 0345443284 0452282152 0671038184
26412,0452282152 0385722206 0156027321 0060934417 0060930535 0375726403 0312282990 0375725784 0312195516 0449005615
26424,0345335465 0756401364 0440221471 0451457935 0553573403 0345350499 0765342987 0671721291 0316776963 0451458915
26432,0385486804 0399501487 0441003257 0140293248 0425152251 0380789035 0679745203 0375725784 006101351X 0684801523
26443,2253063339 2253150711 2253044903 2070360024 2266023039 2290311782 2253057843 2205054252 2253005274 2070408507
26487,0061009059 0385335482 0385335881 0140293248 0142001740 0385336179 0312983271 0316096199 0743418174 0316601950
26516,051513628X 0515128546 0515136530 0515128554 0515126772 0515132020 051513287X 0440226430 0515131229 0373218397
26517,044021145X 014025448X 0375706771 0452282829 0440214041 0070212570 0316782505 0345438329 0446672211 0345445848
26518,0440226430 0446672211 0375706771 0316601950 0375707972 0140293248 0671003755 0142000205 0425162443 0060928336
26521,0316666343 0446672211 0316781266 0452282152 0375706771 0446608955 0446531332 0312306326 0440241073 0345443284
26527,0439064872 059035342X 0439136369 0345342968 0060987103 0375826688 0385474016 0439139600 0440237688 044048474X
26535,0679781587 0684872153 0345339681 0316168815 0440220602 0060938455 044023722X 0060502258 0671027360 0316666343
26538,0312195516 0446672211 0375707972 0316666343 0060930535 0060976845 0380730138 0061097101 0375727345 0385720106
26544,0316666343 0446608955 0061097101 0440226430 068484477X 0375500510 0312278586 0316601950 0060392452 0515128546
26548,0312278586 0156027321 0312195516 0385504209 0316096199 0316284955 0743418174 0066214122 0449005615 0151008116
26553,0345313860 0345351525 0345337662 0399501487 0451160525 0671027360 0385504209 0345384466 0380789019 0345342968
26561,0345370775 0451167317 0312976275 0345402871 0451156609 0440241073 0451172817 0312966091 044023722X 0345391055
26579,0385486804 0440235596 0449005615 006101351X 0345370775 0140293248 0060930535 059035342X 0385336179 0449003787
26583,0786881852 0671708635 0452260116 0446606812 044651862X 0440225701 0679429220 0451191145 0525945725 068484477X
26593,0440414806 0553279912 0449221490 0440225701 0553279556 0449223604 0449221482 0553280341 0553280368 0449221512
26598,0452282152 0440215625 0060928336 0316601950 0060930535 0142001740 0060959037 0385504209 0679781587 0375703055
26611,0385265700 0345443284 0316899984 0375706771 0671021001 067976402X 0380730138 0440226430 0449907481 0140244824
26612,0671011367 0312980140 034541389X 0380710218 0380731851 059035342X 055356451X 0312966970 0345447867 0312966091
26615,0142001740 0385335881 0385504209 0385336179 0743418174 0060938455 0140293248 0312291639 044023722X 0060928336
26616,0345370775 0345417623 0684801221 0345378482 034540288X 0060929871 0553208845 0316666343 0842329129 0743436210
26620,0312976275 0061009059 0671001795 0312983271 0312990456 0312265867 0440241073 0312306326 0553280341 0312265840
26621,0316666343 0064407667 0060987103 0345384466 0140298479 0140293248 0312278586 0553582747 0446670251 0312291639
26624,0440180295 0671027360 0451163966 0385730586 0446310786 0156628708 0061015725 0385335881 0385335482 0060976845
26628,0671038184 0385720106 0380730138 038079487X 0345361792 0671510053 0375707972 068484477X 0684872153 0671003755
26664,0552124753 0552131067 0552131059 0552128481 0552137030 0552131075 0064407667 0552140295 0552134651 0552145424
26711,0345370775 0345353145 034540288X 0345417623 0345378482 0345380371 044023722X 0345391055 0345337662 0451183665
26713,0345313860 0140298479 0316601950 0345351525 034538475X 0375725784 0345436911 0345384466 0375706771 0385335482
26751,0316666343 0060392452 0836218620 0836218353 0836204387 0836217691 0316284955 0836218221 0062502182 0812550706
26756,044021145X 0440221471 0440214041 0316769487 0440220602 0060938455 0440211263 0451524934 0440234743 0440213525
26761,0451524934 0316769487 0399501487 0440180295 0679735771 0451526341 0140042598 0385720920 0060938455 0316777730
26774,0345339703 0345339738 0345339711 0439064872 043935806X 0385504209 0439139597 0439136350 0439064864 0439136369
26782,0440234743 0345417623 0440241073 0316693006 0446601241 044023722X 0446607657 0446606189 0446364193 0425154092
26813,0140293248 014028009X 0385335482 0060928336 0316096199 0446670251 0312278586 002542730X 8806143042 0060502258
26823,044021145X 0345353145 0345370775 0399501487 0345378482 0345380371 034540288X 044022165X 0671004107 0345337662
26860,0440226430 0345389964 0345361792 0552996009 0091867770 0099727412 0345424719 0330332775 0312274920 0451190491
26883,0385335482 0060928336 0385336179 0743418174 0099771519 0385335881 0671027360 0385730586 0060008032 0140298479
26927,0345417623 0061009059 0451183665 0312966091 0671001795 0553213148 0345413350 0380731851 055321313X 0064405842
26938,0345370775 0060502258 0312924585 0553213164 055321313X 0060930535 0553213180 0553213156 0553213148 0553213172
26939,0440234743 0609804138 034536676X 067102423X 0451184963 0451156609 0451177096 0064471101 0440225701 0345361792
26949,0099771519 0552996181 000649840X 0330332775 0552998001 0552996009 0552998486 0140265988 0099279274 0749397543
27017,042516098X 0671880314 0439064872 0440225701 0385335881 044651652X 0446672211 0316666009 051513287X 0425154092
27061,0440211263 8408043641 8445071416 8432206407 8433969978 059035342X 0451169522 0140298479 8478884955 0671021001
27091,0345370775 0345342968 0345378490 0345353145 0345348036 0345339681 0440206154 0385486804 0060502258 0440213525
27100,3442541751 3423201509 3492045170 3423202327 3426029553 325722575X 3423202947 3257229534 3150000017 3257227809
27140,0142001740 0060930535 0312291639 0671003755 0767900383 0446606812 0440211727 0140119906 0312305060 0316168815
27169,0440204887 0380012863 0312983824 0440226430 0062502182 0156027321 0140067477 0375506039 0671027344 0440222656
27193,0345361792 0375706771 0142001740 0070212570 0375707972 0441003257 014023313X 0375703063 0375727345 0060976845
27204,0425107469 0425128164 0345378490 0425124347 044021145X 0553580221 0345386108 0345353145 0425153975 0425181103
27214,0671027360 0385504209 0060392452 0345339681 0446605239 0671727796 0671027387 0380807343 044651862X 0375703764
27222,0316666343 0316602906 0316693006 0312278586 0066214122 0316603570 0399150897 0385503822 0316969680 0316666009
27228,0399144463 0446603589 0609804138 0060392452 0446532231 0441172717 0142004235 0679781587 0380002930 0385484518
27265,0316601950 044023722X 0312195516 0060976845 0060930535 0440211727 0345439104 0060936363 0141000198 0060959037
27313,0316769487 0312278586 059035342X 0446672211 0446605239 0553296981 0380814021 014100018X 0440219078 0441005489
27317,0312278586 0316666343 0671021001 0375706771 0316601950 0446672211 038079487X 0440226430 0140293248 0316769487
27329,0060915544 0385720106 0060976845 0375707972 0060959037 0671021001 0316601950 068484477X 0446672211 0375702709
27352,0312195516 0142001740 0671003755 0060915544 0452282152 0060987103 0375700757 0060976845 0060928336 044023722X
27363,0552998486 0099771519 0552137030 0091867770 0552131067 0552998001 0552124753 0804106304 0440206154 0552996009
27383,044023722X 0385511612 0385508042 0446607657 0446606189 0385504209 0316693235 0316666009 0440234743 044022165X
27462,0312291639 0140293248 0671670689 014028009X 0440226430 0671020293 067164257X 0671642561 0671759345 0671695169
27472,0446672211 0070212570 0380002930 0446364193 0312278586 0553580191 0312195516 0452269571 0385474016 0316769487
27538,0440211727 044021145X 0440213525 044022165X 0440220602 0440224764 0440221471 0440234743 0345380371 0440225701
27551,0842329129 0842329218 0842329242 0842329250 0385484518 0345339681 0842329269 0385504209 0842329277 0842332251
27573,0552124753 0552128481 0552131059 0552131075 0552134627 0552140295 0552145424 0552134635 0552134619 0552134651
27593,8408043641 0385265700 8433969978 0312291639 044023722X 8432206407 8420441708 8445071416 0375726403 043935806X
27606,0345313860 0375725784 059035342X 0452282152 0345397819 0060987103 0099771519 0441003257 0553262505 0385730586
27616,0679781587 059035342X 0786881852 0439064872 0385504209 0312195516 0385484518 0425152251 0684874350 0553274503
27617,0451176464 0451184963 0451524934 0451156609 0553272535 0670858692 0525941908 0451099648 0451163524 0451190548
27621,0385486804 0142001430 0553572997 0385420161 067976402X 0385509456 0385722206 0312201656 0316601950 0446604658
27647,0316666343 0743418174 0380977788 0452282152 0375725849 0449212602 0670030643 014029628X 0553572997 0385494246
27650,0385504209 0452282152 0142001740 0060928336 044023722X 0316284955 0679781587 0060959037 0671027360 0060987103
27673,0451166892 0446607657 0345446860 0316168815 0425180638 0804106304 0671004107 0553575384 044021145X 0316693006
27684,0060930535 0446672211 0316601950 0375727345 0375707972 0060928336 0440241073 0060976845 0312195516 0440236673
27740,0385504209 0385510438 0385508042 0385511612 0399150897 0316693006 0316603570 0316602906 0316666009 0385503822
27744,3442541751 3492045170 3423201509 3150000017 3423202327 3426029553 3257229534 325722575X 3423202947 3442092981
27788,0446605239 0385335482 0375707972 014100018X 0060502258 0804106304 0440206154 0060987103 0385729340 0060392452
27809,0425152251 0399144463 0451524934 0451526341 0385504209 0140042598 0553208845 0441569595 0399501487 0451163966
27812,0312195516 0385504209 0679781587 0060930535 0449005615 0671027360 014028009X 0679731148 0375725784 0609804138
27813,051513287X 0515128554 0515131229 0515132020 0515126772 051512608X 0373244487 051511779X 0373483503 051513628X
27821,0451167317 0451172817 067102423X 0451184963 0451161351 0345370775 0451170385 0451156609 0451180232 0451162072
27875,0060392452 0671021001 044021145X 044022103X 0312971346 0312966091 039480001X 0440213525 044022165X 0446310786
27888,0064407667 059035342X 0064407675 0440414806 0553274295 0064407683 0439136369 014034294X 0590483552 0380814021
27891,0060976845 014100018X 0316666343 0385335482 0312278586 0385722206 0385335881 0316601950 0684801523 0425163407
27907,0140067477 034540288X 0345342968 0345370775 0345339681 0060987103 0345378490 0020442203 0671042858 0399501487
27936,0804106304 0316666343 0553274503 0385265700 0451191145 0449907481 0449003795 0440235596 0399501487 0671510053
27947,0312195516 044021145X 0440222656 0553272535 0446364193 0440235596 0440214041 0142001805 0446611085 0553268880
27961,0446610038 0804106304 0345368991 0345339495 0345369335 034529873X 0345368932 0345335465 0345384911 0345335082
28016,059035342X 043935806X 0385484518 0316569321 0316601950 0439136350 0439139597 0375727345 0446608955 0385335830
28056,0446672211 0385484518 0380730138 0671003755 0312195516 0375706771 0452282829 0060976845 0385720106 0060959037
28072,0345350499 0553562738 0345413350 0553573403 0451456718 0345413377 0345413369 0345335457 0345335708 0345335465
28076,0312195516 0060392452 0385504209 0385335482 0060930535 0060938455 0060987103 0375725784 0446610542 0312966970
28091,0345417623 0440241073 0060502258 0312291639 0060938455 0345402871 0452282152 0312195516 080410753X 0440213525
28096,0375706771 0316601950 0440222656 0440212561 0440226430 0446672211 0316284955 0440215625 0440214041 0312980159
28139,0316096199 0316666343 0142001430 0060987103 0060934417 0345438329 0452260116 0312422156 0345361792 0553273914
28144,0380731851 0440211727 0440224675 044023722X 0345353145 0312924585 0345391055 0440213525 0345402871 0345380371
28150,0385504209 0439139597 0671027360 0316769487 0439064864 0439136350 0345342968 0439139600 0452282152 0590353403
28156,0385335482 0385730586 0380002930 0312278586 0446310786 0064472795 0385335881 0060096195 0446670251 014029628X
28177,0452282152 0060987561 0060959037 0671003755 0345361792 0375726403 0375706771 0142001740 0312195516 0060928336
28204,0553280341 0446610038 067976402X 0553271636 0671028375 0446672211 0312195516 0385504209 0679781587 0449003795
28219,0786868716 0804106304 0060502258 0385484518 0786881852 0446677450 0842329129 0345417623 0446532231 080410526X
28222,0316666343 0156027321 044023722X 0385484518 0316769487 0316096199 0066214122 0385504209 0060987103 0553582747
28255,0446672211 0060915544 0452264464 0440211727 0440998050 0312195516 0060959037 0448095017 0140298479 0440221471
28257,0786868716 044023722X 0345443284 0312291639 0316096199 0446364193 0553582747 0446679593 0385505833 0446610038
28289,0671027360 0385511612 0156027321 0385510438 0446531332 0142001740 0446605239 0312278586 0743418174 0316693006
28360,0446672211 0312195516 014028009X 0440235596 0440225701 0316284955 0440236673 0671003755 0679781587 055321313X
28372,0316284955 0671003755 0380789019 0316666343 0385474016 0070212570 0671617028 0425152251 0060915544 0671004549
28373,0330332775 0552137030 0552124753 0099771519 0590112899 0552131067 000649840X 0552131059 0349101779 0552128481
28430,0345370775 034538475X 034540288X 0385484518 0345353145 0345337662 0385504209 0345384466 0345339703 0062502182
28448,0446605239 0385484518 0446608955 0140293248 0446610399 0440226430 0316096199 0446672211 0786868716 0590353403
28451,0515126772 0515128546 0515128554 0515121843 0373218397 0515133973 0373218192 0515135062 051512317X 0515130389
28454,0385504209 0316603570 0316693006 0385510438 0316603287 0316666343 0385508042 0399150897 0446605239 0316602906
28477,0316666343 0380002930 0316769487 0345350499 0441304834 0671021001 0345361792 0671003755 0440215625 0345413350
28481,059035342X 0439136369 0439139600 0316666343 0679781587 0345342968 0439136350 0312195516 0440211263 0439064864
28492,0446610038 0552996009 0425152251 0451166892 0140119906 0099771519 0380977788 055357258X 0380718340 0684874350
28519,0312924585 0312976275 0061009059 0345370775 0312971346 0440211727 0345436911 0440214041 0345337662 0060976845
28523,059035342X 0446606812 0451526341 0439064864 0439136369 0439139597 0439136350 0553280414 0439139600 0446605239
28525,0345361792 0553258001 055321313X 0446672211 0449212602 0440498058 0312421273 0380018179 0671250671 0440226430
28537,3442541751 3492045170 3150000017 3423201509 3423202327 325722575X 3257229534 3423202947 3442092981 3257227809
28543,0446310786 0380977788 0380002930 0062502182 002542730X 0345391802 0156027321 0553572997 0380789019 0399501487
28591,0156027321 067976402X 0440213525 0375706771 0425169863 0345378490 0316569321 0446610038 0525947647 0151008116
28592,0312278586 0385335482 0060928336 0316601950 0312291639 0142001740 0385504209 0060976845 0316769487 0316096199
28594,0439064872 0345339681 043935806X 0439136369 0439139600 0553296124 0553560719 0440225701 0553568728 0553564927
28602,0316666343 044023722X 0345378482 0316096199 0446606812 0446611867 0441003257 0142001430 0553295772 0345353145
28619,0316601950 0060987561 0671003755 014025448X 0345443284 0316780375 0345439104 0142000205 0380730138 0375707972
28634,0671021001 0440213525 0449006522 0440226430 042518286X 0440224764 044022165X 0425163407 042513525X 0440211263
28647,0385335482 044651652X 0316666343 0385335881 0440226430 038550926X 0316969680 0670880728 0312278586 0385336179
28663,0312305060 0156027321 0452282152 0142001740 0345438329 0385722206 0451203771 0345439104 0553250426 0316168688
28666,0385504209 0345337662 0142001740 0316666343 0345339703 0385503822 0345351525 0553279378 0385511612 0399149848
28667,0345342968 0316769487 0451524934 0062502182 0345348036 0345303067 0449212602 0345417623 0380789035 0553296981
28700,014025448X 0140265686 0070212570 0140270590 044021145X 0385484518 0446675059 0345438329 0452282152 0375726403
28709,0375706771 0060930535 0446672211 0440226430 0375727345 0345443284 0142000205 0375726403 0316601950 0446611085
28731,0316666343 0312195516 0345417623 0060928336 0312278586 0446672211 0671021001 0804106304 0385504209 0449212602
28735,0553375407 0312291639 0156027321 0060502258 0385504209 0385512104 0099771519 0671021001 0316666343 0446603589
28790,0375727345 0142001740 0060502258 0449907481 0449219461 0553572997 0345387651 0440234743 0385504209 0380730138
28820,0441790348 0441003257 0446364193 0345417623 0316666343 0345370775 0345339681 0345353145 0441569595 0140067477
28865,0440241537 0061015725 0671027387 043935806X 0440241073 044023722X 0446611638 0446612545 0312263120 0440234743
28884,0385492081 0345353145 0140293248 0385479565 0385486804 0440224764 0451169530 0425124347 0451156609 044651862X
28899,0446364193 0446601241 0446604801 0446608815 0446607657 0446605484 0446611212 0380718332 0425147622 0440220602
28938,0671021001 002542730X 0385484518 0446532231 0380002930 068484267X 0380977788 0375504613 0553280341 0446603589
28945,0060987103 0679781587 0312305060 0316666343 0142001740 0385504209 0060934417 0385722206 0156027321 0671027360
28993,0609804138 0385335482 0345351525 0451526341 0060096195 0385336179 0345384466 0140293248 0099771519 0552996009
29000,0385720106 0380002930 044021145X 0345380371 0345391802 0345427637 0385504209 0553274503 0380730138 0452264464
29015,0060392452 0671708635 0786881852 0449212602 0440213525 0684874350 0553375407 0440234743 0316666343 0156027321
29028,0451176464 0451177096 0451172817 0451167317 067102423X 0451156609 0451160525 0451163524 0671041789 0440211727
29056,0671027360 0385504209 0312995423 0440241073 044023722X 0061015725 0440241537 0066214122 0142001740 0345417623
29070,0312422156 0385486804 0156027321 0316776963 0060934417 0140293248 0446670111 0375703861 0142001805 0345361792
29094,0553279912 0449221482 0449221512 0449003795 0449219364 0553284789 0553271636 0449221504 0553279556 0449219461
29101,044023722X 0061015725 0345417623 0440241537 0440234743 0440225701 0440236673 0312995423 0446611778 0671027360
29117,0440226430 0440235596 0446611085 0312278586 0142000205 0451203771 0440212561 0060502258 0312983824 0140293248
29133,0060938455 0385490445 0060929790 0449212602 0671003755 0312195516 0452269571 0345313860 039592720X 0684801523
29139,0345446860 044651652X 0451191145 0440220424 0345348036 0446527033 0345391810 0064408639 0375700757 0064407683
29168,0375727345 0316601950 0446672211 0385505833 0671021001 0385503822 0452282829 0375706771 0553572997 038533334X
29204,0440241073 0446611212 0440241537 0440234743 0446612790 0425192725 0385504209 0446611638 034541389X 0446612545
29209,0385504209 0142001740 044023722X 0060934417 0156027321 0380731851 0316666343 0060502258 0452283205 0440241537
29259,0440222656 0842329218 0842329129 044022165X 0842329242 0440214041 0446679593 0380018179 0446609323 0375700757
29291,0375706771 0380789035 0140293248 0425152251 0345350685 0345347951 0517149257 0553293354 0553562738 0380789019
29306,0385479565 0425175405 042516098X 0515131229 0452260116 059035342X 0312924585 0515133973 0446606812 0380717018
29372,0375700757 0449213943 0316782505 0375705856 0671250671 0316781266 0425192725 0743436210 0671708635 0449002632
29380,044022165X 0345337662 0425154092 0385492081 0425175405 0425163407 0671510053 044651862X 0446607657 0345370775
29408,0440214041 0060928336 0380018179 044021145X 0440215625 0553250531 0312966970 0440212561 0345370775 0449212602
29419,0446605239 0446610399 0446608955 0446611867 044023722X 0440241073 0553582747 0446672211 0425107469 0316969443
29424,0316666343 0316601950 0743418174 0142000205 0375706771 0446364193 0385265700 0440234743 0345443284 0446610038
29486,0375727345 0452282152 0142000205 0440222656 0743237188 0312195516 0060959037 0316899984 0385720106 0375726403
29497,0446610038 0440241073 0316601950 0440234743 0446612790 044023722X 0446605484 0425182878 0446364193 0345413903
29526,0060976845 0316666343 014028009X 0060928336 0345438329 0446608955 0446672211 0375726403 0375412530 067976402X
29539,0345380371 0345378490 034540288X 0440206154 0345378482 0440213525 044022165X 0312924585 044021145X 0345402871
29570,0345370775 0316666343 0451524934 0345402871 0440206154 0446532231 0345417623 0312924585 0385504209 0446605239
29648,0440998050 0316666343 0446310786 0553274295 0671003755 0439064864 0440498058 0439136350 0446605239 0446607657
29702,0375727345 0345443284 0385265700 0060391626 0060987561 0316781266 0316569321 0449907481 0140244824 0316666343
29743,0345337662 0345370775 034540288X 0671042572 0451183665 0312924585 0440214041 0684874350 0345378490 0440211727
29789,0375727345 044021145X 0142000205 0375707972 044022165X 0440213525 0316666343 0446310786 0385265700 0452282829
29835,0380789035 0345417623 0060392452 0380789019 0345378490 0553573861 0345368754 0441569595 0553562614 0345391802
29855,0060928336 0671003755 0142000205 0446672211 0060930535 0375702709 0060976845 0345443284 0679781587 0380730138
29867,0142001805 0316666343 0446608955 0515135062 0060959037 0312305060 0345337662 0515133973 0515131229 0385504209
29885,0679746048 0743418174 0385504209 0312278586 0316666343 0385503822 0385484518 0385335482 0385505833 0316603287
29905,0312195516 0060930535 0060928336 0446672211 0440241073 0446605239 0316666343 014025448X 0452282152 044023722X
29915,0312278586 0316666343 0671027360 0553582747 0380731851 0312305060 0142001740 0060987103 0316969443 0316168688
29974,0345361792 0439064872 0142001740 0439136369 0345423402 0345339703 0345339738 0440215625 055329315X 0441004520
30022,0312195516 0380813815 043935806X 014028009X 0312971346 0312966970 0345384466 0312983867 0312980140 0312265867
30029,0440211263 0440223202 0553582747 0380789035 0440221595 0425147622 0553580221 0440235596 0440224594 0425144429
30035,0312980140 0312966970 0312971346 0671001795 0380731851 0440211727 0440224764 044023722X 0312265867 0440225701
30052,0679781587 0312195516 0316769487 0061009059 0312971346 0060928336 0312980140 0312924585 0312966091 0312976275
30072,0345370775 0345378490 034540288X 0345353145 0684872153 0440220653 0441005489 0446310786 0440219078 0671510053
30081,0316666343 0316601950 0446310786 0679746048 0316769487 0399501487 0375706771 0316776963 0060928336 0385504209
30116,0345361792 0451163966 0425152251 0060929871 0345391802 068484267X 0375725849 0440180295 0553208845 0140042598
30120,006101351X 0440220602 044021145X 0440221471 0440224764 0425175405 0425143325 0440241537 0373244487 0440225701
30125,0439064872 059035342X 0439139600 0439139597 0439136350 0439064864 043935806X 0590353403 0345339703 0316777730
30127,0312195516 0142001740 0385504209 043935806X 0452282152 0440222656 0671021001 0446672211 0156027321 0060928336
30131,0394800168 0394800028 0345370775 044651862X 0394800184 0394800206 039480967X 0394839129 0440998050 0394800389
30144,0385486804 0156027321 0679457526 0062502182 0679745203 0385492081 0671510053 0380789019 067976402X 0385722206
30183,0375727345 0375707972 0446605239 0316601950 0671038184 0380730138 0446364193 0142000205 0385265700 0375706771
30202,059048351X 0064407667 0590494457 0590466194 0590483552 0440414806 0590453653 0590483447 0440213525 0590494465
30210,0446605239 0446608955 0786868716 0385504209 0385484518 0446606812 044651862X 0066214122 059035342X 0671027387
30245,0446611212 0385503822 0446605484 0446607657 0446612790 0316969680 0316602906 0446606189 0446609323 0316693006
30246,0671003755 0385265700 0060930535 0440226430 044022165X 0671038184 0375707972 0449907481 0440234743 0452282152
30249,0345348036 0345446860 0440220424 0375700757 0316781266 044651652X 0064408639 0451171357 0156528207 0064407683
30261,0142001740 0452282152 0345443284 0786868716 0446606812 059035342X 0385335830 0385484518 038550926X 0316969443
30263,0375725784 0312422156 0156027321 0375727345 0312305060 0375726403 0375502238 0385722206 0671027360 038572179X
30273,0385335881 0385335482 0743418174 0385335830 0316096199 0312278586 0385336179 0060928336 0061009059 0060096195
30276,0345417623 0142001740 0312195516 0156027321 0385486804 0449212602 0553582127 0062502182 0373218397 0671001795
30279,0375700757 0671510053 0446606189 0449213943 0345348036 0671250671 0312976275 0446363251 0449005615 0553578685
30290,0060930535 0142001740 0385504209 0312195516 0345439104 0312305060 0060938455 0156027321 0061097314 0375727132
30291,0440211263 0440223202 0440221595 0451203771 0440222656 0440204194 0440224594 0743418174 044651652X 0316284955
30316,0142001740 0156027321 0312195516 0060934417 0316776963 0385722206 0312305060 0060938455 0375726403 0452282829
30319,0312278586 0385335881 0679746048 0385336179 0060928336 0140293248 0316666343 0743418174 0446670251 0671021001
30324,0312278586 0743418174 0786868716 0385484518 0156027321 0385504209 0060928336 0380731851 0375726403 0679746048
30333,0440214041 0440211727 0440226430 0440236673 0060928336 044021145X 0385508042 0385497466 0446672211 0440224764
30385,0385504209 0671027360 0156027321 0452282152 0099771519 0451166892 0316666343 0312291639 0142001430 0743418174
30406,0440241073 0440241537 0061015725 0440225701 0449223604 0062502182 0553572997 0553580191 0440236673 0449003787
30408,067102423X 0375504397 0670858692 0451167317 0670855030 0451166582 0451184963 0684867621 0345444884 0670844527
30411,0375703861 0156027321 0552996181 0099771519 0330332775 0385498802 0345361792 0375725784 0061097314 0749395990
30445,0064407667 0439139597 0316569321 0590353403 0439136369 0440414806 0064408647 0446608955 0441005489 0439136350
30461,0345417623 0345380371 0440234743 0440211727 0425109720 042510107X 0440220602 0440214041 044022165X 0425143325
30487,0375726403 0446672211 0060930535 0679429220 0385722206 0679781587 0060391626 068484477X 0060199652 0671003755
30493,044021145X 0440234743 0142001740 0440241073 044022165X 0385492081 0440221471 0452282152 0425143325 0446672211
30495,0345413350 0345348036 0440498058 0345413377 0380789035 0441005489 0440220653 014131088X 0345413369 0064405842
30507,0316769487 044023722X 0345337662 0345446860 0553277472 0345361792 0380012863 0140430725 0385512104 038550120X
30511,038542017X 0316666343 0452283205 038549081X 0345424719 0345465083 044021145X 0375726403 0374199698 006000438X
30531,0440211727 0440214041 0440220602 0440221471 0440234743 044022165X 044023722X 0440241073 0671021001 0446606812
30533,0446679593 0375707972 044022165X 0345438329 0440241073 0142001740 038533334X 0440221471 044021145X 0140254544
30554,0140298479 0316096199 0440226430 0446608955 0440236673 0060928336 0446672211 0385505833 0140293248 0375725784
30555,0446672211 0312278586 0316666343 0060928336 0060976845 0316601950 0446670251 0140293248 0140298479 0671021001
30560,0375727345 0060987561 0345361792 067976402X 014025448X 0385492081 0142001740 0375707972 0440226430 014023313X
30577,0440206154 0446605239 006101351X 0373218427 0553280414 0515094773 0553565060 0515108030 055358099X 0425153789
30590,0446532231 0060938455 0552137030 0671027360 0440211727 0552124753 0552131067 0446605239 0671027387 0330262130
30594,0441172717 0345378482 0345370775 0446364193 0440241073 0440236673 0375727345 0345402871 0671042858 0345391055
30598,0345380371 042510107X 0345353145 0440220602 0425109720 0425116840 0425122123 0385486804 0425180964 0425083837
30607,0446611212 0385486804 0345447867 0446667900 0671021001 0425182908 0446612790 0446610399 0061097314 0446611611
30645,0312966970 0312971346 0312966091 0312976275 0671001795 0061009059 0312980140 0312983271 0312990456 0312983867
30650,0452282829 006101351X 0385324057 0375706771 044651862X 0679429220 0142000205 0385720106 0385486804 0385484518
30657,0446610038 0425180638 0380718340 0425169863 0425154092 0380718332 0425163407 0425147622 0446612790 0425175405
30667,0440224675 0312924585 0316769487 0380731851 043935806X 0345413903 0375700757 0671042262 0060987103 0312421273
30711,0156027321 0446310786 0060934417 0385720106 0345342968 0345370775 0064471837 0553250426 0380814021 0449219364
30712,0091867770 0330332775 0330367358 0141007338 0345384466 000649840X 0060392452 0312195516 0312966091 0099521016
30716,0385335482 0385335881 0385336179 0671027360 0140293248 0385504209 0141000198 043935806X 0316777730 0375727345
30727,3442541751 3150000017 3492045170 3423202327 3423201509 3257229534 325722575X 3423202947 3426029553 3257227809
30735,0140067477 0449223612 0446605239 0312980140 0449212602 0440222656 0345384466 0679412956 0385730586 0312265867
30744,0446310786 0060392452 0345380371 0373484003 0312971125 051513287X 051511779X 055356451X 0515102652 0553576801
30746,0060930535 0316666343 0345384350 0142001430 0425175405 038529929X 0316899984 0440226430 0060958022 0345386108
30749,0375727345 0142000205 0446605484 0446611085 0446610038 067976402X 0316769487 0446611212 0440241073 0842329129
30770,0316096199 0679781587 0375703861 0786868716 0099771519 0385486804 0142001740 0385512104 0552998486 0330332775
30771,0345361792 0142001740 0452282152 0375726403 044022165X 0440234743 0345446860 0743418174 0440236673 0060976845
30779,0064407667 0064407675 0064407683 0440414806 0439136350 0439139597 0064408647 0439064864 0064410129 059035342X
30795,0312195516 0375702709 0375707972 0345443284 0316666343 0060930535 0679429220 0671250671 0679781587 0316781266
30806,043935806X 0590353403 0439139600 0440226430 0439136350 0439064864 0446672211 0385484518 0142001740 044651862X
30810,0385504209 0440212561 0385486804 0440217563 0156027321 044021145X 0440215625 0671867172 0399143947 0440241537
30814,0375725784 0345342968 0441003257 0316769487 0425152251 0440180295 0345387651 0553277537 0060502258 0440206154
30824,0440498058 0380710218 0553272535 0345465083 0375703055 0316776963 014131088X 0684801523 0316569321 037570504X
30838,0345339711 0345339681 0345337662 0345339703 0345339738 0345314255 0385504209 0765340747 0812551486 0812511816
30848,0385504209 0671027360 0452282152 0156027321 0060934417 0142001805 0375726403 0385722206 0679781587 0060987103
30854,0446672211 0440226430 0440236673 0440224764 0440241073 0515131229 0515130389 044651652X 0440234743 0375706771
30887,0312195516 0385504209 0312305060 0440235596 0452282152 0060934417 0679781587 0060930535 0312291639 0446605239
30889,0439136350 0439139597 059035342X 0439064864 043935806X 0590353403 0380698714 0064405176 0440220653 0440414806
30898,0385504209 0060928336 0440211263 0786868716 0385474016 0446606812 044021145X 031205436X 006101351X 0671894455
30906,0446310786 0451163966 0316769487 0679746048 0441569595 0553208845 0440206154 0451524934 0345342968 0385474547
30925,0060987103 0679781587 0316096199 0385484518 0439064872 0425154092 0060502258 0375726403 0671024248 0671250671
30933,051513287X 0515132020 0515131229 0515135062 0515121843 0515126772 0515133973 0515128546 0373244487 0515128554
30939,0440214041 044021145X 0440224764 0440234743 0440221471 0380718340 0440211727 0440225701 0440226430 055356451X
30968,0446606812 0316666343 0446605239 0385504209 0446610399 0440241073 0446608955 0440211727 0312278586 0060987103
30971,0316601950 0345387651 0316666343 0553560247 0553578308 0060976845 0553578316 0553280341 0312983271 0449003795
30972,0440241073 0446364193 0440214041 0440234743 0440224764 044022165X 0425154092 0446607657 0440213525 0446672211
30979,0440222656 0449212602 0399147195 0070212570 0446605239 0449223612 0064400581 0743418174 0312201656 0345333926
30985,0440234743 0440221471 0440220602 0440213525 044021145X 0440211727 0446364193 0440222656 044022165X 0440241073
30989,0425154092 0380718340 0425158616 0425175405 0425147622 0440224764 0425163407 0440226430 0425169863 0380717018
30994,0060959037 0440212561 0440226104 0440241073 0671003755 0316601950 0060976845 0425162443 068484477X 0060928336
31006,044023722X 0142001740 0380731851 0375700757 0452282829 0440226430 0345348036 0060502258 0446607657 0440234743
31008,0452282152 0156027321 0312195516 0385504209 0380789035 0316776963 0385486804 0449212602 0671027360 0525947647
31010,0345417623 0609804138 0679429220 0345313860 0060930535 0312995423 038550120X 0142001805 0345384466 0345361792
31040,0385484518 0060502258 0375706771 0671250671 0446610038 0842329242 0679781587 0380018179 0446606812 0842329250
31050,0515131229 0515126772 051513287X 0515132020 0515135062 0679781587 0515128546 0553295977 0373218192 0515133973
31053,059035342X 0439139600 043935806X 0439139597 0439136350 0439064864 0590353403 0345339681 0842329129 0842329242
31080,051513287X 0515135062 0515131229 0515126772 0373218397 0515128554 0515132020 0515128546 0515136530 0312983271
31082,0060513640 0671744216 0440215625 0515128546 0515128554 0515126772 0380820854 0515135216 0312979983 0439139597
31094,0385486804 0380018179 0449003787 0679781587 0449219461 0449221482 0449221512 0345387651 0312195516 0345361792
31099,0684874350 0451524934 0684872153 0316168815 0679781587 0060502258 0671027360 0671041789 0345370775 0385504209
31134,0316666343 0316601950 0671003755 0345361792 014025448X 0385474016 0452282152 067976402X 0385504209 0060934417
31140,0441304834 0441000916 0345350499 0345423402 0441002935 0441001971 0440215625 0441003745 0441005241 0441005748
31144,0425163407 0425154092 0425147622 0446607657 0425180638 0380717018 0440224764 0425169863 042516098X 0380718340
31158,0316666343 0385504209 0060928336 0452282152 0679781587 0316776963 0385335482 0060930535 0140293248 014028009X
31226,0156027321 0380789019 0425152251 0380789035 0441569595 0142001740 0349101779 0060938455 0099771519 0380977788
31229,0385722206 0684874350 0679781587 0151008116 0099771519 0060977493 0375703861 038572179X 0449005615 0425152251
31230,002542730X 0099771519 0330332775 0140620109 0345337662 0140620222 0385512104 000649840X 0440220602 0440211263
31245,0553574663 0553560247 0553574671 0553574639 0553578316 044651652X 0345337662 0553578308 0671028375 0449003787
31250,0060959037 0142000205 0385265700 0452282152 0452282829 0316284955 0553572997 0380730138 0375702709 068484477X
31256,0380789019 0345413369 0380789035 0441304834 0441002935 0345350499 0441005241 059035342X 0345335465 0439064872
31261,0440226430 0380731851 0446610038 0312980140 0446394521 0425182878 0425144429 0316096199 0440206154 0345413903
31278,0316096199 0399148027 0060958022 0142001740 0312422156 0140293248 0061009059 0060976845 0449005615 0375412530
31308,0446605239 0446606812 0385505833 0316569321 044023722X 0375707972 0446394521 0345378490 0553279378 0671004107
31315,0385490992 0316969680 038529929X 0380718340 044651652X 0316666009 0345384466 0385424736 0451166582 0670868361
31342,067976402X 0312983271 0316107387 0345370775 0836218051 0316776963 0316107352 0590353403 038549081X 0345353145
31343,0316666343 0385511612 0385508042 0316693235 0316693200 038550120X 0316693006 0345417623 0316693251 0316969680
31355,0312195516 0316601950 0553268880 0446672211 0515120898 0316781010 0316788228 0553272535 0440223202 0440235596
31386,0375726403 0449219364 0316776963 0449223612 0449221482 0449219461 0449003787 0375725784 0151008116 0449221512
31391,0316666343 0312983271 0345423402 0515133876 0385498802 043935806X 0345350499 0060987529 0441007813 0345423429
31392,0671021001 0440180295 0142000205 0449907481 0385265700 0743418174 067088300X 0553272535 0312278586 0316777722
31393,0345387651 0385492081 0446672211 0440226430 0385484518 0446310786 0679781587 0446605239 0345424719 0312195516
31406,0451172817 0451169530 043936213X 0385479565 0440224675 0590414291 0380600129 0345370775 0307302636 0380001411
31412,0440234743 044023722X 0060930535 0440236673 0440225701 0140293248 0375727345 0446608955 067976402X 0316666343
31421,0451203771 0440211263 002542730X 044651652X 0440235596 0440223202 0553272535 0440221595 0385504209 0385420161
31431,0060502258 0385722206 0060915544 0156528207 0553279912 0142001740 014029628X 0380002930 055321313X 0553213148
31446,0316666343 0316601950 0375706771 0312278586 0440226430 0609804138 0671021001 0316969680 0142000205 0060976845
31464,0060502258 0345342968 0440206154 0312278586 0441003257 0060934417 0316666343 0446394521 0316769487 0385479565
31466,0316096199 0446605239 0060987103 0440236673 0440241073 0440226104 0446532231 0375760911 0786868716 0440224675
31468,0440206154 0679781587 0515107662 0553250426 0385509510 0380756250 006101351X 0515122491 0441172717 0525947647
31471,0440221471 0440214041 0440234743 044021145X 0440222656 0446364193 044023722X 0440213525 0440220602 0440225701
31528,0142001740 044023722X 0449003795 0312995423 0385504209 0440241073 0345417623 0440241537 0446610038 0553578316
31541,0060976845 0316666343 0385335482 0743418174 0316601950 0671021001 014028009X 0375727345 0440226430 0316096199
31551,0385504209 0156027321 0060934417 0671027360 0375726403 0060987103 0452283205 0452282152 0312195516 038572179X
31556,0440414806 0345370775 0151008116 0385474016 044022165X 0590634275 0671042858 0385510438 0446532231 0440234743
31594,0345337662 0440226430 0345384466 0385484518 0446672211 044021145X 0060928336 0385335482 0345313860 0440226104
31609,0385722206 0156027321 0142001740 0385504209 0316666343 0449005615 031242227X 0151008116 0060934417 0375726403
31614,042510107X 0425109720 0425143325 0425116840 0425170349 0425147584 0425122123 0440236673 0440234743 0425083837
31624,0440226430 0671027360 044022103X 044021145X 0804106304 0375707972 0441003257 0446605239 0452282152 044651862X
31652,0385504209 0671027387 0515135062 0060392452 0440241537 0385336179 0515131229 051513287X 0312263120 0515132020
31681,0330332775 0099771519 0330367358 0552137030 0590660543 0552996009 0552124753 000649840X 0552998001 0552996181
31688,0385484518 0380789035 0345387651 006101351X 0451169530 0679781587 0385492081 0060976845 0060987561 0786868716
31714,0312980159 0425158616 0671004573 0312306326 0671004549 0316776963 0553271636 031298328X 044651652X 0446353957
31740,0142000205 0375727345 0345443284 0316601950 0316569321 0060959037 0380730138 0446672211 0375706771 0375726403
31816,0060976845 0312924585 0440222656 0345370775 0345342968 0380002930 0316769487 0440211727 0312291639 0345369947
31826,0440998050 0425113884 0399144463 0060958022 0425144429 0142001740 0679751521 0425151867 0553573136 0316666343
31838,044021145X 0316769487 0345337662 0553572997 0671004107 0451524934 0060938455 0399501487 0345313860 0385479565
31841,0312195516 0060928336 0345337662 0446672211 0671617028 0316666343 0345351525 0345384466 0142001805 034538475X
31846,0375727345 038533334X 014023313X 0375707972 0345438329 0375706771 0425162443 0345361792 0452282829 0385505833
31860,044023722X 0060930535 0142001740 0316666343 038079487X 0060929790 0060928336 0385504209 0385335881 0671027360
31900,059035342X 043935806X 0380814021 0440498058 014131088X 0439136350 0064405176 0439064864 0394820371 0439139597
31919,0316284955 0440226430 0671021001 0671510053 0452282829 0316666343 0375727345 0446672211 0345443284 0385265700
31948,044021145X 0385511612 0440214041 0440222656 0440211727 0385424736 0316969680 0385497466 0385505833 0385472951
31950,0345337662 0671003755 0440224675 0679781587 0446672211 0446601241 0345313860 034538475X 0553582755 0345384466
31978,0671027581 0375706771 0312195516 0312980159 0380814803 0446610542 0671027573 0440241057 0061032093 0440236673
31984,059035342X 3150000017 3442541751 3492045170 3423202327 0684872153 3257229534 3423201509 3257227809 325722575X
31987,0385511612 0385504209 0385424736 0385503822 0385424728 0385490992 0316693006 0316969680 0385510438 0385497466
32003,0345353145 044023722X 0345378490 0345370775 034540288X 0345339681 0440221471 0345339703 0440234743 0345339738
32034,0440206154 0375727345 0671021001 0375707972 0440226430 0385265700 0375706771 0142001740 0316569321 0375702709
32036,0440224764 044021145X 044022165X 0440221471 0440226430 0553260111 0425180638 0440241537 0440214041 0440220602
32039,0385504209 0380813815 0316603570 0345413903 0385510438 0312265859 0316666343 0316602906 0316693006 0312265867
32049,0671027360 0156027321 0312195516 0142001740 0375725784 0316666343 0060930535 0452282152 0452283205 0312282990
32058,0441790348 0446605239 0373825013 0553277472 0441003257 0786868716 0553573136 0316168815 0385504209 0440495962
32076,044023722X 0440241073 0440234743 0440224764 0380731851 0446604844 0060928336 0446610100 0440236673 0440221471
32087,0316666343 0446672211 0679781587 0671038184 0375400117 068484477X 0060934417 0312305060 0345361792 0609610597
32108,0446610038 0446612790 0440234743 0440241537 0440241073 0446607657 0515130389 0449003795 0515135062 0553582526
32110,059035342X 0439064872 0439139597 0439064864 043935806X 0439139600 0439136369 0590353403 0786881852 043936213X
32122,0312195516 0316666343 0439136369 0345337662 0671670689 0385504209 0671027360 0439139597 0679781587 0671534734
32148,0060928336 0312980140 0446605239 0316601950 0312966970 0312971346 0312976275 0446610038 0312983867 0060976845
32159,0316666343 0316693006 0316603287 044651652X 0316284955 0446531332 0446527033 0316969443 0312983271 0399149155
32179,0375707972 0671003755 0312291639 0375700757 0316666343 0060928336 0316781266 0446310786 0060987103 0375706771
32184,0385335482 0060928336 0671021001 0316769487 0385335881 0446605239 0375707972 0140293248 0446672211 0060930535
32188,0385490992 0385511612 0385505833 0440234743 0385424736 044023722X 0316666009 0316969680 0440211727 0385493800
32195,0345353145 0425163407 0425147622 0425169863 0440224764 0425175405 0380710218 0380718340 0345378482 0312924585
32196,0316769487 0345342968 0440180295 0446310786 0684801523 0064400557 0345361792 051513287X 0060502258 0393312836
32211,0440498058 0064400557 0440998050 055321313X 0553213148 0440401585 0446310786 0440414806 0452282152 0440220653
32244,0345339703 0345339711 0345339681 0553296981 0385504209 0446310786 0060928336 0345353145 059035342X 0142001740
32250,0440214041 0061009059 0425169863 0425154092 0440213525 0312966091 0380718332 0312966970 0375700757 0312971346
32275,0142001740 067976402X 0345417623 0385504209 0385484518 0345342968 0156027321 0385722206 0312305060 0671510053
32329,0515131229 0515128554 0515126772 0515128546 0515135062 0515130389 0515121843 0373218192 0515136530 051512608X
32362,0684872153 0671023616 0345413873 0060938455 0425175405 0316284955 0425163385 0425182908 0553578022 0671028367
32412,0060928336 0345439104 0316569321 0060916508 038082101X 0385265700 038542017X 0316601950 0452280621 0345436911
32417,0345342968 0671510053 0446310786 0671003755 0679781587 0380789035 0345361792 0316666343 0385492081 0804106304
32440,0099771519 0553280341 0312195516 0446394521 0452280621 0140067477 0786868716 0451188454 0440226430 0060934417
32444,0345335651 0345335708 0345335457 0345335465 0345338715 034529873X 0671721291 0345338588 0345352661 0812511816
32467,059035342X 0345342968 0446310786 0440235162 0446610038 0156528207 0671004530 0446612790 0553213105 0439064872
32483,0525941908 0670868361 0452279178 0786881852 0670858692 0385199570 0670839531 0684853515 0375504397 0670855030
32516,0385504209 044023722X 0440234743 0440214041 0440236673 044021145X 0060392452 044022165X 0440213525 0440224764
32530,044023722X 0671510053 0060392452 0684872153 0679781587 0440241073 0060938455 0375727345 0446672211 031242227X
32569,0316769487 0451524934 0380789019 0375725784 0679735771 0345342968 0345370775 0812550706 0439136369 0345337662
32575,0552124753 0552131067 0552128481 0552131075 0552137030 0380789019 0552134627 0552140295 0552134651 0552134635
32599,0316769487 0446310786 0345370775 0312924585 0440180295 0451160525 0451176464 0451161351 0451167317 0440224675
32627,0451169530 0441790348 0345337662 0060930535 0385492081 0812550706 0446606812 0375700757 059035342X 0380789035
32641,0440221471 0440211727 0440222656 044021145X 0440214041 044022165X 0440226430 0440211263 0440236673 0446672211
32721,0349101779 0747546290 2253063339 2253150711 0552124753 0345413873 0449219364 0590660543 0060977493 2070744833
32764,0345342968 0345378490 044023722X 0671004107 0060502258 0345370775 0345353145 0385474016 0446608955 0440219078
32773,0316769487 006016848X 0786881852 044021145X 0060502258 0060987103 0380002930 0449212602 0553575384 0446365386
32781,0679746048 0060928336 0385335881 0440226430 0671021001 0316284955 0425167313 0375706771 0385335482 0452269571
32793,0449212602 0316769487 0062502182 0380789019 0451524934 0380789035 0425152251 0441172717 0553572997 0552137030
32802,0446364193 044023722X 0446607657 0425154092 0446608815 0446612790 0446606189 0425180638 0446601241 0440234743
32817,0316666343 0553582755 0446672211 0446531332 0316693006 0312278586 0553582747 0345441036 0142000205 0451205421
32955,0684874350 0385484518 0345337662 080410526X 0553375407 0140119906 006101351X 0553573136 0385492081 0446519081
32964,0385490992 0385472951 0385424728 0440214041 0440211727 0385508042 0385503822 0440234743 0440225701 0440236673
32991,0439064872 0515131229 059035342X 051513287X 0515132020 0385492081 0312924801 044651652X 0385484518 0743418174
32997,3442541751 3150000017 3492045170 3423202327 3257229534 3423201509 325722575X 3257227809 3423202947 3426029553
33004,0316666343 0451524934 0385504209 0316096199 0385335482 0312278586 0345417623 0786868716 0385730586 0312291639
33006,055357258X 0804106304 0449003787 0553560247 0553574663 0553574671 0449221504 0449212602 0345387651 0553375407
33026,0345313860 0552143774 0060392452 0552996181 0142001805 0330294911 0749397543 0140119906 006016848X 0099727412
33030,0385504209 0151008116 0375725784 0671027360 0452282152 0156027321 0451176464 0451156609 0451153553 0451177096
33036,0312195516 0446605239 0553250426 0399501487 0671617028 044021145X 0671027360 0345313860 0553278274 0312966970
33049,044023722X 0060987103 0060930535 0679781587 0060987529 014028009X 0316096199 0142000205 0316569321 0375756981
33114,0060392452 0446310786 0552124753 0552131067 0312291639 0099771519 0316769487 038082101X 0440226430 0330367358
33124,0425178765 0446611212 0425182908 0425180638 0446607711 0446359866 0446609404 0446604844 034541389X 0440213525
33145,2253063339 2253150711 2253044903 2070360024 2266023039 2205054252 2290311782 2253057843 2070408507 2253152846
33153,0671041789 0380789019 0446608955 0385503822 043935806X 0312278586 0316769487 0316602906 0345339681 0316693200
33163,044023722X 0440234743 0385503822 0446607657 038550120X 0446601241 0440236673 0440226430 0375727345 0446604801
33178,0316666343 0345417623 0440234743 0385484518 0446606812 0446610399 0451184963 0312278586 0061015725 0316769487
33179,0842329129 0440222656 0842329269 0345370775 059035342X 044021145X 0439064872 0345387651 084232920X 0312195516
33200,0786881852 0440213525 044651652X 0316969680 0316690619 0440220602 0316569321 0385490992 0316693006 0440225701
33203,0316769487 0060502258 0345387651 0446310786 0060976845 0684801523 0451167716 0446606812 0451526341 0375706771
33264,0385504209 0385511612 0316693006 0385510438 0385503822 0316969680 0399150897 0312278586 0316603570 0316666009
33270,0380789019 0441003257 0385492081 0061020710 067976402X 0060934719 0060987529 0060987103 0345361792 0451169530
33283,0425107469 0671443283 0316666343 0425099334 0553580221 0451172817 0451153553 0425144429 0425128164 0671534718
33307,0060502258 0345342968 0142001740 0140293248 0140298479 0671021001 0440226430 0345337662 0316769487 0345369947
33315,0446672211 0062502182 067976402X 0553572997 0060916508 0671510053 0316601950 0670805149 0805063897 0525945121
33319,0345417623 0316601950 0452282152 0156027321 0060502258 0312278586 0375706771 0441172717 0385720106 0385335482
33345,0684872153 0316666343 0345417623 0380731851 0446527785 0525945636 0316666009 0380726238 068484477X 0446523321
33386,0316666343 0440226430 0345337662 0446672211 0345384466 0060928336 034538475X 0345313860 0345397819 0345351525
33408,8408043641 8432206407 0312924585 8445071416 8433969978 0140298479 8478884955 8477204055 0375725849 0440224675
33422,0156027321 0316666343 0316776963 0385504209 0316777730 0451524934 0553375407 0060938455 0140042598 0375725784
33426,3442541751 3150000017 3492045170 3423202327 3423201509 3257229534 3426029553 3423202947 325722575X 3257227809
33432,0142001740 0060928336 044023722X 0385335482 0385504209 0345337662 0440234743 0312195516 0060502258 0609804138
33461,0345417623 044021145X 0440214041 0441172717 0553560735 0345380371 0440220602 044022165X 0425109720 0380002930
33474,0440234743 0440241073 0440214041 0440211727 044022165X 0061009059 0440224764 044021145X 0440225701 0345353145
33491,0679781587 0440235596 0425158616 0552137030 0380789019 0380977788 0679429220 0425154092 0316284955 0345387651
33509,0684874350 0345339681 0345339703 0385504209 0345339711 0345339738 0060930535 0316666343 0140177396 0671027360
33517,0312278586 0156027321 0099771519 0316284955 0552998486 0312195516 0091867770 0345350499 0552996009 000649840X
33570,044023722X 0345417623 0380731851 0440236673 0553582747 0440225701 0425182908 0316601950 0425180638 0440241073
33576,0671027360 0345339703 0439064872 0439139597 0439136369 0439139600 059035342X 0345339711 0345339738 0439064864
33580,0439139597 043935806X 0439064864 0451190572 0451184963 0451163524 0451169522 0451160525 0451167805 0553289411
33590,0425154092 0425147622 0380718340 0425169863 0515128546 0515131229 0515132020 051513287X 0380710218 0070212570
33597,0440220602 0671003755 0060502258 0440186560 0312422156 0316601950 0060930535 0679781587 0449005615 0345342968
33614,0316284955 0316666343 0385504209 0385508042 0671004549 0671004573 0671867091 0671568175 0399149155 0446672211
33633,0441790348 0380789019 0380789035 0345417623 0061020702 0061020710 0552124753 0345348036 0671004107 0553560735
33656,0452282152 0385504209 0312282990 0441003257 0156027321 0060987529 0060930535 0312195516 0375726403 0060938455
33681,0142001740 0312195516 0312305060 0385504209 0156027321 0671003755 0452282152 0060938455 044023722X 0684874350
33732,0440226430 0743418174 0679746048 0671003755 006101351X 0440225701 0375706771 0385504209 0316096199 0449219364
33763,0553213148 0312195516 0842329129 0842329218 0440222656 038542017X 0345342968 0842329242 0842329250 0553213164
33816,0385504209 0345417623 0671027360 067976402X 0156027321 0452282152 0142001740 0440241073 0066214122 0060392452
33818,0671027360 0671041789 0316769487 0440236703 0451167317 0451172817 067102423X 0060928336 0451177096 0446310786
33826,0786868716 0671003755 0385484518 0316666343 0062502182 0446672211 0425152251 0385504209 0385486804 0345361792
33832,0440206154 0345380371 0345353145 0345370775 044023722X 0345378490 0451183665 0312924585 0446364193 0440236673
33836,0439064872 0380789035 0316777730 0441003257 006101351X 0446532231 0385504209 059035342X 0380813815 0060920084
33862,0316601950 0375706771 0345443284 0375707972 0446672211 038079487X 0446605239 0142000205 0451202341 0385505833
33888,0330332775 0446670251 0316601950 0552124753 0345380371 0099771519 0330367358 0552131075 0312422156 0316666343
33905,3442541751 3492045170 3150000017 3423201509 3423202327 3426029553 3257229534 325722575X 3423202947 3257227809
33933,044021145X 044022165X 0345370775 0446364193 0440224764 0425175405 0425169863 0425180638 0440221471 0380718340
33943,2253063339 2253150711 2253044903 2266023039 2290311782 2253057843 2070360024 2205054252 2070408507 2253005274
33958,0385722206 0375700757 0060934417 0312195516 0060987103 0452282152 0060922532 0142001740 0142001430 0449005615
33974,0671001795 0061009059 0312966091 0060976845 0060502258 0312971346 0312265859 0553279912 0312986343 0312976275
33980,0385335482 0385335881 0440414806 0064472272 0385730586 014131088X 0440220653 0312278586 0385729332 0385336179
33981,0440241073 0440234743 0440236673 0312291639 067976402X 0452282152 0440241537 0345417623 0060959037 0380731851
33999,0385503822 0671027360 038550120X 0061009059 0060502258 0385508042 0671027387 0345417623 0385505833 0312986343
34018,043935806X 0425151867 0439139600 0440214041 0440234743 0440225701 044022165X 0345387651 0140119906 0399144463
34075,0345313860 0345351525 0345384466 034538475X 0440234743 044651652X 0345369947 0671510053 0399501487 0679735771
34087,0440234743 0446364193 0440211727 0425143325 0440214041 044021145X 0440236673 0345361792 0425180964 0440225701
34115,0380731851 0451190491 0553572997 0515131229 0440236703 0425178765 0425180638 0060934417 0553578693 0451190556
34152,0446606812 3442541751 0440211727 0446310786 3150000017 3492045170 059035342X 3423202327 3257227809 3426029553
34215,0380789035 0441569595 0552124753 0060392452 0552131067 0062502182 0552128481 0552131059 0345313860 0441003257
34223,0099771519 0590660543 000649840X 0330332775 0349101779 0552996009 0552124753 0552996181 0091867770 0552999458
34227,0345380371 0440214041 044021145X 0345353145 0425158616 0425154092 0440224675 0449221490 0440211727 0380710218
34230,0425192725 0440236703 0312995423 0385504209 0449003787 0449223612 0671027360 0425180638 0440241537 044023722X
34300,0316666343 0385265700 0312924585 0345370775 0609804138 0312291639 0345361792 0451180232 0345391055 0316769487
34377,0515131229 051513287X 0515132020 0515128554 0515128546 0515121843 0515126772 0373218192 0515122734 0515120618
34460,0452282152 0380789035 0099771519 059035342X 0441790348 0671004107 067976402X 080410526X 0679732411 0440241073
34465,0375725784 0060392452 0451184963 0440206154 043935806X 0060934417 0451172817 0316284955 0345370775 0553572997
34501,0446605239 0440226430 0440235596 044651652X 0452282152 0446608955 0743418174 0440211263 0312195516 0446611085
34521,3442541751 3150000017 3492045170 3423202327 3423201509 3257229534 325722575X 3423202947 3426029553 3257227809
34526,000649840X 0345361792 0316096199 0330332775 0552137030 0552998001 0440226430 0316569321 0060502258 0440206154
34531,0060976845 0060928336 0440211727 0385484518 0553574574 0316781010 0070212570 0345348036 0446310786 0440214041
34539,0156027321 0142001740 0060934417 0312195516 0385722206 0385504209 0060959037 0060987103 0312305060 0060930535
34551,0140293248 006101351X 014028009X 880781210X 0060502258 8845215989 8806166484 8806143042 0385335482 8845237303
34566,0446672211 0440234743 0060930535 0452283205 0385490992 0385472951 0440236673 0385424736 0375706771 0385493800
34581,0385504209 0312278586 0316096199 0316284955 0312195516 0446672211 0060928336 0679781587 0743418174 0156027321
34588,0316666343 0671027360 0316096199 0446672211 067976402X 0671510053 0609804138 0060930535 0385492081 0679429220
34597,0060928336 0679781587 044651652X 0804106304 0440226104 0425152251 0440211727 0385335482 0671003755 0446672211
34600,0440241537 0385504209 0440241073 0060930535 044023722X 0671027360 0446612790 0061015725 0312983271 0446611638
34636,0375707972 0440206154 0345361792 0060928336 044651652X 0446605239 0061092606 0553268880 0345370775 0312924585
34644,0452282152 0375700757 044023722X 0440211727 0142001740 0375705856 0679781587 0671027360 0061009059 0312195516
34657,0440241537 0446612790 0440241073 0446612545 0385504209 0515135062 0061015725 0446611638 0312995423 0373218397
34676,0552137030 0452282152 0330262130 0380977788 0552131067 0349101779 2253063339 2070360024 0552124753 0140042598
34701,0440224675 0440206154 0312924585 0316769487 0679781587 059035342X 0385486804 0671003755 0439064872 006101351X
34725,0671003755 0385512104 0345413350 0515131229 0553260111 051513287X 0446672211 0684862719 0316769487 0345354613
34752,0385335482 0385335881 014028009X 0140293248 0316776963 0385336179 0142001740 0446670251 0060096195 0312278586
34764,0385503822 0312265859 0385490992 0312995423 0399144463 0399149325 0316969680 038550120X 0316693235 0316666009
34776,067976402X 0345443284 0553375407 0671510053 0345413350 0142000205 0316769487 0449907481 0440234743 0446310786
34801,0345348036 0061020710 0380789035 0345339681 0061092177 0156528207 0441003257 0345339738 0552124753 0345361792
34810,0316666343 002542730X 0312278586 0140293248 0140067477 8806143042 0312422156 0553296981 0385486804 0786817070
34823,3442541751 3150000017 325722575X 3423201509 3426029553 3257229534 3423202327 3423202947 3492045170 3442092981
34840,0425154092 0425163407 0425175405 0345337662 0425147622 0446601241 0380718340 0440234743 0345384466 0425180638
34864,0060938455 0552124753 0380977788 0380789035 0060392452 0590660543 0552996009 0380789019 0064407667 0553572997
34908,2253150711 2253044903 2070360024 2266023039 2290311782 2253057843 2205054252 2070408507 2253005274 2253152846
34932,0425143325 006101351X 042510107X 0425175405 0425122123 044023722X 0425147584 0425180964 0425170349 0446610038
34987,0671021001 044651652X 0312195516 0345337662 0316601950 0671003755 0446605239 0671510053 0446608955 0060930535
34988,0316666343 0446608955 0446610399 0553582747 044023722X 0446611867 0385504209 0385335482 0385511612 0446531332
35030,0385335881 0385335482 0140067477 0609804138 0446532231 0385336179 0060938455 0064407667 0375706771 0440414806
35050,0553573403 0380789035 0345337662 059035342X 0441304834 0345339681 0061020710 0812550706 0553562738 0380789019
35079,0066238501 0373710992 0440213991 0877733759 0140275290 0373710615 0552121606 0552103721 0752809032 0751529087
35081,059035342X 043935806X 0156027321 0439136350 0439139597 0385504209 0439064872 0142001740 0345342968 0060934417
35090,0385504209 0316603570 0312265867 0312265859 0312195516 0515134384 0767900383 0312976275 0385511612 0399152288
35144,0375706771 0142000205 0385265700 0440226104 0440226430 0452282829 0375727345 0316182540 0425180638 0140293248
35148,0439139600 0439139597 0439136350 0439064864 0385504209 0590353403 0316666343 0345339681 0786881852 0064407667
35179,0552124753 0099771519 0552131067 0330332775 0590660543 0552996009 000649840X 0552131059 0330367358 0552137030
35185,034540288X 0345417623 0440226430 0060392452 0316666343 038549081X 0449212602 044022165X 0060173289 0440211727
35188,0440241537 0385504209 0440241073 0440221471 0060934417 0452282152 0440236703 0449003795 0440220602 0312983271
35197,0385504209 0446677450 0451191145 0060938455 0452260116 0684867621 0618129022 0553277472 0380731851 067088300X
35225,0330332775 0452282152 0330367358 002542730X 0425192733 038542017X 0553279378 0552998001 0330375253 0671727796
35233,0060928336 0375727345 0375700757 0316601950 0440226430 0345443284 0385484518 0452282829 0671021001 0375707972
35237,0060930535 0440211727 0316666343 0312278586 0373790481 0373790198 0373790651 0373790961 0373790945 0373790457
35240,0312966970 0312976275 0312265859 0312966091 0385504209 0312971346 0399149155 0312265840 0312990456 0312983271
35270,044021145X 0671021001 0060928336 0440214041 0316601950 044651652X 0440213525 0316284955 0440226430 0060976845
35320,0156027321 0385335482 0385504209 0385335881 0316776963 0385336179 0375727345 0316777730 0140298479 0142001740
35381,0452282152 0375700757 0312976275 0312966091 0312966970 0312291639 0312971346 044023722X 0425192725 0312980140
35407,3442541751 3150000017 3492045170 3423202327 3423201509 3426029553 3423202947 325722575X 3257227809 3442092981
35424,0375706771 0452282152 0316096199 0060928336 0312195516 0060930535 0385504209 0316601950 0375707972 0060976845
35433,3442541751 3492045170 3423201509 3150000017 3423202327 3426029553 3257229534 325722575X 3423202947 3257227809
35445,0060502258 0671003755 0446608955 0316666343 0684801523 0140042598 0312291639 0060976845 0804106304 0345313860
35458,3442541751 3150000017 3492045170 3423201509 3423202327 3257229534 325722575X 3423202947 3426029553 3442092981
35473,3442541751 3150000017 3492045170 3423202327 3423201509 3257227809 3257229534 325722575X 3423202947 3426029553
35484,3442541751 0385504209 3492045170 3150000017 3423202327 3423201509 3257229534 325722575X 3426029553 3423202947
35486,3442541751 3150000017 3492045170 3423202327 3423201509 3257229534 325722575X 3423202947 3257227809 3442092981
35487,3442541751 3492045170 3423201509 3150000017 3423202327 3426029553 3257229534 325722575X 3423202947 3257227809
35490,3442541751 3150000017 3492045170 3423202327 3423201509 3257229534 3257227809 325722575X 3423202947 3426029553
35518,0679781587 0060959037 0375726403 0312195516 0385265700 068484477X 0316666343 0060921145 0142001740 0060915544
35532,0446605484 0446611212 0446612790 0446608815 0446607657 0446612545 0553578693 0449003795 0345413903 0446613266
35552,0316693006 0399150897 0316602906 0385510438 0446530891 0385508042 0399149155 0316603287 0316603570 0316969680
35612,0786881852 0679781587 0142001740 0385484518 0385486804 0312195516 044651652X 0316601950 0440226104 0060928336
35631,0446672211 044651652X 0060928336 0345384466 0312195516 0679781587 0440211727 034538475X 0679429220 0345351525
35704,0060938455 0380813815 0316777730 0446532231 0553277472 0393319296 0312421273 0316776963 0385498721 0451524934
35705,3442541751 3492045170 3423201509 3423202327 3150000017 325722575X 3257229534 3423202947 3257227809 3426029553
35707,0425175405 0440241073 0451166892 0425169863 0425147622 0440224764 0440220602 0425180638 0552124753 0446604801
35713,3442541751 3150000017 3492045170 3423202327 3423201509 325722575X 3423202947 3426029553 3257227809 3442092981
35714,044023722X 0452282152 0679781587 0060928336 0385504209 0142001740 0446605239 0060930535 0316284955 0440211727
35718,044021145X 3442541751 3150000017 0440226430 3492045170 3423202327 3257227809 3423201509 325722575X 3423202947
35725,0440211727 0140620222 0140620427 0440214041 0140620109 3150000017 044022165X 3442541751 0440224764 0140620184
35783,8408043641 8432206407 8445071416 8433969978 8478884955 8420616893 8423310353 8477204055 8423309142 0452282195
35793,0684874350 0060930535 0553213105 014029628X 0671510053 0553273914 0375705856 0312282990 044651652X 0449212602
35809,038079487X 0446670251 0316601950 0312305060 0140293248 0345378482 0684872153 0060976845 0385335482 0142000205
35826,0375707972 0440226430 0440213525 0312278586 044022165X 0375703063 0440214041 0446605239 0316769487 0060987103
35836,0425153975 0345353145 0451156609 0345386108 0345384350 0451180232 0425115801 044023722X 0345384369 0425142485
35841,0446610038 0440214041 0440213525 0446604801 0440234743 0440211727 0440220602 0446606189 0446364193 0451176464
35842,0671027360 0316666343 0380789019 0345413903 0446611212 0553580221 0066214122 0553582755 0312278586 034541389X
35845,0142001740 0312195516 0385722206 0380789035 0345438329 0375412530 0316776963 0385486804 014029628X 0385504209
35857,0446605239 0140293248 0316096199 0061009059 0060976845 0440226104 0316769487 0446606812 0553272535 0312422156
35859,0380002930 0671003755 0684853515 0671894455 0446608815 0440940001 0375706771 0345447867 0312243022 0452282195
35865,0425154092 0425180638 0425163407 0425147622 0380718332 0425169863 0446610038 0345353145 0380718340 0380717018
35909,044651652X 0446364193 0446611085 044022165X 0440224764 0375707972 0425154092 0671024248 0446609323 044022103X
35910,0345339703 0345339738 0345339711 043935806X 0439064872 0439136369 0439136350 0439139597 059035342X 0439139600
35918,0375707972 0060934417 0316769487 0312195516 0446532231 0385722206 0375703055 0452269571 0316284955 0446672211
35921,0142000205 039480001X 039480029X 0449003787 0394800028 0590414291 0553569155 0345465083 0440414806 0142001740
35922,0316284955 0385720106 0425147622 0684872153 0449003787 038079487X 0425154092 0425163407 0060959037 068484267X
35925,0385504209 0142001740 0060930535 0060921145 0375707972 0452264464 0316769487 0679781587 0385505833 0316666343
35931,0446611867 0515131229 0373218036 0515126772 0373218397 0515130389 0515132020 0373218192 051513287X 0515128554
35951,0425154092 0425163407 0380718340 0425147622 0425169863 0380718332 0425175405 0380717018 0380710218 0425158616
35953,0316666343 0449212602 0440224675 0060976845 0316096199 068484477X 0425167313 0670892963 0316569321 0385475721
35954,3442541751 3150000017 3492045170 3423202327 3423201509 3257229534 3423202947 325722575X 3426029553 3257227809
35958,0440224764 0451160525 0385336179 0679751521 0440226430 0141000198 0375760911 0553564528 042513525X 0385335881
35962,068484477X 0141301155 055321313X 0553274295 0061097101 0380012863 0345443284 0312278586 034538475X 0440217563
35964,0385492081 0385484518 006101351X 0684874350 0446605239 0446606812 0446672211 0679429220 068484477X 080410526X
35966,0345339681 0385484518 0345387651 0061009059 0743418174 0312966091 0679745203 0553280341 0440224675 0553279912
35979,0440206154 0670868361 0670855030 0684853507 0670858692 0439136350 0670844527 0684867621 0385199570 0525941908
35998,0060928336 0446672211 0316666343 0452282152 0375707972 0316284955 0060959037 0345443284 0375706771 0375727345
36003,0590353403 0439139600 0451526341 059035342X 0446670251 0380789035 0316569321 0671510053 0099771519 0140620222
36043,0440221471 0345342968 0440241073 067976402X 0440224764 0440214041 0440220602 044022165X 0440998050 0446359866
36103,0316601950 0140293248 014028009X 0060928336 0446672211 0141000198 038079487X 0446670251 0316569321 0385505833
36121,0380789035 0441569595 0441003257 0380977788 0345384466 0345313860 0671004107 0345413350 0062502182 0440206154
36135,0375726403 0142001740 0452282152 0385492081 031242227X 0440241537 0060938455 0060930535 0060959037 0060987103
36137,3442541751 3150000017 3423202327 3492045170 3423201509 3257229534 3423202947 325722575X 3426029553 3442092981
36141,0142001740 0316666343 0385722206 0312195516 0375726403 0743418174 0060934417 067976402X 0142000205 0449907481
36157,0316776963 0156027321 0385336179 0446610038 0553575384 0375725784 0312983271 0440221471 044021145X 034536676X
36200,044023722X 0060987103 0446610038 0446611212 0316096199 0446607657 0060915544 0440414806 0446364193 0385265700
36229,0679781587 0316780375 0385484518 0671003755 0684848783 0399144463 0060175400 044651652X 0679746048 0553375407
36238,0380789035 0452282152 0070212570 0671021001 0440235162 0385486804 002542730X 0312195516 0553572997 0684872153
36256,0345339681 0842329218 0316666343 0842329242 059035342X 0842329250 0553277472 0316769487 0439064872 0451526341
36269,0316666343 0312278586 0060987103 0345342968 0316769487 0060987529 034540288X 0316096199 0060502258 0446670251
36286,0671027360 0440234743 0440221471 0156027321 0385484518 0440236673 0440224764 0060930535 044022165X 0440241073
36288,0060928336 0446672211 0316601950 0316666343 0375706771 0060976845 0375707972 0142000205 0385265700 0140244824
36299,0060938455 0345423402 0060987529 0441005241 0441008534 0671027360 0441005748 0441790348 0060987103 0441003257
36307,0380731851 0399150897 0385510438 0385504209 0316602906 0345452550 0345452534 0316603570 0316693006 0312265867
36326,0385504209 044023722X 0060930535 0156027321 0060976845 0061015725 0316096199 0060987103 0440241073 067088300X
36327,0375727345 0345370775 034540288X 0553279912 0440223202 0449212602 0525946829 0316899984 0449223612 0142001805
36357,0452282152 0142001740 0156027321 0345361792 0060930535 0060934417 0312305060 0345439104 0140254544 0312195516
36369,0679781587 0440220602 0804106304 0316601950 0312422156 0385492081 0553573136 044651652X 0525947647 044022165X
36413,0345353145 0345378490 0345386108 0440234743 0345391055 0345384350 044023722X 042513525X 0345380371 0345370775
36416,3442541751 3150000017 3492045170 3423202327 3423201509 325722575X 3423202947 3426029553 3257227809 3257229534
36554,0679429220 0380002930 0684874350 0425152251 0671617028 006101351X 0060922532 0440226104 0671510053 0671003755
36562,0345339681 0385504209 043935806X 0553260111 0345417623 0439136369 0439136350 0446310786 059035342X 0439139597
36574,0375706771 0679746048 0385335881 0440226430 0385335482 0671021001 0446672211 0671003755 0971880107 0452269571
36606,0316666343 0312278586 0385484518 0345417623 0375700757 0312195516 0375705856 0399144463 0439139597 0439136350
36609,0385335482 0743418174 0385335881 0064407667 0385336179 0060085452 038550926X 0312278586 0385730586 0375502238
36613,0446310786 0385484518 0380789035 0671510053 0446604666 0375706771 0440226430 0385486804 0452264464 0345443284
36621,0671011367 0425154092 044023722X 0345353145 0316096199 0380817691 0425152251 0345378482 0671028375 0380718332
36638,014028009X 0060976845 0345361792 0440226430 0375726403 0140298479 0060928336 0385498802 0316601950 0316096199
36673,0385504209 0060930535 0061097314 0312422156 038079487X 0345361792 0142001805 0679429220 0060987529 0671028375
36677,0060938455 0375725784 0312195516 014028009X 0385504209 0312282990 0375700757 0316777730 0449212602 0060916508
36693,0316601950 0671003755 068484477X 0375706771 0375707972 0446672211 0425167313 067976402X 038533334X 0385720106
36709,0345313860 0345351525 0345384466 034538475X 0060928336 067102423X 0312195516 0345384369 0425124347 0451181379
36715,0060502258 0671003755 0385504209 0375707972 0385479565 0671250671 0060938455 0060987103 0399501487 0553277472
36718,0099771519 0553273914 0099800403 0091867770 0156027321 0439064864 0586090363 000649840X 0749395990 0749397543
36722,0440215625 0440217563 0440211263 044022425X 044021145X 0316769487 0375707972 006016848X 0312195516 0446611085
36741,0679781587 0440224675 0312195516 014028009X 0440211727 0345380371 0345337662 0375707972 044651652X 0451153553
36749,0142001740 0375727345 0151008116 0375502238 0345445848 0399148027 0140293248 0375726403 0743418174 0345423291
36801,0441304834 0441001971 0441000916 0441003745 0441002935 0345384466 0441004520 0441007813 0441005748 0425181685
36807,0375727345 0060928336 0316769487 0671021001 0316601950 0375702709 0060976845 0446310786 0316096199 0060987561
36811,0380718340 0425168298 0399143947 0385508042 0380718332 0380717018 0385510438 0399146253 0425147622 0684195984
36817,0312278586 0060928336 0440226430 014028009X 0140293248 0316601950 0446672211 0452282152 0385335482 0440211727
36822,0380789035 0375706771 3442541751 0385486804 3150000017 0140293248 0425152251 0345350685 3257227809 3426029553
36836,0446672211 0345337662 0345313860 0345384466 0440236673 044651652X 0060928336 0345351525 0062502182 034538475X
36839,044651652X 0380018179 0440184053 0440176484 0440221315 0440200563 0385503822 0440201926 0553213148 0440217547
36855,3442541751 3423202327 3150000017 3423201509 3257229534 3492045170 325722575X 3423202947 3257227809 3426029553
36907,0345342968 0060929871 0060915544 0446310786 0060934417 0345361792 0385498802 0060959037 0312195516 0679723161
36935,0140293248 0671027360 034541389X 0446605239 0440241537 0312983298 0312980140 055356773X 0312983271 0446611638
36938,0316666343 0375727345 0060934417 0671003755 0385265700 0060915544 0316776963 0316284955 0385720106 0142001740
36952,0440226430 0440221471 0312983271 0446612545 0446610399 0385503822 0373218192 0446613266 0312995423 0440241537
36972,0064400557 014028009X 044651652X 0440940001 0064471047 0440998050 0064400018 0439064864 0439136350 0451169530
36978,0446310786 0060502258 0440224675 0345370775 0345337662 0446608955 0399501487 0440206154 0312924585 0451524934
36992,0380731851 0091867770 0060938455 0345380371 0345413873 0345391055 0380726238 0446608890 0446604844 0385504209
37030,0060502258 0345342968 0399501487 0684801523 0440219078 0380002930 059035342X 0345417623 0671001795 0312966970
37034,0140293248 014028009X 006101351X 880781210X 8806143042 8845215989 8806166484 0316096199 8845237303 8876842527
37083,0345313860 0345351525 034538475X 0345384466 044651652X 0345397819 0345409671 0345404319 0345369947 0060928336
37113,0439064872 0380789035 059035342X 006101351X 0439136369 0385486804 0440235162 0385504209 0312195516 0385492081
37147,0385504209 0156027321 0316666343 0452282152 0446310786 0060958022 0679781587 0312305060 0385722206 0060934417
37164,0064407667 0156027321 0440219078 0385335881 0385486804 0375700757 0142001740 0440235596 0385720955 0449005615
37168,0441172717 0345417623 0553560735 0345333926 0441790348 0345358791 0441104029 0345323440 0441810764 0553278746
37185,0385504209 0380813815 0452282152 0452283205 0060987103 0156027321 0375725784 0312421273 0060934417 0671027360
37208,0439139597 0312966970 0312983867 0312990456 0590353403 0439136350 043935806X 0061097101 0449219364 0312980159
37227,0316601950 0070212570 0385484518 0060976845 0375727345 0312195516 0060930535 0452282152 0446608955 0060502258
37235,0451526341 0060929871 0446310786 0345342968 0345391802 0316666343 0684801523 0316769487 0399501487 0345370775
37239,0066214122 0425143325 0312924585 0449006522 0440206154 0425155404 0345370775 0553582747 0345353145 042510107X
37244,0452282152 0385722206 0060930535 0385720106 0142001740 0671003755 0060959037 0446672211 0375707972 0060976845
37293,0451153553 0451142934 0451177096 0425144429 0451160525 0451167317 0451163524 067102423X 0451181379 0451156609
37300,0060391626 0446672211 006101351X 0345361792 0140067477 0440127793 0449212602 0553278223 0140053204 034536676X
37310,0385484518 0312195516 0679781587 0060502258 0375727345 0060928336 0375706771 0440222656 0345387651 0060976845
37311,0440241073 067976402X 0452282829 0446672211 0440234743 0375727345 0142001740 0345446860 0375700757 0425180638
37332,0316666343 0440498058 0446310786 0316284955 0345335465 044100069X 0441644511 0345335082 0441735762 0671617028
37333,0345387651 0316776963 0380002930 0142001740 0385484518 0385424736 0070212570 0385335482 0316284955 0345361792
37341,2253063339 2253150711 2253044903 2070360024 2266023039 2290311782 2253057843 2205054252 2070408507 2253005274
37377,0446608815 0446605484 0446611212 0446612790 0446607657 0446364193 0446606189 044023722X 0380731851 0446612545
37400,0345342968 0553208845 0060929871 0451524934 0451526341 0684801523 0451163966 0425152251 0140042598 0399501487
37426,0446611867 0451203771 0515135062 0515130389 0446672211 0446610399 0671014196 0671004530 0440223202 0446612545
37431,0345370775 0553572997 044022165X 0804106304 0451524934 0449213730 0142001740 0385486804 034540288X 0451526341
37447,0425143325 0345380371 0425109720 0425116840 0345438329 0425083837 0425154092 0440234743 0446359866 044021145X
37454,0312966970 0671001795 0312980140 0061009059 0312976275 0312983867 0060928336 0312990456 0316601950 0312265867
37493,0452282152 0316666343 044651652X 0345370775 0316601950 0385484518 0446672211 0060928336 0446519138 0440222656
37512,0380789035 0380789019 0452282152 0345342968 0385492081 0441172717 0345348036 0345337662 0345313860 0441569595
37527,2253063339 2253150711 2253044903 2070360024 2266023039 2290311782 2253057843 2205054252 2253005274 2277260029
37538,0684874350 0743418174 0312291639 0425152251 0679746048 0316776963 0446310786 0156027321 0446610038 0440220602
37556,0312305060 0312195516 0142001740 0385498802 0449005615 0156027321 0671003755 0385722206 0375726403 0316776963
37567,0156027321 0316666343 044651652X 0385484518 0552998486 0385486804 0385504209 0316096199 0786868716 0099771519
37571,0064407667 0316769487 0440219078 0060928336 059035342X 0385335881 0064472272 014131088X 0553296981 0380814021
37573,0439064872 059035342X 0439139600 0345342968 043935806X 0439136350 0380789035 0439139597 067976402X 0439064864
37584,0060987103 0380789035 059035342X 0452282152 0060987529 0060930535 002542730X 0312983271 0449005615 0142001740
37586,0140298479 014029628X 0312195516 0312305060 0312274920 0060987103 006099486X 0316601950 038550926X 0375726403
37597,0312278586 0671021001 006101351X 0312983824 0380001411 0671003755 0446608955 0440224853 0449911519 0385421982
37605,0060987103 0380731851 0425147622 0425180638 0380718340 0425154092 0446608815 0446610038 0684872153 0385730586
37623,0385503822 044023722X 0316666343 0385508042 0671041789 0553582747 0066214122 0385504209 0345339681 0440234743
37644,0446310786 0439136350 0425180638 0439064864 0590353403 0312278586 0064472272 0345413369 043935806X 0064405842
37654,0345370775 0380814803 0671003755 0553280414 0380762609 0679781587 0380750872 0515111317 0671737821 0671795538
37676,0375700757 0449005615 0064408655 0064408639 0064408647 0345413369 0312995423 0440237688 0449213943 0064410129
37688,0385504209 043935806X 0060392452 0439136369 059035342X 0671027387 0060930535 0312995423 0439064872 0345339703
37689,0380789019 0380002930 0446310786 0345391802 0553572997 0385722206 0380789035 0380814021 0064471047 0064407667
37691,0312195516 002542730X 0385504209 0316284955 0345337662 0452282152 0345384466 0312278586 034538475X 0743418174
37693,0385504209 0446672211 0060392452 0312995423 0440211727 0060928336 0446608955 0316601950 0671027387 0385484518
37712,0060938455 0316284955 014025448X 0312195516 0446672211 0060930535 0375725784 0671021001 0060392452 0440223202
37745,0070212570 0679781587 0671003755 0380002930 0060502258 0553274295 0312924585 0385479565 0399144463 0842329129
37790,0142001740 0345337662 0060928336 0060930535 0312291639 034538475X 0446670251 0671027360 0345384466 0385335482
37817,0671027360 0312995423 0385504209 044023722X 0440241537 0671027387 0446611638 0439139597 0446612790 043935806X
37822,0385504209 0312195516 0316284955 0316601950 0156027321 0452282152 0316776963 0312966970 0375726403 0312306326
37850,8408043641 8432206407 8445071416 8433969978 8478884955 8420616893 8477204055 0312924585 8420441708 8423310353
37854,044023722X 0679781587 0452282152 0060959037 0060928336 0060976845 0316284955 0671027360 014028009X 0375725784
37874,0440220602 0446604801 0440224764 0385492081 0671021001 0446608815 044021145X 0440226430 0425175405 0440213525
37905,0380789019 0552137030 0552124753 0552131067 0552131059 0552128481 0552131075 0441003257 0062502182 0552134627
37929,0451184963 0684865742 0553560735 0440234743 0440225701 0345342968 0451169530 0441569595 0553560719 0553296124
37950,0441003257 0451184963 0671041789 0451160525 0553580221 0312966091 0345339681 0345370775 0451169514 0380789035
37957,0316666343 0312983271 0312265859 0316601950 0312980140 0312966091 038550120X 0312976275 0312966970 0061009059
37968,0671041789 044651652X 0553572997 0375727345 0375725784 0671510053 0142000205 0452264464 0316601950 0446608955
37974,0385335482 0142001805 0060930535 0345313860 0140293248 0449212602 0449003787 0312195516 0553279912 0060502258
37975,055357258X 0312195516 0553574639 0515095826 0553574663 0553572040 0425158616 0515132268 0553280368 044922046X
37989,0385504209 0679781587 0316666343 0375726403 0452282152 0156027321 0060930535 0312305060 0060934417 0375725784
38005,0312278586 067976402X 0679781587 038542017X 0316666343 0060915544 0375703055 0679746048 0679744398 0671003755
38023,0345370775 0449212602 0440998050 0449005615 0064472272 0842329129 0312195516 0060502258 0020442203 0441172717
38034,0440226430 0446605239 0375706771 0316666343 0060928336 0345443284 0385335830 0385484518 0316569321 0316096199
38081,0440212561 0440215625 0440217563 0142001740 0385510438 0525941908 0609610597 0670839531 0385199570 0385508042
38091,0440225701 0060928336 0440241073 0440236673 044023722X 0449219364 0446604844 0060938455 0449003795 0316601950
38162,0142001740 0312291639 0449005615 0156027321 0380731851 0316776963 0312305060 0060958022 0609804138 031242227X
38169,0553296981 059035342X 0440219078 0385492081 0061015725 0439136369 0440414806 0375826688 0064407667 014034294X
38176,0385722206 0345438329 0151008116 0375725784 0671510053 0142001430 014023313X 0312282990 0060958022 0446525537
38217,0385486804 0345387651 0440224675 0060930535 0425109720 044023722X 0440206154 0553279912 0061097853 0671041789
38248,0316666343 0345370775 0062502182 0451524934 0380977788 0618002219 0345325818 0345354613 0743418174 0385504209
38250,0440241073 0440241537 0671027360 0440234743 0515135062 0446612790 0446611808 0345413903 0385504209 0446610038
38273,0385504209 0440236673 0375706771 0061009059 0671003755 0312983867 0312966091 0312971346 0060928336 0440241073
38281,0375725784 0060977493 0439136350 0440235596 0439064872 0345370775 044022165X 0439139600 0312421273 8408043641
38321,2253063339 2253150711 2253044903 2070360024 2266023039 2290311782 2253057843 2205054252 2070408507 2253005274
38345,043935806X 059035342X 0439136369 0385504209 0439064872 0671027360 0439139600 0140298479 0439139597 0452282152
38389,2253063339 2253150711 2253044903 2070360024 2266023039 2290311782 2253057843 2205054252 2070408507 2253005274
38449,0425180638 0439064864 0446606812 0590353403 0439139597 0439136350 0316601950 0836218221 0553273914 043935806X
38457,0316693006 0316666009 0316693235 0385508042 0316602906 0316693200 0316693251 0385511612 0385503822 0385504209
38464,0385335482 0553279912 0312278586 0316666343 0553280368 0553280341 0385335881 0330332775 0552998486 0449221504
38482,0446672211 0440226104 0380730138 0440226430 0452282829 0316601950 044022103X 0142000205 0375727345 055356451X
38503,2253063339 2253150711 2253044903 2290311782 2266023039 2070408507 2070360024 2205054252 2253005274 2277260029
38524,0446607657 0446612545 0446610038 0446605484 0446612790 0446611867 0446608815 0446606189 0345337662 0399150897
38544,0446610399 0446611212 0385503822 0515136379 0446612790 0515136530 0446606189 0385505833 0446609404 0446611867
38555,0151008116 0380789035 0553208845 0345337662 0553375407 0441569595 3150000017 0679735771 325722575X 0316769487
38556,0385505833 0345339681 0060502258 0375727345 0452282829 0316666343 0449907481 0446604666 044022165X 0440212561
38559,0449221512 0553271636 0553279912 0449221490 0553279556 0449221504 0553284789 0449223612 0449219461 0425158616
38589,8408043641 8432206407 8433969978 8445071416 0345417623 8477204055 0316769487 8478884955 0679723161 8466307125
38590,0345350499 0385508042 0312265840 0385510438 0385324138 0385504209 0446611085 0312990456 0385511612 0553250426
38595,0064407667 0399145672 0590353403 0440940001 043935806X 0439139597 0345438329 0553274295 059030271X 0439064864
38654,0671534734 0671534718 0345342968 067164257X 0671020293 0440403278 0312291639 0316666343 0671759345 0553274295
38660,0553582747 0345417623 0440206154 0553579754 0553580191 0345386108 0684872153 0425181103 0553250426 0312924585
38661,0316769487 0451526341 0446310786 0060929871 0684801523 0451163966 0345342968 0399501487 0440180295 0393312836
38674,0440234743 0440224764 0440221471 0440213525 0440214041 0345417623 044022165X 0425154092 0345353145 0345386108
38679,0375727345 0142000205 0446672211 0316284955 0385265700 0671021001 0452282829 0345443284 0312278586 0316601950
38703,0060976845 0452282152 0312195516 0060959037 0671003755 0060921145 0060930535 0385504209 0316601950 0061009059
38718,044023722X 0440214041 0312966970 0312966091 0440236673 0061009059 044022165X 0671001795 0440211727 0312976275
38722,044023722X 3442541751 3426029553 3150000017 3423202327 3492045170 3423201509 3423202947 325722575X 0440226430
38725,044023722X 0446610038 0425180638 0375705856 0345417623 0679781587 0425147622 0446605409 0446606812 0440235596
38744,0060928336 044023722X 0316284955 042516098X 0440226430 0743418174 0425147622 0439064872 0060977493 0440221471
38762,059035342X 0439139600 043935806X 0439139597 0439136350 0439064864 0345339703 0440221471 0590353403 0345339681
38775,0156027321 0345417623 0142001740 0385486804 0451177096 0525947647 0345339703 0345370775 0345339711 0451167805
38781,0440211727 0060959037 037322706X 0373691300 0553582127 0373765037 0373710992 0373790945 0451203585 0373226055
38789,0060959037 0375700757 0312195516 0446672211 044023722X 0345443284 0316666343 0743237188 0316601950 0375702709
38802,0743418174 0375725784 0385335881 0385504209 014028009X 0140293248 0385336179 0385722206 0142001430 0679746048
38818,0316666343 0060392452 0060938455 0671021001 0156027321 0316769487 0345337662 0099771519 0375707972 000649840X
38832,0064400557 0060938455 038550926X 0060915544 0671027344 0060392452 0385424736 0671250671 0142002267 0385722206
38872,3442541751 3423201509 3492045170 3423202327 3150000017 325722575X 3257229534 3423202947 3426029553 3257227809
38887,0439136350 0439064864 0439139597 0385498802 038533334X 0316780375 0679429220 0142001740 0345361792 0449005615
38899,0440211727 0440214041 0440221471 044022165X 0440220602 0440224764 0345380371 0446359866 0345353145 0446672211
38904,0440211727 0440224764 0440234743 044022165X 0440213525 0440241073 0446601241 0345370775 044021145X 0345353145
38922,0440219078 0446310786 0064472272 0553296981 0064407667 0380002930 0345370775 0553274295 0316769487 0440998050
38933,0440212561 0060928336 0316769487 0385335482 0671027360 014028009X 0345361792 0061097314 0060976845 0446670251
38935,0060976845 0060928336 0440236673 044021145X 0380012863 067976402X 0312983824 0684801523 0345339703 0671880314
38950,0385504209 3442541751 059035342X 0684872153 0671021001 0671027360 3492045170 325722575X 3423201509 3257229534
38991,0440241073 0446610038 0446611212 0446364193 0440224764 044023722X 0446612790 0446607657 0440236673 0446608815
38994,059035342X 055329315X 0380814803 0553561537 0671744216 0671737791 0380400480 0671702513 0380752999 0380820854
38995,0452282152 067976402X 0060928336 0452282829 0671003755 0375727345 0671021001 0316789089 0385484518 0070212570
39087,0312291639 0140293248 0446605239 0440224764 044022165X 0671003755 0316284955 0425154092 0440221471 0425169863
39106,0345339703 0553260111 0425143325 0425083837 0385504209 0440220602 034540288X 0425116840 0425147584 0440241073
39133,0743418174 0060958022 0553277472 0385722206 0451166892 044900371X 0449912558 0060938455 0316777730 0345387651
39134,0440234743 0440221471 0440224764 044021145X 0440220602 044023722X 0440214041 0440211727 0440213525 0385504209
39159,0380789035 0312974256 0312983271 0345348036 0345342968 0440226430 0441003257 0440213525 044021145X 0440241162
39195,0553250426 0439064872 0439136369 0316781010 006101351X 0553250531 0671510053 0743211383 0380789035 0345366239
39219,0312195516 0385504209 0440241073 0452282152 0786868716 0156027321 0142001740 044023722X 0440211263 0440235596
39227,0345417623 0425109720 0425180964 0425116840 0425083837 0425147584 044022165X 0425158632 0425170349 0345402871
39241,0786868716 0385484518 0446605239 0316666343 0140067477 0842329218 0553582747 0842329129 0446672211 0140293248
39265,0684874350 0312195516 0385504209 0156027321 0312282990 0440234743 0449212602 0399144463 0452283205 0679781587
39279,0312282990 0684872153 0440206154 0393317552 0060392452 0671027387 0671004107 0385511612 0142001430 0446611611
39281,0312195516 0385503822 0440235162 0140280553 0060173289 0446608955 0671027387 014025448X 067976402X 044023722X
39284,0440220602 0345353145 0440214041 0345402871 0440213525 044022165X 044023722X 0345380371 0345417623 0440236673
39287,0345384369 0425107469 0345386108 0425128164 0425181103 0553580221 0553582747 0425144429 0425142485 0345384350
39326,0060987103 0385335482 0446608955 0375725784 0439404371 0060928336 006101351X 0439064872 0671693816 014028009X
39345,0440224764 0440234743 0440225701 0440214041 0425154092 0380710218 0440236673 0440211727 044023722X 0425175405
39353,0345370775 034540288X 0440220653 0064407667 0140348107 0064471047 0440219078 0440407524 039480001X 0380709562
39372,0446610038 0446612790 0446607657 0446612545 0446364193 0515131229 0446606189 0446609404 0446608815 0515135062
39374,0385504209 0345417623 0380731851 0312195516 0316096199 0156027321 0679781587 0312278586 0316284955 0440220602
39379,0070212570 0140067477 0446605239 0385722192 0140293248 0552996181 0312195516 0385474016 0345313860 051513287X
39396,3442541751 3492045170 3423202327 3423201509 3257229534 3257227809 3423202947 3426029553 3442092981 3257229364
39400,0316666343 0440225701 044022165X 0440220602 0425151867 0316776963 0375726403 0451166892 0440235596 0804111359
39441,0451190491 0451163524 0451167317 067102423X 0451160525 0451190564 0451172817 0451156609 0451184963 0451176464
39453,0452282152 0345361792 0380789019 0060987529 0060959037 0380789035 0060977493 0375725784 0060976845 0385720106
39464,0552131067 0380789035 0552128481 0552131059 0552131075 0380789019 0552996009 0060392452 0099771519 0552140295
39467,8408043641 8433969978 8432206407 8445071416 0316769487 0312305060 0812550706 0440241537 0679429220 8477204055
39488,0553375407 0316769487 0451524934 0451191145 0060929871 0345342968 0553208845 0385484518 0375700757 0553278223
39502,051513287X 0515131229 0142001740 0373218397 0515128546 0515128554 0515126772 0451524934 0440202043 0515130389
39513,0440234743 044023722X 0440221471 0440224764 0440214041 0440211727 0440213525 0440236673 044021145X 0440225701
39523,0345370775 0345353145 0345378490 0345391055 044022165X 0345417623 0345380371 0440214041 0440221471 0345402871
39527,0316666343 0679745203 0345342968 0345350499 034538475X 0345339681 067976402X 0441003257 0345339738 0316096199
39558,044023722X 0375700757 0375702709 0060959037 0767900383 038082101X 0743225406 0425192725 0747551006 0452260116
39584,0312195516 0679781587 0671003755 0452282152 0375727345 0312305060 0385722206 0316666343 0060976845 0375700757
39588,0345413350 0380789035 0441790348 0553562614 0441003257 0345333926 0671004107 0553262505 0553560735 0380752859
39602,0099771519 0451166892 034540288X 0440222656 0446610038 0156711427 0316777722 0345380371 0330332775 0446604801
39608,0312983271 0061009059 0316666343 0671001795 0312966970 0312966091 0312306326 0312971346 0316096199 0316788228
39616,0671003755 0553296981 0439136350 0553260111 0440217563 0440215625 0440212561 0679781587 0440241073 0060502258
39646,0060976845 0385730586 0671021001 0743418174 0060934417 0316776963 0385484518 0446672211 0440220602 0440225701
39651,3442541751 3150000017 3492045170 3423202327 3423201509 3423202947 3257229534 325722575X 3426029553 3257227809
39662,0671027360 0316666343 0312995423 044023722X 0446672211 0515135062 0345413903 0446531332 0156027321 0446610038
39664,0312195516 0316601950 0671021001 0316666343 0316284955 0060928336 0375706771 0060391626 0671003755 0060976845
39681,0316601950 0060987049 0316569321 0316769487 034536676X 031205436X 0140042598 0671755064 0375706771 0517122707
39692,0330332775 000649840X 0452282152 0552998486 0552124753 0552137030 0142001430 0330367358 0552998001 0156027321
39705,0446610038 0446610399 0446605239 0446672211 0375706771 0671021001 0684848783 0375727345 0316666343 0446611212
39750,8408043641 8445071416 8432206407 8433969978 0312924585 8478884955 8420616893 8477204055 8478886451 0156013924
39773,0316666343 0385504209 059035342X 0060502258 0385511612 0312278586 0451166892 0439064872 0971880107 043935806X
39827,0060928336 0679746048 0316284955 0440226430 0060976845 0385335881 0671021001 0452269571 0385335482 0743418174
39865,0385504209 0684874350 0425184129 0142001740 0385497466 0385424728 0671880187 0553375407 0446606324 0316776963
39928,044651652X 0316666343 0440221315 0440217547 0446605239 0440226430 0446531332 0743418174 0385505833 0385503822
39974,0345335651 0345335457 0345338715 0375725784 0345352661 0345369351 0345358805 0440212561 0345314255 0345377591
40012,0060392452 0099771519 0060938455 0552137030 0552124753 0552996009 0552131067 0330332775 0590112899 0349101779
40043,3442541751 3257227809 0385504209 3423201509 3257229909 3423202327 3150000017 325722575X 3492045170 3426029553
40052,0446672211 0671510053 0142000205 0345361792 0316601950 0060930535 0345443284 0375727345 0375707972 0385265700
40110,0440235596 0451203771 0440226430 0440222656 0142001740 0440223202 0440122090 0440213290 0440213029 044022103X
40134,0312924585 0345370775 043935806X 0440224675 0345342968 0316769487 0060502258 0440222656 0316284955 0060987103
40136,0375706771 0060928336 0060976845 0380730138 0671021001 0140298479 0446670251 0446672211 0375727345 0316569321
40184,0441172695 0515131229 0441104029 0441172717 8408043641 0345342968 0441294677 8445071416 0553580272 0312924585
40222,0312195516 0060392452 0440222656 0842329242 0385504209 0842329250 0316666343 0842329269 0440214041 0842329277
40276,0312195516 0060928336 0449212602 0440211727 0060915544 0345337662 0060921145 0684874350 0671001795 0140440046
40299,0385504209 0312195516 0316776963 0385335482 0312278586 0156027321 0316284955 0316096199 0375726403 0142001430
40316,0385505833 0671041789 0385265700 0060502258 0679781587 0142000205 0345361792 0380730138 0316601950 0375706771
40330,0316769487 0451524934 0553208845 0060929871 0345391802 0060502258 0345378482 0553572997 0451161351 0440206154
40367,044651652X 0316666343 0446605239 0446672211 0446610399 0743418174 0385484518 0345353145 0140293248 059035342X
40415,0385504209 0671027360 0060938455 0316666343 0312995423 0156027321 0142001740 0375727345 0385505833 0375725784
40417,0446672211 068484477X 0060976845 0385720106 0060959037 0312278586 0671003755 044023722X 0060977493 0060987103
40435,0140620222 0140620338 0140620427 0099771519 0140620109 0316769487 0316569321 0425152251 0446670251 0440211727
40446,0142000205 0316666343 0385265700 0452282829 0380730138 0316899984 0316284955 038533334X 0060934417 0316601950
40466,0375727345 0345361792 0446605239 0440222656 0140067477 0060502258 0312195516 0312924585 0142001740 0060392452
40480,2253063339 2253150711 2253044903 2070360024 2266023039 2070408507 2253005274 2205054252 2253057843 2290311782
40505,0440226430 0439064872 044021145X 0060976845 0743418174 0684872153 0316284955 0060987529 059035342X 0385335830
40511,0515131229 0515128546 051513287X 0515128554 0515132020 051512317X 0515133973 0515130389 0515121843 0515127833
40553,0446606812 0451526341 0446310786 0312278586 0399501487 0670892963 0679746048 0553296981 0440206154 0446605239
40559,0385504209 0060959037 0385721420 0385337116 0312305060 0060977493 0156027321 0684801523 0316155306 0399151451
40563,0671510053 0385492081 067976402X 0671021001 0446608955 0679429220 0679444815 006101351X 0439136369 0446672211
40604,0385335482 014028009X 0140293248 0385335881 0060976845 0312278586 0385336179 0060928336 0140298479 0385335830
40612,0316284955 0316666343 0312195516 0316601950 0440226430 044021145X 0671021001 0375706771 0060976845 0446310786
40617,0553572997 0553279912 0345353145 0345391802 0060928336 0385486804 0385474016 0345361792 0345337662 0375727345
40627,044021145X 0671021001 0553572997 0345361792 0345391802 044022165X 0345380371 0345370775 0446310786 0385492081
40635,0140293248 006101351X 014028009X 880781210X 0060502258 8845215989 0385335482 8806143042 8806166484 8845237303
40640,0552131067 0552137030 0064407667 0552131075 0552134627 0552134635 0552134643 0552134651 0380789035 0552140295
40647,0330332775 0743418174 0091867770 0552996009 000649840X 0099771519 0099747200 0552998001 0590660543 0330367358
40748,0316666343 0066214122 059035342X 0345417623 0671021001 0525947647 0380731851 0345378482 043935806X 0312979096
40772,0156027321 0142001740 0449005615 0385504209 0380731851 0385722206 031242227X 0316666343 0375726403 0142004235
40795,043935806X 0439136369 0439064864 0439139600 0590353403 0345339703 0345339681 0345339711 0446608955 043936213X
40796,0316666343 0440226430 0345339711 0345339681 0451526341 0345339738 0439136350 0553279912 0345387651 0553280341
40798,0446611867 014025448X 0440222656 0440241537 0446394521 034540288X 0440235162 006101351X 0440211263 0671014196
40838,0385504209 0156027321 0142001430 0385722206 0375726403 0312305060 0316666343 0452283205 0060930535 044023722X
40840,3442541751 3492045170 3423201509 3150000017 3423202327 3257229534 325722575X 3426029553 3423202947 0971880107
40885,0156027321 0316769487 0312195516 0140067477 0385486804 0375700757 0451191145 0449212602 0671003755 0140119906
40888,0446364193 0440220602 0446610038 0440226430 0446605484 0446604801 0446611212 0446613266 0446608815 0440234743
40889,0316666343 0440241073 0684872153 0380018179 0385504209 0142001740 031242227X 0446605239 0440211727 0804106304
40895,0446607657 0316602906 0316603287 0385484518 0553582747 0553802496 0316666009 0345443284 0385497466 0399150897
40914,0385335482 0743418174 0060928336 0385336179 0316601950 0375706771 0316096199 0312291639 014028009X 0060096195
40922,0316602906 0399146253 0316693006 0399150897 0316693200 0316693235 0316969680 0425175405 0399145087 0425147622
40943,0060502258 0345370775 0142001740 0440998050 0553296981 0440414806 0312278586 034540288X 0380002930 0345417623
40958,0399501487 0451526341 0060987561 0553272535 0446310786 0385492081 0345342968 0156027321 0312278586 0449911519
40988,2253063339 2253150711 2253044903 2070360024 2266023039 2290311782 2205054252 2253057843 2253005274 2070408507
41058,0446364193 0425154092 0425180638 0440224764 0446607657 0446601241 0446611085 0446604801 0446609404 0446612790
41080,0440221471 044023722X 0440211727 044022165X 0345370775 0440214041 0440241073 044021145X 0440213525 0440234743
41084,0345391055 0345384350 0451177096 0316666343 0345386108 0425115801 034540288X 0451156609 0345380371 0553582747
41086,0312291639 0375726403 0060987103 0446605239 0345438329 0345337662 0312195516 0140119906 0375700757 0316769487
41088,0515131229 0373218192 0515132020 0515135062 051513287X 0515133973 051512608X 0515126772 0515128554 0373218397
41103,0786868716 0439064872 059035342X 044651652X 0439139600 0385484518 0439136369 0671250671 0553375407 0439136350
41111,0451167317 0671024248 0451188462 0451156609 0670844527 0451176464 0451184963 0060391626 0375504397 0525941908
41114,0385335482 0446670251 0060502258 0060928336 0316666343 0552998486 0099771519 0140298479 0312274920 0425152251
41123,0316601950 0380731851 0312195516 0671027360 034541389X 0446610038 0446611212 0425178765 0375700757 0446527165
41155,2253063339 2253150711 2253044903 2070360024 2266023039 2205054252 2290311782 2253057843 2070408507 2253152846
41157,0446670251 0060987529 014029628X 0345391802 0060938455 0380814021 0385730586 0345350499 0743225406 0553562738
41174,0440214041 044022165X 043935806X 0345339711 0440220602 0451166892 0440221471 0439136369 0345339738 0345339703
41177,0385486804 0385722206 0312305060 0385504209 0452282152 0345342968 0679781587 0446310786 0345339703 0316769487
41198,0552137030 0552124753 0552131067 0552128481 0552131075 0552131059 0552140295 0552134627 0552134643 0552134619
41227,3150000017 3492045170 3423202327 3423201509 325722575X 3257229534 3423202947 3426029553 3257227809 3404148665
41245,0060928336 0316666343 0312278586 0060987103 0060976845 0316096199 0440226430 0385335881 0140293248 0385336179
41312,0385504209 0156027321 0449003795 0671027360 0452282152 044023722X 0312995423 0345417623 0142001740 0440236703
41324,0385504209 0156027321 0060938455 0060392452 0312282990 0671027360 0142001430 039592720X 0446532231 0525947647
41347,3442541751 3150000017 3492045170 3423202327 3423201509 3426029553 325722575X 3257229534 3423202947 3257227809
41351,0743418174 0345353145 0553573403 0553262505 0345333926 0671891510 0316776963 0553560735 0345339703 0671733893
41364,0142001740 0060928336 0316666343 0385484518 0452282152 0345337662 0440226430 0316776963 0312195516 0743418174
41376,0440224764 0440221471 0440234743 0425154092 0345417623 0345353145 044023722X 0440220602 0380710218 044022165X
41395,0316284955 0060928336 0316666343 0446672211 0142001740 0345443284 0375727345 0060938455 0385504209 0375706771
41403,0156027321 0385498802 0345438329 0553572997 0671003755 0385504209 0385722206 0060934417 0316096199 0385265700
41425,0060915544 0060987103 0451166892 0316769487 0385720106 0375707972 0312278586 0156027321 044023722X 0452282152
41432,0671003755 0679746048 0312278586 0375706771 0439064872 0385335881 0385504209 0425167313 0452269571 0439136369
41449,0142001740 0452283205 0385722206 0060930535 044023722X 0312291639 0449005615 0451166892 0060987103 0060958022
41450,0446310786 0671003755 0679746048 0345313860 0060928336 0375700757 0452269571 0684801523 0452264464 0060930535
41455,0446610038 0345353145 0316601950 0446364193 044021145X 0312980140 0446605484 0345417623 0345370775 0446604801
41538,0380977788 0156001314 0684801523 0156007754 002542730X 0590353403 0060932139 0156012197 0060977493 0060929871
41557,0312995423 0449003795 0671027360 0142001740 0553578316 0446612545 0062502182 055357258X 0446610038 0425192725
41580,0060928336 0316601950 0452282152 0060930535 0312195516 0446672211 0142001740 067976402X 0060987561 0446670251
41586,059035342X 0553582755 0553582747 0375504397 0446531332 0439064872 0743211375 0439136369 0671041789 0446613436
41589,0440221471 0440211727 0440220602 0440225701 0440234743 0425109720 0440241073 0425180964 0425170349 0425116840
41596,0061009059 0446606812 0345378490 0345353145 0671510053 0804106304 0312966091 0446605239 0449003787 031242227X
41602,0451156609 0451180232 0451167317 0451176464 0553279912 0451186362 0451169530 0451177096 0451172817 0140298479
41634,044021145X 0440224764 0440220602 0440211727 0446604801 0440221471 0425163407 0446364193 0440214041 0345313860
41646,0156027321 0671027360 0452282152 0060930535 0142001740 0316666343 0452283205 0316096199 0671021001 0449005615
41667,0440220602 044022165X 044021145X 0440224764 0440214041 0440211727 0440213525 0440225701 0440236673 0345337662
41676,0142001740 0553578316 0446612545 0449003795 038550120X 0671011375 0515134384 0425192725 0446610038 0553574639
41687,0316666343 0385503822 0316693006 0385511612 0385508042 0312278586 0316969680 0451205421 0345441036 0375504397
41698,3442541751 3150000017 0140620222 3423202327 3423201509 3492045170 3257229534 325722575X 3426029553 3423202947
41700,3442541751 3150000017 3492045170 3423201509 3423202327 325722575X 3257229534 3423202947 3426029553 3257229364
41701,2253063339 2253150711 2253044903 2290311782 2266023039 2070360024 2253057843 2070408507 2205054252 2253005274
41718,0385336179 0312983824 0439425220 0060096195 067101420X 0399149325 0553578316 0446606812 0142001740 0060008032
41738,0316666343 0316769487 0440226430 0439136350 0385484518 0345342968 0380002930 0060929871 0451526341 0425152251
41751,0345313860 0345351525 034538475X 0451160525 0345384466 0451153553 0440224675 0451156609 067102423X 0451176464
41757,0553250531 0440215625 0440223202 0553289411 0399149155 0446612790 0060958022 0374129983 0671867091 0671758896
41760,0066214122 0671027360 0380789019 0385504209 0142001740 0440206154 0312995423 0156027321 0345339681 067976402X
41781,0312995423 0385504209 0440241073 0671004530 0446672211 0316601950 0312291639 0553582747 0380731851 0671027360
41831,0446606812 0060392452 0804106304 080410753X 0684848783 0679746048 0440211727 0671027360 0671617028 0440213525
41837,0440213525 0064407667 0440225701 0786881852 044021145X 0345337662 0684801523 0553213059 0316769487 0440234743
41841,0446608955 044023722X 0060392452 0345339681 0446532231 0385503822 0380012863 0345342968 0451202341 043935806X
41842,0316666343 0345342968 0312195516 0151008116 0345443284 0375726403 0553272535 0070212570 0679781587 0142001740
41854,0515128546 0515126772 0515128554 0515135739 0312980159 0425183971 0515136530 0425189031 051513628X 0515136379
41892,0316666343 0375726403 0375725784 0786868716 0312278586 0385484518 0156027321 0060934417 0679781587 0142001430
41894,0446611212 034541389X 0440241537 0440414806 0440225701 0446667900 0449003795 0671042262 044661162X 0446611778
41897,0091867770 0345436911 0452283205 006016848X 0312995423 0060920084 0312282990 014023313X 0140298479 0552996181
41911,0345384466 0345397819 0345404319 0345370775 0060928336 0140298479 034540288X 0451160525 0345434803 0679735771
41980,044651652X 0345337662 0679429220 0671250671 044022165X 0064407667 0385479565 0440234743 0440211727 0440214041
42024,0446672211 0385335482 0316601950 0060976845 0312278586 0385336179 0060928336 0385335881 0316666343 0671003755
42055,0142001740 0385504209 0385484518 0786868716 0312983271 0312291639 0312306326 0399144463 0345342968 0345348036
42093,0312966970 0312966091 0060987103 0312980140 0446670111 0312983867 0380789019 0345413350 0345370775 0525947647
42099,0345370775 0446605239 0451526341 0385492081 0446310786 0316769487 0140293248 0345378482 0440206154 0345353145
42143,0679429220 0553279912 0345313860 0671510053 006016848X 014028009X 0375500510 0399144463 0140293248 0312422156
42162,0345378490 0440206154 0671041789 0446605239 034540288X 0345378482 0786817070 0440222656 0312924585 0380789019
42178,0385504209 0060938455 0553296981 0156027321 0345339703 0671027360 0345339738 0345368754 0553375407 0786817070
42323,0385508042 0385510438 0316603570 0399150897 0385503822 0312265859 0142001740 0312265867 0316693006 0316693200
42333,044023722X 0066214122 0345402871 0440234743 0440241073 0156027321 0345353145 0345370775 034540288X 0060987103
42352,0425154092 0345337662 0425175405 0425109720 0440234743 042510107X 0380710218 0440214041 0440225701 0425143325
42372,044023722X 0440224764 0425154092 0440221471 0345353145 0440236673 0380710218 0345378490 0440211727 0425147622
42408,0385336179 0440211263 0440226430 0060928336 0446672211 0743418174 0316284955 0312278586 0312291639 0316666343
42410,0142001740 0380731851 0375700757 0316601950 0316666343 0312195516 0060928336 0671003755 0385504209 0375707972
42419,0671021001 0316769487 0156027321 0312195516 034540288X 0345353145 0679746048 0345337662 0452282152 0446310786
42450,0156007754 0446394521 0345313860 0553208845 0553262505 0452280621 006000438X 0553572997 0345391802 0452282152
42458,0425180638 0425178765 044021145X 0515132020 0671027360 0446610038 0446605409 0425158616 0345391055 0449003787
42466,0385504209 0671027360 0156027321 0061015725 0684848783 0684874350 0385722206 0440234743 0099771519 0446610399
42482,0440221471 044021145X 0440213525 0440211727 044022165X 0440214041 044023722X 0440224764 0446364193 0440222656
42491,0316666343 0312278586 0345417623 0441790348 0553279378 0385505833 0553280643 0345348036 0142001430 0671041789
42511,0345370775 0345353145 0345380371 0553250531 0345378490 034540288X 0345378482 0553250426 044023722X 0345417623
42522,0440224675 0316769487 0345370775 0060928336 0446605239 0345353145 0345378490 0684872153 0345313860 0375707972
42573,0061097853 044022165X 0061092606 0061000043 0446604666 0515090166 044021145X 0449219569 0061000027 0515090174
42594,0312195516 0062502182 0553279378 0446672211 0140440046 002542730X 0553275976 0316666343 0345413350 0099800403
42597,0316666343 0156027321 0385504209 0312291639 0316284955 0446672211 0440241073 0452282152 0312305060 0345417623
42611,0385504209 0671027360 0316666343 0440234743 0312995423 0440235162 0440241537 0439064872 0553260111 044023722X
42651,0316601950 0385504209 0312195516 0671021001 0446672211 0060928336 0060976845 0385335482 0140298479 0316666343
42694,0385508042 0312195516 0070212570 0312976275 0312966970 0842329218 0385510438 0380813815 0842329129 0316969680
42718,0156027321 0375703764 0451191145 0140067477 0385504209 0553274295 0553296981 0070212570 0671708635 0671867113
42721,0671027360 0312995423 0553582747 0515130389 0684872153 0451203771 034541389X 0380731851 0515135062 0345413903
42730,0142001740 0312195516 0316666343 059035342X 0452282152 0679781587 0060928336 0060977493 0140293248 0553296981
42740,0316601950 0446672211 042516098X 0060391626 0553292722 0425167313 0316569321 055356451X 0425152251 0345446860
42780,0345337662 0345351525 0345384466 0441304834 034538475X 0441000916 0441001971 0441002935 0441003745 0345404319
42798,0439139597 0446310786 0064400557 0439064864 0439136350 0345339681 043935806X 0345339711 0345339703 059035342X
42803,0590457225 0064400557 0385504209 0142001805 043935806X 0060938455 006016848X 0060987103 0375705856 0385505833
42831,0385335482 0385335881 0312278586 0385729340 014100018X 0060502258 0385336179 0446606812 0446605239 0060976845
42847,0385508042 0385510438 0316693006 0385511612 0385503822 0316666009 0316569321 0399150897 0316603287 0316602906
42852,0553580191 0553582747 0345384369 0440241073 0553582755 0425107469 0553580221 0451180232 067102423X 0451160525
42869,0439064872 0439136369 0439136350 059035342X 0439139600 0439064864 0439139597 043935806X 0312278586 0590353403
42883,0061015725 0440241073 059035342X 0385504209 0312995423 043935806X 0440241537 0671027360 0439064864 0439139597
42885,0679457526 3442541751 3150000017 0385486804 3492045170 3423202327 325722575X 3423201509 3257229534 3423202947
42887,0452282152 0316601950 0312195516 0142001740 0060930535 0060959037 0375726403 0385722206 0141000198 0312305060
42902,0312195516 0385504209 0316666343 0679781587 0316284955 0316776963 0312291639 0142001805 0679429220 0440236673
42914,0345353145 0316666343 0345337662 0345370775 0312195516 034538475X 0425115801 0345380371 0451160525 0312924585
42935,0451203771 0345436911 0142001430 0385722206 0553208845 0446394521 0156528207 0446310786 0671510053 0060502258
42940,0553581554 0553582127 0446610038 0553571818 0553569910 0671023616 0425180638 0553578693 0553579983 0345447867
42948,044023722X 0446605239 0446610399 0446610038 0446607657 0446606812 0971880107 0515130389 0446608955 0446612790
42978,0060930535 0385335482 0060921145 0375725784 0142001805 0060977493 0140119906 0316769487 0446670251 0684801523
43004,0671027360 0345342968 0385504209 0316603570 0440206154 0425152251 0312995423 0446610038 0446604666 0446611611
43006,0345413350 0385512104 0380789035 0441002935 0515135062 0441003745 0441005748 0441005241 0679429220 0515132187
43021,0425180638 0446607657 0425154092 0446611212 0446610038 0446612545 0446606189 0446608815 0375700757 0380718340
43052,0316601950 014028009X 0141000198 0446670251 0140293248 0060928336 0452282152 0385335482 0312291639 0345439104
43093,0440214041 0440220602 0446310786 0060934417 044022165X 0440213525 0385504209 0440222656 044023722X 0380002930
43118,8408043641 0452282152 8432206407 8445071416 8433969978 0440211727 0099771519 0440224675 0375725849 0552124753
43157,0451160525 0671024248 0451184963 0345361792 0451156609 0671042858 0451188462 0451167317 0345384466 0451163524
43163,0060928336 0140293248 0385484518 0316284955 0440226430 0312195516 0452282152 0385504209 0671021001 0060930535
43246,0316782505 038079487X 0440211727 0375506039 0061009059 0060934417 0060502258 0451197399 0140254544 0345370775
43282,0385335482 0312278586 0060928336 0440241413 014028009X 0140298479 0385335830 0060096195 0385730586 0446670251
43285,0439064872 0345339681 0439136350 0345339703 0439136369 043935806X 0553260111 0439139600 0345339738 0385504209
43309,0842329218 0842329129 0842329242 0842329250 0060502258 0842329269 0842332251 084232920X 0842329277 0842329285
43325,0446672211 0316284955 0140293248 0446310786 0316666343 0671003755 044021145X 0671021001 0670865796 0679781587
43359,0425109720 0553279912 0553280341 0449219364 0060502258 0345417623 042510107X 0449221504 0425083837 0553279556
43397,0316769487 0451524934 0684801523 0140298479 0060502258 0312924585 0679723161 0446611867 0451526341 0553279378
43404,0345339703 0385504209 0446310786 0385484518 0671003755 059035342X 0440219078 0425152251 0385335482 0679781587
43407,0842329218 0842329129 0786868716 0842329242 0060502258 0345339681 0385484518 0842329250 0439064872 0842329269
43418,0142001740 0312291639 031242227X 0375727345 0312305060 0316776963 044023722X 0385504209 0380731851 0449005615
43436,059035342X 043935806X 0439136369 0439139597 0439136350 0439064864 0786881852 0590353403 0060392452 0385492081
43481,0375706771 0375707972 0452282152 0385720106 0440211263 0671038184 0452282829 014023313X 0380730138 0345443284
43520,0140293248 0312278586 880781210X 8806143042 0060502258 0385335482 006101351X 0553582747 8806166484 8845215989
43545,044023722X 0385504209 059035342X 0679781587 0060392452 0440206154 0439064872 0375725784 0446605239 0452282152
43595,0446672211 0142000205 067976402X 0316899984 0345443284 0060928336 0671021001 0316569321 0345438329 0385265700
43619,0440234743 0440224764 0440226430 0345443284 044023722X 0142000205 067976402X 0425175405 0375707972 014028009X
43626,044023722X 0440234743 0446364193 0345380371 0440224764 0425154092 0345391055 0440241073 0440220602 0440213525
43639,0440235596 0452282152 0451203771 059035342X 0440226430 0446608955 0446605239 0671021001 044021145X 0345370775
43642,0345339738 0345339681 0345339711 059035342X 0439064872 0439136350 043935806X 0345342968 043936213X 0439136369
43645,8433969978 8445071416 8432206407 8477204055 8478884955 0156013924 8420616893 8401328942 0684859335 8478886451
43664,006016848X 0609804138 0316096199 0786881852 0060938455 0142001805 0440343194 0316569321 0345380371 0451526341
43678,0156027321 0679745203 0553277472 0446611867 0449212602 0553279378 0399501487 0553273914 0451526341 0743436210
43687,0385504209 0312966970 0345384466 0452282152 0312971346 0312976275 0345339681 0553289411 0060392452 0060928336
43698,0316777730 0440180295 0451524934 0060938455 0060916508 0451163966 0385486804 0060976845 014028009X 0684801523
43726,0449212602 0064407667 0670892963 0553280414 0345339681 0451153553 0553274295 0380002930 0375700757 0553211404
43806,0385504209 0316666343 0671027360 0156027321 0312291639 0440206154 0451176464 0316769487 0451172817 0451177096
43807,0345441036 0609610597 0066214122 0399144463 0316666343 0345417623 0345335465 0345253736 0312278586 0671004530
43842,0385505833 0446610399 068484267X 0385484518 0380731851 0061009059 038079487X 0446605239 0316781266 0060502258
43850,3442541751 3150000017 3492045170 3257229534 325722575X 3426029553 3257227809 3442092981 3404148665 3257228007
43852,0345370775 0060392452 044021145X 034540288X 0345337662 044022165X 0449212602 0440220602 0345380371 0316666343
43873,0156027321 0316666343 0385492081 0440414806 0441172717 0553580930 0380814021 0553375407 0380789035 0060976845
43901,0440236673 0440241073 0345417623 0440234743 0316096199 0060938455 0380731851 0142001740 0440221471 0446532231
43907,0452282152 0312195516 0316666343 0679781587 0446672211 0440241073 0671027360 0671510053 0385504209 0151008116
43909,0345387651 0425154092 0380718340 0425163407 014100018X 038549081X 051513287X 0385720955 0684801523 0385335881
43910,0312278586 0316666343 0375502238 014028009X 0316096199 0670892963 0446310786 0374129983 0385504209 0375726403
43920,0449221512 0449221482 0553284789 0553280341 0449219461 0553271636 0449221504 0553279556 0553279912 0449223612
43925,0312305060 0142004235 0385722206 044023722X 0385492081 031242227X 0060175400 038533334X 0060256737 0345378490
43955,0060928336 0060392452 0345313860 0671755064 0312924585 0385720920 0385335482 0671021001 0670892963 0440241073
43962,0156027321 0316666343 0385486804 0330332775 0312195516 0316096199 0446519138 0385420161 0786868716 0385484518
44020,0385504209 0060928336 014028009X 0425152251 006101351X 0062502182 0385335482 0440211263 0140042598 0140097058
44021,0316666343 0156027321 0385504209 0553582755 0140293248 0515135062 0446672211 0345337662 0440235162 044023722X
44070,0345339703 0345339738 0345339711 0439136369 043935806X 0439064872 0439136350 0590353403 059035342X 0439064864
44089,0671027360 0440211727 0441790348 0670892963 0312982518 0553275976 0553210793 0440217520 0441172717 0060987103
44091,0385504209 0553580221 067102423X 0446672211 0345337662 0060928336 059035342X 0060930535 0316666343 0439136369
44190,0743418174 0670880728 0875421180 0345337662 0140298479 044651652X 0375726403 044023722X 0345370775 0812511816
44252,0316769487 0312976275 0399501487 0312971346 0312966091 0060929871 0393312836 014028009X 0312983867 0312990456
44295,0345337662 0345313860 0345351525 034538475X 0425163407 0345397819 0345404319 0440226430 0446364193 0425169863
44296,0345339703 0385504209 0345370775 0345339681 0440211727 0385335482 0380002930 0345339738 044021145X 0553280414
44297,0375707972 0064407667 0064407675 0679429220 043935806X 0930289595 0671003755 0380977788 0553572997 038548951X
44307,0553213148 0316666343 055321313X 0375706771 0553213172 0440220653 044048474X 0064405842 0553274295 0446672211
44320,0380789035 067976402X 0345361792 0452282829 0060959037 0380789019 0679751521 0060987103 0743237188 015100692X
44334,0385508042 0385511612 0140440046 0684801221 0316603570 0399150897 0446532452 0684801523 0316602906 0316693006
44362,0439064872 0316666343 059035342X 0440226430 0671693816 002542730X 0316788228 0439139600 043936213X 0345339681
44368,0553572997 0385486804 042510107X 006101351X 0425143325 0156027321 0425147584 0425083837 0425133540 0345380371
44389,0316666343 0446605239 0312278586 0345443284 0446611867 0375502238 0060928336 0375726403 0375703055 0142001430
44450,0060502258 0142000205 0375706771 0446672211 038079487X 0375727345 0375707972 0446608955 0316899984 0671021001
44467,0061015725 044023722X 0345417623 0451203771 0671027387 038079487X 0553250531 0446672211 0671027360 0449003795
44468,044651652X 0451191145 0345348036 0671510053 006099486X 0553284363 0345446860 0553582364 0425152251 0345391055
44472,043935806X 0440414806 059035342X 0439136369 0064408655 0064410129 0439139597 0380789035 0064408663 0439064872
44488,0440224764 044651652X 0380717018 0671003755 0375706771 0446672211 0385505833 0385503822 0312306326 0316693251
44496,0140293248 0060502258 0312278586 006101351X 880781210X 0440212561 014028009X 0385335482 0440215625 8806143042
44535,0385484518 0671617028 0312278586 044021145X 0380012863 006101351X 0671038184 0060976845 0316666343 0385474016
44566,0061015725 044023722X 0440241073 0553582747 0440241537 0385504209 0385511612 0446612790 0380731851 0440221471
44588,0345353145 0345370775 0345380371 0345417623 034540288X 0345378482 0440213525 0440220602 0440214041 0440234743
44590,0345339681 0345339703 059035342X 0345339738 0345339711 0060930535 0345370775 043935806X 0451180232 0451156609
44595,0345350499 0553572997 0743227441 0671027360 0440439884 0553262505 0375725784 0316569321 0345335651 0345335511
44611,0316666343 0312278586 0385335482 0312195516 0060928336 014028009X 0446670251 0446310786 0446672211 0316776963
44647,0425154092 0425163407 0446601241 0553582526 055356451X 0425158616 044022165X 0345337662 0380789035 0553579606
44663,0446364193 0385503822 0440224764 0446606189 0385511612 0440214041 0446601241 038550120X 0385497466 0385508042
44727,059035342X 0439136369 0449223612 0439139600 0553284789 0449223604 0553280341 0449221512 0449219461 0449221490
44728,0060502258 0449221490 0449223612 0312966970 0446310786 0449219364 0553271636 0449221512 0449219461 0446672211
44756,0515135739 0440224764 0515107662 0373483503 0515128554 0515126772 042516098X 0553571885 0373484003 0515128546
44824,0842329129 0842329242 0842329218 0842329250 0064407667 0842329269 0786881852 084232920X 0375727345 0842329285
44837,0312195516 0142001740 0452282152 0060934417 0156027321 0316666343 0060959037 014029628X 0385720106 0060928336
44842,0142001740 0316666343 0385504209 0385503822 0385508042 0385505833 0385722206 0385497466 0385472951 0316776963
44845,0316096199 0385484518 0440226430 0440236673 0440221471 0312291639 0140298479 0385336179 0786868716 0345447840
44852,0452282152 0375707972 0060928336 0375706771 0385504209 0312195516 0060976845 0671021001 0553572997 0385265700
44855,0140293248 014028009X 006101351X 880781210X 0385335482 8806143042 8845215989 0060502258 8806166484 8845237303
44892,0671510053 0446672211 0440241073 0671021001 0316601950 044021145X 0440211727 044023722X 068484477X 0440224764
44893,0060987529 0060987103 0446604666 0671510053 006099486X 0385512104 0316780375 0380789035 043935806X 0141000198
44925,0330332775 0060502258 0385335482 0345361792 0099771519 0330367358 0552998486 068484267X 0446532231 0099387913
44932,0385504209 0156027321 0345441036 0671027360 0385503822 0375725784 0399149325 0060934417 0385508042 0142001430
44949,0066238501 0373710992 0440213991 0877733759 0373710615 0140275290 0552121606 0752809032 0751529087 0552103721
44985,0345342968 0440206154 0452282152 0441569595 067976402X 0345424719 0345361792 0345350499 0375727345 0316769487
45002,0590353403 043935806X 0440206154 044651652X 0439136350 0345384466 0345350499 0439064864 0812551478 0345339681
45014,0345337662 034538475X 042510107X 0345313860 0345351525 0345384466 0425143325 0425116840 034540288X 0425170349
45042,0842329242 0842329250 0842329269 0842329277 0316666343 0439064872 084232920X 0842329285 0842332251 0842329161
45064,0440206154 0439136350 0439064864 0439139597 043935806X 0345370775 0060928336 0440224675 0380731851 0439139600
45068,0060928336 0375706771 0316601950 0375707972 0385265700 0060930535 0440226430 0446605239 0142000205 0446364193
45078,0446610038 0446605484 0446612790 0446364193 0446612545 0446607657 0446613266 0446606189 0446604801 0425180638
45107,0440217547 0440226430 044651652X 0440224853 0440213282 0440176484 0446605239 0440201926 0440193613 0440166497
45113,0440207622 0440217547 0451172817 0440176484 051511992X 0446604666 0440200563 006101351X 0440184053 0440224853
45119,0441304834 0441000916 0345423402 0441001971 0441002935 0441008534 0515134465 0441004520 051513449X 0515134457
45122,0316666343 0446672211 0452282152 0671510053 0684872153 0060958022 0142001430 0670894184 0316601950 0842329129
45136,044023722X 067976402X 0515128546 0440226430 0373218192 0380762595 0440234743 0515126772 0515128554 0373484003
45184,0385335482 0743418174 014028009X 0440226430 0140293248 0140298479 0446672211 0385336179 0312291639 0316666343
45208,0060928336 0316899984 0452282829 0316601950 0142000205 0449907481 0385505833 0142001740 0375706771 0380730138
45218,0312195516 0345337662 0345313860 0316666343 0446605239 0671534718 014028009X 067164257X 0671525433 0671027522
45230,0385504209 0316666343 0385511612 0316602906 0385497466 0671027360 0385510438 0679781587 0345452550 0446530891
45255,0553572997 0316569321 0060987561 0380730138 0375726403 0385492081 014023313X 0375727345 0449907481 0142000205
45282,0156027321 0385486804 0553572997 0385504209 0062502182 0380002930 0316769487 0380789035 0312195516 0316779423
45287,0671027360 0385508042 0385511612 0316693006 0399150897 0156027321 0316666343 0316603570 0316602906 0312995423
45302,0440241073 0345417623 0446364193 0440224764 0440221471 0425180638 0440236673 0446607657 0440234743 0440225701
45305,0099771519 0330332775 0552998001 0156027321 0552124753 0425152251 0552137030 0449208672 0552998486 0316666343
45315,0380731851 0425182908 0671027360 0060938455 0440225701 0425192725 0671042262 0425178765 0385504209 0425180638
45340,0345339738 0345339681 0345339711 0553296981 0345370775 0345342968 0064407667 014131088X 059035342X 0316769487
45359,0345370775 0345378490 034540288X 0345391055 0345378482 0312924585 0440224675 0440211727 0446359866 0440213525
45361,0060930535 0385492081 0671510053 0316569321 067088300X 042511774X 0373075286 0553213164 0440221471 0449005844
45383,0446672211 044651652X 0140293248 0375707972 0446605239 0446611867 0446608955 0312291639 0515131229 0385265700
45390,0671250671 0671510053 0345348036 044651652X 0451191145 0440224705 0156528207 0064408639 0786881852 0441790348
45391,0312195516 0316666343 0375726403 0452282152 0316096199 0156027321 0446675059 0312305060 0385722206 0142001740
45403,0312195516 0671003755 0142001740 0312305060 0449005615 0345361792 0385722206 0679429220 0684874350 0316666343
45416,0385504209 0316666343 0142001740 0452282152 0312195516 044023722X 0156027321 0679781587 0316776963 0452283205
45418,0385490992 0385508042 0316666343 0385511612 0385504209 0316693235 0446531332 0446527033 044651652X 0316969680
45435,0842329218 0842329242 0842329250 0312195516 0316666343 0842329269 0842329277 0385484518 0439064872 0786881852
45444,0345339703 0345339711 0439064872 0385504209 0439136369 059035342X 0553260111 043935806X 0441172717 0345378482
45460,0385504209 0679723161 0060929871 0060936231 0553272535 0553213105 0451524934 0684801523 0156007754 0449213447
45470,0380789019 0345413350 0671027387 0345339681 0316776963 0451169530 0439064872 067976402X 0439136369 059035342X
45471,0345391055 0345378490 0345370775 0385492081 0345378482 044023722X 0345380371 034540288X 0446605239 0060977493
45507,0452282152 0440222656 0385265700 0385504209 0440223202 0316666343 0440226430 0156027321 014023313X 0142001430
45530,0380789035 0380977788 0345339681 0061059072 0552137030 0061092177 0380002930 0380789019 0552131067 0552131075
45557,0446672211 0440226430 0446611867 0140293248 0060928336 0446605239 0515128554 0385484518 0440235596 0345387651
45564,0142001740 0452282152 0156027321 0312291639 0312195516 0312305060 0743418174 0060938455 0060934417 0156007754
45584,0452282152 0316601950 0345439104 0375726403 0060930535 0312305060 014025448X 0142001740 0345361792 0060959037
45641,0446672211 0316666343 0446610038 0156027321 0385486804 067976402X 0385492081 0142000205 0375726403 0440235596
45757,0385490992 0385497466 0385424736 0060173289 0385472951 0440234743 0375727345 0440211727 044021145X 038542471X
45778,0156027321 0316776963 0316666343 0385504209 0312195516 0679781587 0385492081 0525947647 0345378482 043936213X
45879,0440241073 044023722X 0312995423 0345417623 0440236673 0345402871 0440234743 0671027360 0440221471 0345353145
45899,0060928336 0452282152 0060930535 0316601950 0060959037 0312195516 067976402X 0345439104 0316569321 0671510053
45904,044021145X 0345353145 0440224764 0440214041 0345380371 0440221471 044022165X 0440213525 0385486804 0060928336
45911,0449219461 0515095826 0446610038 0515102652 0515090506 0553280341 0515115649 0553280368 0449223604 0515107867
45943,3442541751 3150000017 3423202327 3492045170 3423201509 3257229534 325722575X 3426029553 3423202947 3257227809
45987,067976402X 0345361792 0060987561 0316601950 0060934417 0060959037 0345439104 0452282152 0385265700 0671003755
46003,0316769487 0679746048 067976402X 0671021001 0345342968 014028009X 0060929871 0446670251 0446608955 0446672211
46099,0316601950 0140298479 0060928336 0312291639 0060987561 0451186362 0375706771 0375702709 0451177096 0452282829
46139,0440241073 044023722X 0440241537 0671027360 0452282152 0440221471 0440236673 0440234743 0385504209 0440220602
46145,0553279378 0060502258 0345378490 0671041789 0345417623 014131088X 0312305060 0553213148 0345370775 037582233X
46154,0375726403 0060391626 0345443284 0061097314 0671510053 0312421273 0316284955 0316569321 0452282152 038572179X
46197,0060928336 0552124753 0552131067 0552131059 0552145424 0552128481 0552131075 0316601950 0552137030 0552134627
46258,0345337662 0345350499 0440226430 0345313860 034538475X 0743418174 0345351525 0671004107 0345314255 0345384466
46269,0345339703 0345370775 0345339738 0345339711 0345339681 0345378490 059035342X 0380002930 0140293248 0345378482
46293,0380753006 0380814803 0671744216 0671737791 0380753022 0380756293 0380756269 0380899825 0553293257 0380752999
46295,044023722X 0440241073 0440234743 0440236673 0440225701 0440221471 0440241537 0671027360 0425180638 0446364193
46297,0375700757 044023722X 0375705856 0449213943 0316782505 0375702709 0440211727 0425192725 0553273914 0767900383
46312,043935806X 0440414806 0064407675 0064407683 0439139597 0439136350 059035342X 0439139600 0439064864 0060392452
46345,0312195516 0316569321 0375726403 0345443284 0060976845 0345438329 0375727345 0312305060 067976402X 0060959037
46350,0064471098 0345370775 0439139600 0064407667 0064409422 0439136350 0439064864 0590353403 0380018179 0439139597
46351,2253063339 2253150711 2070360024 2253044903 2070408507 2266023039 2253057843 2290311782 2253152846 2253005274
46389,0440225701 0446672211 0446606812 0440213525 0440214041 044023722X 0440236673 0446364193 0345417623 0385490992
46394,0552124753 0349101779 0375700757 0552131067 0552996009 0552137030 0091867770 0552998486 0552131059 0007110928
46398,0446394521 0062502182 0140067477 0345424719 006000438X 0060929871 067976402X 0385492081 0380789019 0805063897
46417,0446612790 0446612545 0316693006 0446611212 0446601241 0316693235 0446605484 0446364193 0446606189 0316969680
46436,044021145X 0142001805 0060938455 0671027360 0064400557 0448095017 0440225701 0385730586 0440211727 0440221471
46443,059035342X 0440414806 0380814021 0440407524 0345370775 0440220653 0679751521 014131088X 0553213148 0064400557
46445,0064406970 0786881852 0440220653 0553213105 0937295353 0937295221 0440228654 0373710992 0684856093 0671004239
46461,0060392452 0446532231 0385484518 0671617028 0345370775 0399144463 0380002930 0684874350 0684872153 0440224675
46472,044021145X 0440224764 044022165X 0440234743 0440220602 0440213525 0440221471 0440236673 0440225701 0446672211
46481,067976402X 044023722X 0385504209 0440241073 0671027360 0452282152 0061015725 0440241537 0312195516 0156027321
46483,0440498058 0140067477 0446605239 0440998050 0440487617 0140348107 0553279378 0385484518 0385474016 0316096199
46484,0345353145 0345370775 0345378482 044021145X 0345378490 0345380371 0440213525 0345391055 044022165X 0440211727
46490,8408043641 8433969978 8432206407 8478884955 8445071416 0060987103 0671003755 8478886451 8477204055 0156013924
46534,0385335482 0060938455 0385335881 014028009X 0743418174 0060392452 0440226430 0385336179 0140293248 0312278586
46541,0446611212 044023722X 0316601950 0380731851 0060930535 0375707972 0440241073 0515130044 0449003795 0446608890
46638,2253063339 2253150711 2253044903 2070360024 2266023039 2205054252 2253057843 2290311782 2253005274 2070408507
46663,0060930535 0452282152 0142001740 0375726403 0679781587 0060987561 0316601950 0142000205 0440226430 0385498802
46671,0440221471 0440211727 0440234743 0440213525 0440241073 0440236673 0446364193 0440241537 0345380371 0446601241
46690,0345339681 0060930535 0345339738 0345339711 0060928336 0316776963 044023722X 0060921145 0060915544 059035342X
46706,0316666343 0060392452 0449212602 0553277472 0316284955 0312195516 0345378490 0060938455 0671727796 0345339681
46826,0451524934 0375727345 0316769487 0345370775 0451526341 038533334X 0553562738 0553272535 0312278586 0375702709
46862,0345342968 0060502258 0446310786 0451526341 0451524934 0440180295 0312278586 0440206154 0440224675 0060929871
46892,0345353145 0425083837 0425116840 0345380371 042510107X 0345402871 0425147584 0425122123 0425109720 0345378490
46904,0553572997 0345413903 0684874350 0679731148 0671027360 0440998050 0062502182 0449212602 0385512104 0671510053
46907,0316666343 0446605239 0446606812 0671021001 0060928336 0345417623 0440222656 0446531332 0060976845 0679746048
46909,0312966970 0446610038 0312976275 0312966091 0312980140 0312971346 0312983867 0446612790 0312983271 0399149155
46993,0375700757 0452282152 0375705856 0449213943 0312976275 0553578685 0312986343 0312274920 0449005615 0671027360
47017,0312278586 0312195516 0316096199 0316284955 0385504209 0743418174 0060928336 0446672211 0156027321 0671021001
47030,0684874350 0786881852 0440213525 006101351X 0385484518 0140067477 0375707972 0743436210 0446677450 0553296981
47034,0684872153 0385492081 0671250671 0140179836 0684848783 0679457526 0385486804 0375706062 0767902521 0395866502
47050,0842329129 0842329242 0842329250 0842329269 0842329277 0842332251 084232920X 0842329285 0439064872 084233226X
47117,0440211727 0440213525 044022165X 0440221471 0440220602 0440224764 0345380371 0440234743 0440225701 0440241073
47118,0064400557 0446310786 0394820371 0345348036 0345339703 0345339681 0440998050 0064407055 0316284955 0380714752
47127,0316666343 0671693816 0425107469 0140293248 0345384466 0316284955 0425144429 0451184963 0671024248 0440224764
47128,0451190491 0451190548 0451156609 0451163524 0451180232 0425124347 0451176464 0451167317 0345441036 0446607657
47145,0446672211 0385335482 0385335881 0440226430 0312278586 0671003755 0345438329 0375706771 038079487X 014028009X
47152,0446672211 044021145X 0060928336 0440211727 0440234743 0375706771 0671021001 0440241073 0452282829 0312195516
47155,0060928336 0316284955 0679746048 0060976845 0671021001 0440226430 0452269571 014028009X 0743418174 0385335482
47194,0312976275 0312971346 0060502258 0312980140 0345337662 0440206154 0312966091 0312966970 0345348036 0312983271
47232,0552137030 0099771519 0552124753 0330332775 0590112899 0552131067 0156027321 0349101779 0552996009 0330367358
47250,0425130215 0440111498 0440127793 0140042598 0440180295 0553277472 0440224764 0553212451 0671023616 0425175405
47276,0380759489 0345338588 0345313151 0345318854 0345322215 0345350588 0380759497 0345354931 0380752859 0345322231
47279,0385490992 0385503822 0385497466 038529929X 0385504209 0385511612 0399146431 038550120X 0679444815 0375504397
47286,044023722X 0452282152 0060959037 0679781587 038082101X 0312305060 0375700757 0767900383 0375705856 0671027360
47291,0312983867 014025448X 0060976845 0312966970 0060930535 0061009059 0312195516 0553574663 0609804138 0312966091
47293,0679781587 0345361792 0385484518 0446672211 0684872153 0679429220 0446310786 044651862X 068484267X 0671003755
47315,0060391626 0399149155 0385504209 0385503822 0142001740 0439139597 0439136350 0385510438 0679429220 0316666343
47316,059035342X 0446610038 0446612790 0446310786 0440235162 0345342968 0312990456 055356451X 0553582526 0446608815
47329,2253150711 2070360024 2253044903 2266023039 2290311782 2205054252 2253057843 2070408507 2253152846 2277260029
47401,0684872153 0440211727 044021145X 002542730X 0451166892 0345339681 0451197399 0345391055 0345445848 0345353145
47411,0440180295 0316769487 0345342968 0140042598 0451524934 0060929871 034536676X 0553277472 0451163966 0446310786
47465,0316096199 0446605239 0385484518 0440226430 0142001740 0385505833 0446607657 044023722X 0312291639 0671014196
47504,0446672211 0375707972 0385720106 067976402X 0312278586 014028009X 0060928336 0345424719 0312195516 0452282152
47512,0345417623 038550120X 0385505833 0385508042 0446679593 0312278586 044023722X 0385511612 0671041789 0446531332
47534,3442541751 3492045170 3150000017 3423201509 3423202327 3423202947 3426029553 3257229534 325722575X 3442092981
47581,0330332775 0552998001 0099771519 002542730X 0330367358 000649840X 0060938455 0446532231 0749397543 0330375253
47594,0142001740 0375726403 0312195516 0156027321 0060987561 0316666343 0312305060 0345439104 0671003755 0375727345
47605,0345439104 0446672211 0446310786 0449223604 0061097314 0553280341 0385335482 0515102652 0671028375 0316168815
47609,0441172717 0812550706 0553573403 0380789035 0345413350 0449208133 0425080021 0553580272 0345337662 0441569595
47624,8408043641 8433969978 8432206407 8445071416 0156013924 8477204055 8478884955 8420616893 8478886451 8408028480
47635,0380789035 0380789019 0451206525 0062502182 0446611212 0446604666 0671027360 0156027321 0345413377 0345427637
47666,8408043641 8432206407 8433969978 8445071416 8478884955 8477204055 8420616893 8420441708 0312924585 8478886451
47758,0375727345 0446672211 0060959037 0312195516 067976402X 0316666343 0142001740 0060977493 0375502238 0316284955
47779,0440998050 0440414806 0064400557 0394800133 0394800168 0440940001 0140374248 0345342968 0440220653 0394800028
47786,0316666343 0385504209 0671027360 0446532231 0345313860 0345339681 0060392452 0060987529 0399501487 0156027321
47793,0451184963 0451172817 0451190564 0451190521 0451160525 0451190572 0451163524 0451190556 0451167317 0451177096
47807,0312278586 0316096199 0446605239 0671021001 0312195516 0060928336 0671003755 0446672211 0679781587 0440226430
47819,3442541751 3150000017 3492045170 3423202327 3423201509 3257229534 325722575X 3423202947 3426029553 3257227809
47851,0670835382 0380018179 0452279178 0525941908 0670855030 0670868361 0670858692 0670839531 0451172817 0684853507
47856,0060987103 0441003257 0375706771 0061009059 0060987529 0140293248 0385335830 0060976845 0316569321 0345438329
47861,0312278586 0312421273 0446605239 006101351X 0062502182 014028009X 067169507X 0375703055 0385503857 0060977493
47866,0140293248 0316666343 0316601950 0375706771 0316284955 0385335482 014028009X 0312278586 0312195516 0440226430
47922,0553296981 0553272535 0142002267 0440180295 0671027360 0375725784 0446532231 0060392452 0679734775 031242227X
47925,0316666343 0671021001 0060928336 0316284955 0312278586 014028009X 0385335482 0440226430 0446672211 0140293248
47929,0312195516 0312278586 0316284955 0316601950 0671003755 0316096199 0671021001 0679781587 0060928336 0446672211
47971,0446610038 0380718332 0425175405 0380718340 0440206154 0425152251 0425154092 0425168298 0345387651 0345391802
47974,0553272535 0440219078 0671027344 059035342X 0439136369 0439064872 0345391802 0345342968 0316769487 0451524934
47975,0440214041 0440224764 0440234743 0440211727 0440221471 0440241073 0440225701 0440236673 0440220602 0060930535
47982,0316666343 0671021001 0446310786 0312278586 0385492081 0425152251 0345391802 0440226430 0446672211 0451526341
47987,0684872153 0316769487 0440224675 0440180295 0671028375 0679746048 0385486804 031242227X 0441569595 0312924585
48025,0446610038 0553582747 0345386108 0671021001 0312291639 0345353145 0345370775 0553572997 0380731851 0553580191
48037,0446672211 0440213525 0440498058 0345339681 0553213148 002542730X 0553213105 0312195516 0064405842 0345348036
48046,0679781587 0679429220 0142001740 0060930535 0316776963 0316777730 0060987529 0385335482 0061097314 0385722206
48083,0140293248 014028009X 006101351X 8806143042 880781210X 8845215989 0312278586 0385335482 8845237303 8806166484
48155,0375504397 0385199570 0451176464 0670868361 0684853515 0670839531 0743211383 0670835382 0525941908 0451163524
48156,0971880107 000649840X 0330375253 0141007338 0671727796 0446608955 0385504209 0552996181 0679746048 0552546933
48213,059035342X 0439136350 0439064864 043935806X 0312971346 0679781587 0312195516 0312976275 0590353403 0312291639
48217,044021145X 0440221471 0060392452 0440214041 0316666343 0671027360 0440220602 0440241537 043935806X 0446532231
48268,0446606812 0316769487 0385730586 0446672211 0345387651 0140293248 0671021001 0312278586 0452282152 0446608955
48307,0394820371 0786817070 0553213148 0064407667 0553274295 0440498058 0439064872 0553296981 0380789019 059035342X
48326,0140293248 014028009X 0385335482 8806143042 880781210X 0312278586 006101351X 0316096199 0060502258 0440226430
48339,0060976845 0439064864 0836204387 0439136350 0439139597 0836218787 0590353403 0345350499 0836218620 0836218256
48342,0553250531 0553250426 0345337662 0553289411 0671617028 0060915544 0345370775 0345378490 0345384466 002542730X
48353,0439139600 043935806X 059035342X 0439064872 0439136369 0312195516 0060936231 0553213148 0345380371 0786881852
48355,0345350499 0553560735 0316666343 0345413350 0553562614 0553262505 0345378482 0553573314 0451457897 0765342987
48357,044023722X 0385504209 0684872153 0385335482 0312291639 0446532231 0385721420 0671021001 0385336179 0060938455
48382,0375726403 0312195516 0312278586 0142001430 0060934417 0316096199 0743418174 0345438329 0061097101 0385722206
48421,0440498058 0316284955 0553274295 0671617028 0440998050 0440487617 0446608955 0684801523 0440940001 0060934417
48455,0345337662 0440235596 0679781587 0684803860 0385486804 0553560247 055356773X 0446310786 0441172717 0142001740
48468,0312282990 0375725784 0316776963 0060934417 0380813815 0553273914 0375700757 0449911519 0316779237 0316777730
48474,0316284955 0316096199 0312195516 0312278586 0060928336 0679781587 0743418174 0446672211 0156027321 0385504209
48494,0440211727 051513287X 0515126772 0440221471 0515121843 0515128546 051512608X 0425083837 051512317X 0446605239
48498,0060930535 0451526341 0842329129 0345339703 0345339711 0345339681 0842329218 0316769487 0316666343 0440222656
48579,059035342X 0345337662 0439136369 0439139600 0440220602 0345313860 0440224675 0385479565 0345353145 0440206154
48595,0312291639 0385505833 0375727345 0380731851 031242227X 0316776963 0375700757 0449907481 0316777722 0312305060
48630,0446672211 0452282152 0671003755 0425167313 0142001740 0440222656 0440235596 0312195516 0316666343 0142000205
48644,0671027360 0446532231 0060938455 0316666343 0440206154 067976402X 0385504209 0671027387 0060928336 0316777730
48662,0316666343 0446672211 0449212602 0316601950 0385504209 0375707972 0060392452 0375706771 0385484518 0679781587
48743,0385504209 0446608955 044023722X 0440241537 0446610038 0446612545 0515135062 0446605239 0671027360 0446531332
48753,0451524934 0553272535 0451526341 0670892963 0060938455 0316777722 014028009X 0399501487 0316777730 0060916508
48787,0316666343 0091867770 0330332775 0449221512 0449221482 0553271636 0552998001 0141007338 0425172546 0552996009
48899,059035342X 0439136369 0439139600 043935806X 0439136350 0439139597 0439064864 0345339681 0345339703 0345342968
48911,0385505833 0446608955 0553279378 0312291639 0440224764 0553296981 0446519138 0446606812 044023722X 067976402X
48929,0316666343 0316969680 0316603287 0446531332 0316666009 0316693235 0316693200 0385508042 0679444815 0385511612
48970,0142001740 0312305060 0385722206 0385504209 0449911519 0312274920 0743418174 0156027321 0375725784 0451524934
48971,0553272535 0786881852 0446606812 068483376X 0804106304 059035342X 0060987561 0380018179 068484477X 0452264464
48975,0440226430 044651652X 0070212570 0060391626 0553582526 0446672211 0515128554 0345439104 0375706771 0671038184
48982,014028009X 0316096199 0140293248 8806143042 880781210X 8845215989 0743418174 0671510053 8845237303 0312278586
48995,0316666343 0439064872 0385504209 0786868716 0439139597 0399145087 0671708635 006101351X 0439136350 0385511612
48999,0316769487 0451524934 0380002930 0156528207 0684801523 0060502258 0553277472 0446310786 0451526341 0060938455
49043,014028009X 0140293248 880781210X 0316096199 8806143042 8845215989 8845237303 8806166484 0440226430 8876842527
49061,0156027321 0385722206 0142001740 0060938455 0312305060 0385504209 0375726403 0316776963 0312195516 0452282152
49109,0553279912 0345313860 0553279556 0345337662 034538475X 0345351525 0553280368 0142001740 0345370775 0449221490
49144,0312291639 0316769487 0440226430 0375726403 0151008116 0385265700 0385479565 0380012863 0440221595 0553576801
49154,051513287X 0515131229 0515128554 0515126772 0515130389 0515135062 0515128546 0515136530 051513628X 0515136379
49155,0140293248 0312278586 0671727796 0385335482 0440226430 0446608955 0446611867 0446310786 0440206154 0330375253
49166,0060930535 0440241073 0312966970 0312976275 0312971346 0312966091 0425141551 0446611212 0312980140 0316601950
49177,0446672211 0316601950 0452282152 0312195516 014028009X 0375706771 067976402X 0385720106 0375707972 0060915544
49212,0345413350 0440222656 0440211263 0345353145 0385474016 044900371X 0345378490 0425147622 0425169863 059035342X
49225,0375504397 0345339738 0142001740 0440206154 067102423X 0451156609 0451176464 0743211383 0451184963 0451160525
49262,0385504209 0451524934 0380977788 0345342968 044021145X 0440211727 0440214041 0446310786 0684801523 0451163966
49277,006101351X 0060930535 0140293248 0385492081 0446611867 044651862X 0671510053 0060928336 0375700757 0446606812
49289,0452282152 0440220602 0440221471 0316601950 0060930535 0440213525 014028009X 0060959037 0312291639 0312195516
49300,0316601950 0375706771 0312195516 0345443284 0060976845 0671021001 0316666343 0375707972 0440226430 0316284955
49313,0446672211 0671021001 0142000205 0316569321 0316666343 0375706771 0452282829 0316666009 0316601950 0375707972
49314,0446610038 044023722X 0446364193 0446612790 0446611212 0446605484 0060934417 0312195516 0316666343 0440221471
49324,0515136530 0515136379 0515135062 0515128554 0373218192 0515126772 0515132020 0515130389 0515131229 051513628X
49392,0345370775 0316769487 0345353145 0385492081 0060502258 0062502182 0399501487 0345337662 0446310786 0345380371
49403,044651652X 0786881852 0060502258 0553581554 0786868716 0553579983 155874262X 0446610038 0671250671 0553578022
49404,0425115801 0440226430 0553279912 0440211263 0451205421 0425107469 0553284789 042513525X 0440184053 0425144429
49415,0345313151 0380752859 0345322215 0441569595 0446394521 0345322231 0345353145 0345318854 0446605239 0345347536
49421,0441569595 0552124753 0552131067 0552137030 0060392452 0316769487 0349101779 0552128481 0552131059 0590660543
49422,0060392452 0440206154 0060987103 0441790348 0060938455 0425143325 014028009X 0425180964 0425170349 0312278586
49423,0345353145 0425116840 0425143325 0425107469 0425121259 0312422156 0425180964 042510107X 0451181379 0425130711
49460,043935806X 0439139597 0060392452 0439139600 0439064864 0451160525 0439136350 0316666343 0553277472 0590353403
49514,0375700757 0375705856 044023722X 0452282152 0312305060 0449213943 0060959037 0452282829 0553273914 0375702709
49526,0061009059 0671001795 0312980140 0312983867 0312265859 0312265867 0312265840 0312306326 0312990456 0312983271
49582,2253063339 2253150711 2253044903 0552137030 2070360024 0349101779 2266023039 2205054252 2253057843 2253005274
49635,0439064872 0439136369 0439139600 0452282152 0312195516 0142001740 0060976845 0804106304 0679781587 0316776963
49668,0380018179 0316666343 0440217547 0440193613 0440235596 0440221315 044651652X 0440200563 0440224837 0440224853
49683,0446310786 0316769487 0312278586 0679746048 0671021001 0743418174 0385335482 0316284955 0316096199 0316776963
49723,0440236673 0440206154 0425163407 0446601241 044023722X 0446604801 0380718332 0446610038 0440234743 0425180638
49753,0064407667 0440219078 0446605239 0446310786 0553296981 0553274295 0064407675 0440998050 0064407683 0345370775
49771,0316666343 0316666009 0316602906 0316693235 0316693200 0385503822 0316969680 0316603287 0316603570 0385510438
49792,0515128554 0515131229 0515128546 0515132020 051512317X 0515127833 0373483503 0515121843 0373484003 0515120618
49827,0441790348 0345337662 0441004520 0671004107 0441005241 0441002935 0441000916 0345413350 0441783589 0380789019
49842,0440222656 051513287X 0515132020 0515128546 0440221471 006101351X 0440226430 0440220602 0446310786 0440211263
49889,0671027360 0446605239 0345313860 0804106304 0375705856 0399147195 0142001740 0425171493 0440206154 0671004107
49900,059035342X 0380814803 0671737791 0380820854 0553561537 0380753006 0515107662 0380762609 0671737821 0380762595
49980,0375706771 0316284955 0345384466 0316776963 0345313860 034538475X 0553572997 0679745203 0312195516 044651652X
50007,0060930535 0345439104 0060976845 0375703055 0142001430 0156027321 0316569321 0452282152 0312305060 0385722206
50073,0312278586 0446611212 0316601950 0316096199 0440236673 0671027360 0515130389 0440241073 0515131229 0671004530
50092,0440234743 0446610038 0446611212 0553279912 0446605484 0449212602 0345417623 0446364193 0446612790 0425185710
50098,0142000205 0345361792 0385492081 0060930535 0375707972 067976402X 0425167313 0140244824 0446672211 0679781587
50104,0446606812 0451526341 0312278586 0385730586 0439136350 0446310786 0440206154 0440180295 043935806X 0440213525
50110,044651652X 0515095826 0515102652 0515087122 0515093203 0515090166 0385484518 0380018179 0515087947 0553268880
50129,0312291639 0440234743 0671534734 0671534726 0671534718 0671759345 0446606189 0671525433 0671534742 0671642561
50130,0385503822 0316969680 0316693235 0316693200 0316693006 0385504209 0385508042 0446612790 0316602906 0385511612
50131,044021145X 0399501487 0684801523 0671617028 0553272535 0553573136 0452264464 0060916508 0060915544 0451524934
50141,0671027360 0061015725 0385504209 0440241537 0553582747 0312995423 0671027387 0345413903 0399150897 0380731851
50143,059035342X 0440414806 0064472272 0439064872 0439139600 0385730586 0385335881 0064407667 014131088X 0590353403
50157,0451191145 0440234743 0786881852 0316777722 0446612545 0440223202 0440226430 0684874350 0679429220 0140067477
50165,0316666343 0671021001 0446532231 0312278586 0786881852 0385335482 0679746048 0385504209 0316601950 044651862X
50187,0099771519 0590660543 0330332775 0552137030 0330367358 0552124753 0156027321 0140298479 0552996009 0552131067
50193,0446608955 0316666343 0446672211 0452282152 0671021001 0060928336 0385504209 0440206154 006101351X 0060930535
50196,0451160525 0451184963 0451524934 0451169530 0451163524 0451161351 0449212602 0345303067 0451180232 0451153553
50204,0446672211 044022165X 0684872153 0671021001 0345361792 044021145X 0385265700 0452282152 0440226430 0316666343
50205,0671027360 0312995423 0061015725 0380731851 0066214122 0446611638 0316666343 059035342X 0440241537 0446602620
50225,0375725784 0385512104 044022103X 0671510053 068484267X 0440236703 0316096199 0553280368 0553280341 0345387651
50275,3442541751 3423201509 3492045170 3423202327 325722575X 3257229534 3426029553 3150000017 3423202947 3257227809
50321,0151008116 0316666343 0684874350 0425152251 0440226430 0446310786 8408043641 0451204530 0316769487 0140067477
50330,3442541751 3150000017 3492045170 3423202327 3423201509 325722575X 3257229534 3423202947 3426029553 3442092981
50376,0385335482 044651652X 0140293248 0446672211 0060096195 0440226430 0452281903 0385336179 0743418174 0446610399
50394,8408043641 038082101X 8445071416 8433969978 8432206407 0440224675 8478884955 8477204055 8425337690 0140119906
50456,0345413350 0375700757 0316769487 0060987049 0345413369 031205436X 0679429220 0393316041 0525947647 0553562738
50464,0156027321 0316666343 0385504209 0312291639 044023722X 0786868716 0142001740 0345402871 0316096199 0552998486
50504,0316666343 0312291639 0316096199 0156027321 0743418174 0142001740 0385504209 0316776963 0385335482 0385336179
50526,0399501487 0316666343 0312278586 0553279912 0451524934 0452264464 0062502182 0451526341 0553572997 0385508417
50539,0440236673 0440225701 0440220602 0440221471 0440241073 0440241537 0385472951 044022165X 0440211727 0440214041
50547,0671003755 0375707972 0142000205 0140244824 0060959037 0375727345 0345361792 0060987561 0060930535 0440226430
50570,0446672211 0671021001 0142000205 0425167313 0679429220 0316666343 0671003755 0446310786 0140244824 0060199652
50612,0345339703 0060930535 0345339738 0452282152 043935806X 0439136350 0439064864 0439139597 0446310786 0385504209
50615,0345339738 0345339681 0385504209 0345417623 067102423X 0451524934 0385508042 0439136350 0385497466 0316776963
50628,0446605239 0446610399 0515130389 042518286X 0451203771 0446606812 0316096199 0515128554 0440226430 0553296981
50650,0385484518 0345337662 0439064872 0345342968 0439139600 0345384466 0786868716 0743418174 0440222656 059035342X
50681,0156027321 0142001740 0345402871 0425143325 0385492081 0345339703 0440236673 043936213X 0385479565 0441172717
50711,0440998050 0345417623 0553582763 0345348036 043935806X 0064400557 0345361792 0345378490 0842329129 0061020710
50730,0449221504 0553279912 0449223612 0449221490 0449219364 0449219461 0553578316 0553284789 0449223604 0449003787
50749,0156027321 0552998486 0743418174 0385335482 0142001430 0446310786 0140298479 000649840X 0375703861 0552998001
50795,2253063339 2253150711 2253044903 2266023039 2070360024 2290311782 2205054252 2253057843 2070408507 2253152846
50802,0439064872 0385335881 0375706771 0440226430 0312278586 0439136369 0446672211 0679746048 0452269571 042516098X
50807,0062502182 0316601950 0375706771 0446672211 0380789035 038533334X 0312278586 0609804138 0316693200 0312980159
50823,0380756293 0380899825 0380762595 0060930535 0380756269 0375700757 0380762587 0380774933 0380725703 0380762560
50824,0312195516 0142001740 0679781587 0312291639 0060928336 0345443284 0060930535 0375706771 0671003755 0375702709
50832,0440940001 014025448X 0671003755 0070212570 0553211404 0399501487 0140177396 0345313860 0060930535 0553280414
50845,0380789019 0380789035 0446672211 0671021001 0449212602 0345413350 0441569595 067976402X 0156027321 0060934719
50849,0679781587 014028009X 0385490445 0345353145 0345361792 0679429220 0375400117 0449005615 0553578022 0060928336
50859,0070212570 0140067477 0452266564 0439064872 043935806X 0399144463 002542730X 0060256672 0345339681 0836218051
50895,0316693006 0316602906 0399149155 0316603570 0385508042 0316693200 0316969680 0316693235 0385511612 0316666009
50972,0060959037 0452282829 0142000205 0375707972 0449907481 067976402X 0375706771 0345443284 0060934417 0380730138
51062,059035342X 0439064872 0440498058 0312195516 0064407667 0439136369 0394820371 0671003755 0064407675 0553274295
51071,0385503822 0345417623 0385504209 0316666009 044023722X 0452282152 0316693006 0142001740 038550120X 0375727345
51082,0316666343 0786881852 0399145087 0312195516 044651652X 0439064872 0679781587 0842329218 0385511612 0553250426
51093,0375706771 0446672211 0312278586 0316601950 0671003755 042516098X 0385335881 0062502182 0679746048 0425167313
51099,0515128554 051513287X 0515131229 0515132020 0373218397 051512317X 0515121843 0515130389 0515135062 0440226430
51100,0345342968 0316769487 0399501487 0451526341 0553280414 044021145X 0345370775 0060929871 0842329218 0553278223
51165,0345353145 0345370775 0345380371 034540288X 0345378490 0345417623 0312924585 044021145X 0345402871 0451183665
51184,3442541751 3150000017 3492045170 3423201509 3423202327 3423202947 3426029553 3257229534 325722575X 3442092981
51192,0312195516 0316601950 0671021001 0060928336 044021145X 0345337662 0452282152 0375706771 0060930535 0440214041
51207,0446611212 0446606189 0446607657 0446612790 0316693006 0425154092 0446609323 0446609404 0316693251 0440234743
51210,0684801523 014028009X 0060929871 0060915544 0440213525 0385721420 0373250126 0440220602 0312195516 0679734775
51227,3442541751 3492045170 3423201509 3423202327 3257227809 325722575X 0553572997 0062502182 3423202947 3257229534
51252,0451156609 0440214041 0446359866 0440206154 0312924585 0451172817 0451176464 0451167317 0440224675 0345402871
51269,3442541751 3150000017 3492045170 3423201509 3423202327 325722575X 3257229534 3423202947 0451156609 3257227809
51350,0312980159 0515132020 0312971346 0312966091 0312983271 0515132187 0312980140 0399149155 0425183971 0312983867
51359,0440226430 0345361792 0385484518 0425167313 0060928336 044022103X 0553272535 0440211263 0060976845 0440222656
51364,0452282152 0060987561 0345439104 0375703055 0375727345 0060392452 0060938455 0060958022 0385722206 014028009X
51365,0385504209 0385508042 0385511612 0671027360 0316603570 0312995423 0066214122 0316602906 0316603287 0385503822
51386,0345417623 0440234743 0385511612 0385505833 0385503822 0380002930 0399149325 0375727345 0679781587 0440226104
51403,0440220602 0440221471 044021145X 0440211727 0440214041 0440234743 0345380371 0440224764 0440222656 0345370775
51440,0440226430 0060392452 0142002267 0380789035 0440213525 014028009X 0670892963 0440204887 0440211727 031205436X
51449,0330332775 0099771519 0671027360 0684874350 0552996009 0385504209 000649840X 0749397543 0552124753 0552137030
51450,0312983271 0440241162 0446605239 0446310786 0743418174 0312966970 044922046X 0515128554 031298328X 0385730586
51463,0316666343 0151008116 0060938455 0060392452 0446532231 0316284955 0156027321 0380002930 0804106304 0749309423
51511,0060928336 0345313860 0060987103 0345384466 0345351525 0345337662 034538475X 0553582755 0553582747 067102423X
51526,059035342X 0316776963 0385484518 0440206154 0142001740 0316666343 0312291639 0345353145 0345370775 0439064872
51529,8408043641 0553274503 0440226430 0440235596 8433969978 8432206407 0151008116 8445071416 0312291639 8477204055
51536,0439064872 0380789035 043935806X 0439136369 0312983271 059035342X 0345361792 0380789019 0345342968 0345384466
51559,0375726403 0060934417 0446675059 0061009059 0316666343 0345445848 0142001740 0385505833 0316096199 044023722X
51589,0446310786 067976402X 0060502258 0345339681 0142001740 0446608955 0375727345 0452264464 0345438329 0060929871
51627,0345417623 0345353145 034540288X 0345378482 0345378490 0440222656 0312924585 0345362861 0345253736 0345354621
51655,0440220602 0440224764 044022165X 0440213525 044021145X 0440214041 044023722X 0440211727 0440225701 0440241073
51663,0515136379 0452282152 0440241537 0373218397 0515136530 0515126772 044023722X 0671004530 0061015725 0515128554
51665,0385504209 0425158616 0440214041 0316666343 0316693006 0440217547 0385332963 0440226430 0316602906 0446527033
51687,0156027321 0375725784 0385722206 0684874350 039592720X 0385498802 0142001430 0553296981 0375758992 0375760911
51742,0553280341 0449221512 0553284789 0553271636 0452282152 0449223612 0060976845 0142001740 0449221490 0312243022
51777,059035342X 0786881852 0786868716 080410526X 0439139597 0590353403 0439136350 0439064864 0439064872 0451176464
51783,0375706771 0446672211 0060928336 044651652X 0671003755 0060976845 0671021001 0380730138 0375707972 0316569321
51803,0345370775 0345337662 0345378482 0345314255 0812511816 034540288X 0609610597 0441172717 0451169530 0671027387
51805,0440236673 044023722X 0440241073 0446359866 0440213525 0446606324 0440224764 0440234743 0380731851 0440225701
51826,0553375407 0385484518 0385505833 0316569321 0679745203 0345443284 0451191145 0316769487 0316777730 0156007754
51840,044023722X 0345391055 0425182908 0440236673 0345380371 0440221471 0345447840 0451177096 0440241073 0425144429
51856,059035342X 0439139600 043935806X 0439139597 0439136350 0439064864 0590353403 0064407667 0786881852 0345337662
51883,0375506039 0451524934 0451177096 0316788228 043935806X 0060938455 055321313X 0671042858 0312979096 0316168815
51901,0312278586 0316666343 0140293248 8806143042 0385335482 014028009X 002542730X 880781210X 0312422156 8845237303
51913,0312195516 0385730586 055321313X 0609804138 0446532231 0553272535 0515095826 0553234811 0380780860 0449212602
51924,0425175405 0385479565 0385492081 0679781587 0425154092 0425169863 0380789035 0380718340 0345361792 0679429220
51944,0345417623 0440234743 0385511612 0385503822 0553582747 044023722X 0156027321 0312278586 0060502258 0786868716
51950,2253063339 2253150711 2253044903 2070360024 2266023039 2253057843 2290311782 2205054252 2253005274 2070408507
51962,0452282152 0345438329 0375726403 0156027321 0312282990 014023313X 0375725784 0385498802 0316776963 0553572997
51974,3150000017 3492045170 3423202327 3423201509 3257229534 325722575X 3423202947 3257227809 3442092981 3404148665
51983,0060929871 0446310786 0345342968 0553572997 0345391810 0451524934 0553208845 0451526341 0345391829 0684801523
51986,034538475X 0345337662 0345314255 0345384466 0441003257 0345347536 0345335511 0345335708 0380752859 0345313151
51992,0671003755 0060173289 0385420161 0316780375 0060188731 0060928336 0440206154 0060175400 0345384466 014029628X
52002,0679781587 0060928336 0316601950 0142001740 0452282152 0671003755 0060976845 0375726403 0316284955 0375707972
52011,0345347536 0440215625 0812551486 0440212561 0812551478 0439136350 0743227441 0345314255 0590353403 0812548051
52021,0439064864 0439139597 043935806X 0590353403 059035342X 0439064872 0446310786 0439139600 0439136369 0060977493
52036,044022165X 0345351525 0345337662 0451177096 0684814994 0451132378 0451172817 0451153553 0446532231 0451184963
52044,059035342X 0553272535 0439139600 0142001740 0671003755 0439136369 038542017X 0345342968 0804106304 0440219078
52130,0060915544 0060959037 0060928336 0060934417 0142001740 0312195516 0446672211 0385722206 0345361792 0679781587
52141,0385504209 0345417623 0671027360 0440206154 0066214122 0385511612 0061015725 0312995423 0385503822 044023722X
52159,044023722X 0440234743 0440241073 0446607657 0446601241 0446604801 0440221471 0446605484 0446606189 0446364193
52175,0385722206 067976402X 0684874350 0375725784 0142001430 0060977493 0060915544 0449005615 0312282990 0375703861
52199,0345337662 0060502258 0345351525 0345384466 0345313860 034538475X 0345397819 0553250426 0385722206 0345361792
52203,2253063339 2253150711 2253044903 2070360024 2266023039 2290311782 2253057843 2205054252 2253005274 2070408507
52226,0452282152 0385504209 0060930535 0312305060 0375700757 0375727345 0679781587 0449005615 0312291639 0385722206
52256,0345413369 0446310786 0684872153 0671510053 080410753X 0316666343 067976402X 059035342X 0345370775 0060392452
52293,031242227X 0316096199 0156027321 044023722X 0385484518 014025448X 0312291639 0385512104 0312305060 0446532231
52320,0440221471 0385507593 0060392452 0452282152 0553262505 0451457935 0553562614 0671027360 0449911519 0316776963
52323,3442541751 3150000017 3492045170 3423202327 3423201509 3257229534 3426029553 3423202947 325722575X 3442092981
52350,0439139597 0060929871 0156001314 0836204387 0345370775 002542730X 0345339703 0380002930 0553572997 0380789035
52352,0385479565 0312924801 0439064872 0380820293 0440202043 044021145X 0440226430 0684872153 0060987529 0425147622
52420,0345370775 0345378482 0345350499 0345313151 0345417623 0345338588 0345322231 0345314255 0553262505 0345378490
52425,0316601950 0671021001 0375706771 0060976845 0312278586 0312195516 0385504209 0060930535 0385335482 0142000205
52435,0452282152 0316666343 0375726403 0312195516 0385722206 038572179X 0312305060 0385498802 0142001430 0312282990
52438,0312966970 0312966091 0312976275 0312980140 0061009059 0671001795 0312983271 0312195516 0312265840 0312983867
52441,0552124753 0552137030 0552128481 0552131059 0552131075 0552145424 0552140295 0552134627 0552134643 0552134635
52455,0099771519 0330332775 000649840X 0330367358 0552998486 0749397543 0749395990 0552998001 0091867770 0552999458
52472,0553571885 0671004549 0440234743 0671793489 0446605484 0380018179 0553572997 0671568175 0446610038 055356451X
52497,044021145X 0553296981 0679745203 0446611867 0385504209 0156027321 038548951X 0440224764 0345453816 0142003727
52521,0425175405 0425163407 0380718332 0425180638 0446610038 0380710218 0440226430 0380717018 0446364193 0440225701
52525,044023722X 0440236673 0380731851 0440225701 0385505833 0385503822 0440241537 0446610399 0142001740 0440221471
52532,0446672211 0375706771 0060976845 0671021001 0312195516 0316666343 0385484518 014028009X 0446605239 0375727345
52574,0312195516 0142001740 0316666343 0156027321 0060976845 0312305060 0060938455 0385504209 0060959037 044023722X
52584,0345387651 0446605239 0446610399 0385484518 0684848783 0399144463 0345361792 0312278586 0451203771 0385335482
52586,0156027321 0316666343 0385504209 0142001740 0375703861 0099771519 0684862719 0449005615 0330332775 0553375407
52614,0312980159 0440234743 0671027573 0440214041 0451526341 0446610542 067976402X 0440241057 0505523752 0505524090
52670,0061009059 0312966970 0312966091 0446610038 0380718332 0312971346 0312983867 0312976275 0425158616 044023722X
52673,8408043641 8433969978 8432206407 8445071416 8478884955 8477204055 8420616893 8420441708 8433925180 8466307125
52676,0446672211 0440236673 0440211727 0440234743 0140430113 0385424736 0345417623 0440225701 0385472951 0440224764
52768,044021145X 0345413903 0671027360 067976402X 0060938455 0553572997 0380731851 0440213525 0446359866 0451188454
52807,0440498058 0684872153 0440211727 0345339681 0060392452 0440226430 0064400557 0440487617 0446310786 039480001X
52834,0060928336 0312195516 0449212602 0345370775 0553375407 0312924585 0440206154 0061009059 0440127793 0140430725
52851,0385504209 0312421273 0375725784 0151008116 0060934417 038572179X 0316666343 0385498802 0385503857 0316776963
52853,0440215625 0345350499 0345335465 0440217563 0064400557 014023313X 0312924801 0345362861 0553572997 059035342X
52887,0312278586 0451177096 0451176464 0345387651 0451172817 0060987529 0451184963 0671027360 0451167317 0316777730
52917,0671021001 0440225701 0449003795 0140092323 0449219364 0449221512 0802130208 0425175405 0380789019 0451166892
52944,0375706771 0440224675 0425109720 0425147584 0312924585 0345361792 0425116840 0312421273 0375727345 0553580272
52968,0451526341 0316601950 0345313860 0316777722 0375707972 0375703063 0446601241 0345369947 0312976275 0345351525
52987,0316666343 0060392452 0316769487 0385504209 0375725784 0060938455 0151008116 0316776963 0312282990 0440180295
52993,0439139597 0439136369 0439136350 0439139600 0439064872 0439064864 0590353403 0316666343 059035342X 0151008116
52994,0440211727 0440214041 0440220602 044021145X 0440221471 0440213525 044023722X 034540288X 0440234743 0312195516
53042,0553572997 0553582526 0446364193 0380789035 0446607657 0446611212 0446605484 0345337662 0385486804 0446612790
53046,0440226430 0671003755 0316601950 0140293248 0375706771 0316569321 0385265700 0142000205 0312983824 0440236673
53069,0060987103 0439136369 0380789035 0316769487 0380002930 043935806X 0441003257 0380789019 0060392452 0375725784
53127,0099771519 000649840X 0446532231 0151008116 0099387913 0140620168 0140620109 0749395990 0330332775 0140620427
53140,034540288X 0345353145 0345378490 0345402871 0345380371 0312924585 0345378482 0066214122 044023722X 0440206154
53150,0385335482 0375727345 0060959037 0425162443 0385722206 0375703055 0375707972 0671027360 0375700757 0060934417
53174,0060928336 0553250426 0345337662 0375706771 0446601241 0345351525 0609610597 0312278586 0316769487 0425083837
53189,0446610038 0446364193 0446612790 0446605484 0446606189 0446611212 0446601241 0425182878 0425163407 0446604801
53220,0446611212 0425182878 0440234743 0449003795 0446607657 0425189864 0425172546 044661162X 0385503822 0449003787
53225,0804106304 068484477X 044022165X 044021145X 0060915544 0452282152 0440241073 0446606812 0060392452 0804114986
53229,0060175966 0375725784 0062502182 0553277472 0671880187 0374199698 0142001430 0060392452 0684848783 015100692X
53236,0316666343 0316284955 0385486804 0345370775 0156027321 0385504209 0440213525 002542730X 0671021001 059035342X
53241,0316666343 0671003755 0452282152 0446672211 0345361792 0679781587 0060928336 0440226430 067976402X 0345443284
53254,0439136350 0439064864 0439139600 0590353403 0439064872 0439136369 059035342X 0345339681 0345339703 0440206154
53256,0345339681 0440226430 0439136350 0440225701 0440221471 0446310786 0345339703 0590353403 0439064864 0446672211
53265,0515095826 0515132268 0515093203 0515087122 0515090166 0515111279 0515090174 0515087947 0515127396 0446672211
53278,0316769487 0375707972 0142001740 067976402X 0312291639 059035342X 0060987103 0446532231 0380789035 0375700757
53301,0385504209 0553272535 0553572997 0060938455 0440226430 0060958022 0316601950 0142004235 0451524934 0140298479
53304,0385503822 0385508042 0316693006 0316693200 0385511612 0316666009 0399150897 0316693235 0399149155 0316602906
53332,044021145X 0440214041 0440211727 0440220602 0345380371 0671021001 0440221471 0345370775 059035342X 0439064872
53365,0440235596 0440222656 0451203771 0439064872 0786868716 0446605239 044023722X 044021145X 0440226430 0842329218
53376,059035342X 043935806X 0439064872 0439064864 0439136350 0439136369 0439139600 0590353403 0064407667 0446310786
53390,0316769487 0142001740 0440222656 0345342968 0312291639 0380002930 038079487X 0375706771 0142000205 0375703063
53392,0142001740 0060959037 0345361792 0316284955 0060976845 0440206154 0671510053 0446310786 0142000205 0060930535
53395,044023722X 0452282152 0679781587 0060959037 0375700757 0060930535 0375705856 0446605239 0767900383 0375702709
53408,0316666343 0446310786 0345342968 0316769487 0156027321 0451526341 0345339703 0684801523 0451163966 0345339681
53414,0345443284 0385484518 0312195516 0375727345 0671003755 0142000205 0060928336 0316284955 0375726403 0375502238
53418,044021145X 0671021001 0345337662 044023722X 0312195516 0440222656 0440211727 0452282152 0440214041 0440220602
53420,0142000205 0452282829 0060928336 0316899984 0449907481 0316601950 0380730138 0345443284 0385265700 0375706771
53456,0156027321 0385504209 0312195516 034538475X 0345351525 0345313860 0060938455 0142001740 034540288X 0060930535
53515,0316666343 0385486804 0312278586 0446610038 0553268880 042516098X 0156027321 0060916508 067169507X 0440226104
53520,0446610038 0425182878 0440220602 0312982518 0440236673 0425180638 0425178765 044023722X 0425182908 0380731851
53533,0553280945 0553250531 0345370775 0553289411 0312195516 0553250426 0449212602 0345337662 0345369947 0345384466
53545,0441790348 0064400557 0553274295 0440211727 0446310786 0553280414 0380698714 0345342968 015216250X 0671670689
53557,0345361792 0679781587 0312924585 0312195516 0440211727 0060921145 0312099436 0385490445 0553250426 0446365386
53575,0345370775 0345353145 0345378482 0671004107 0345417623 034540288X 0671041789 0446605239 0062502182 0345337662
53590,0316601950 0452282152 0060959037 0385265700 0375707972 0671510053 0060987561 0140298479 0385498802 0142000205
53594,044651652X 0451191145 006099486X 0743206045 0553284363 0345301110 0156012197 0553582364 0440221595 0525946233
53605,0440224764 0440226430 0425180638 0425163407 0446364193 0345353145 0446610399 044023722X 0380718332 0380718340
53614,0440234743 044023722X 0440221471 0446364193 0440213525 0316666343 0440214041 0452282152 0440211727 0446604801
53628,2253063339 2253150711 2253044903 2070360024 2266023039 0140620338 2290311782 2253005274 0380789035 2253140872
53659,0142001740 0440226430 0446605239 0446672211 0312291639 0316601950 0671003755 0375707972 0060930535 0345413903
53660,0671027360 0446604666 0449208672 0446667900 042513699X 0312995423 0440224705 0671027387 067976397X 0553574671
53663,0440241073 044023722X 0440221471 0440234743 0440224764 0385504209 0440225701 0446607657 0446611212 0440236673
53664,0515131229 051513287X 0515132020 0515135062 0515130389 051512608X 0515136530 0373218397 0515136379 0373218192
53707,0440998050 0345337662 0440219078 0452266564 0064472272 0345348036 0345351525 0020442203 0671745069 0679751521
53724,0553582747 0553801430 0316603287 0553579754 0451176464 067102423X 0425144429 0425121259 0446607657 0440206154
53729,043935806X 038549081X 0440241537 0060977493 0552131067 0060920084 0060929871 0140119906 0380012863 0552131059
53741,0061015725 044023722X 0312995423 0671027360 0446603589 068484267X 0446610399 0684848783 006101351X 0099771519
53772,0312983271 0671510053 0345337662 0345361792 0684833395 0312976275 0060502258 0312980140 0312306326 0345342968
53781,0140293248 0312278586 8806143042 880781210X 0385335482 014028009X 006101351X 8845215989 0060502258 8845237303
53846,0142001740 0312305060 0385722206 0452282152 0375726403 0312195516 0156027321 059035342X 0345417623 0440222656
53851,0312195516 0679781587 0452282152 0385504209 0060976845 0156027321 0316284955 0060928336 0804106304 067976402X
53934,0439139600 0451524934 0156007754 0060929871 0679745203 0385494246 0375725849 0140042598 0060977493 0156027321
54005,0345417623 0440241073 0440224764 044023722X 0440236673 0440225701 0440211727 0345353145 0425116840 0553279912
54072,0312983271 0446610038 0440214041 0440224764 0446364193 0440213525 0440221471 0440234743 0440226430 0345417623
54095,042516098X 0375726403 068484477X 0440202043 006099486X 0312305060 0375412530 059035342X 0439064872 0385722206
54145,0441003257 0061009059 0312966091 0312980140 0312966970 0671001795 0312971346 0446604666 0312983271 0312976275
54161,0440214041 0385472951 0440211727 0385493800 0385472943 044021145X 0385490992 0385497466 0440225701 0440221471
54165,0060987103 0060977493 0316666343 0312278586 0446310786 0345387651 0316769487 0375725784 0684801523 0385730586
54166,0312282990 0060934417 0375725784 0142001430 0385722206 038572179X 0316666343 0671027360 0060188731 0316284955
54193,0743418174 0312278586 0385336179 0385335830 0140293248 0316666343 0140298479 0312291639 0385730586 0060928336
54205,0449003795 0449221490 0449003787 0380718340 0449223604 0553578693 0312990456 0425192725 0380718332 0425175405
54206,0060938455 0440219078 0345370775 0671021001 0064471047 044022165X 0385335881 0440241537 0375725784 0312305060
54218,0440498058 0446672211 0553213148 055321313X 0312983824 0446675059 0440226430 0449212602 0440221471 014025448X
54222,0451184963 0375504397 0684867621 0670868361 0670858692 0060391626 0451176464 0451161343 0670844527 0670835382
54236,0671027360 0312995423 0446610038 0553578693 0316603570 0446612545 0671027387 0399150897 0553578685 0446612790
54290,0062502182 0380789035 0316769487 0060392452 0380789019 0671021001 0451191145 0345370775 0553277472 0553279378
54335,0385504209 0061015725 0515135062 0440241073 0515130389 0439139597 0446611638 0446605239 0446612790 0345447867
54374,044021145X 0060392452 0316666343 0440220602 0399501487 0446532231 044022165X 0440224764 0452282152 0446605239
54429,0439139597 0439136350 0439064864 0439064872 0439136369 059035342X 0590353403 0439139600 0345339681 0671027360
54453,0345384466 0345337662 0345404319 0345397819 0345409671 0345384369 0449212602 0553250531 0345422384 034540288X
54492,0842329218 0842329129 0842329242 0842329269 0842329277 0842332251 0439064872 0842329285 084233226X 0440222656
54497,0385504209 0452282152 0142001740 0312305060 039592720X 0142001430 0060938455 0312195516 0060934417 044023722X
54511,0446605484 0446610038 0446607657 0446612790 0385492081 0446364193 0446608815 0446606189 0446604801 0440241073
54512,0440226430 0446609404 0446611867 0684874350 0345439104 0385484518 0440223202 0375706771 0671027662 0316781266
54547,0425175405 0446612790 0425154092 0440226430 0380718332 006101351X 0446612545 0679429220 0446610038 0446606812
54576,0385484518 0345342968 0446612790 0345361792 0743436210 0446611212 0684848783 0316601950 0446610038 0385492081
54578,0312980159 0380789019 0316776963 0312983271 0061009059 0670880728 0312974256 0439064872 0440226430 0553375407
54589,0671867172 055356160X 0515135062 0671867091 0671004573 0671867113 0671534718 0515130389 0515132020 0671004549
54605,0345337662 0345313860 034538475X 0345404319 044022165X 0345369947 0671004107 044021145X 0385479565 0142001740
54622,0425180964 0425109720 0345339738 0440214041 0440220602 0425116840 0385503822 044651652X 0385493800 0385424736
54624,0062502182 0060392452 0316284955 0399149155 0385504209 0836218221 0836220889 0312983271 0316666343 0316603287
54648,0345361792 043935806X 0679781587 0451169530 0380789035 0618129022 0553573403 0671027360 0060987103 0439136350
54652,0385492081 0451156609 0451172817 006101351X 0345441036 0451176464 0446608815 0451169530 0345427637 0446364193
54731,043935806X 0062502182 0380789035 0316769487 0156528207 0099771519 0439064864 0439139597 0345361792 0060938455
54740,0385335482 0140293248 038079487X 0743418174 014028009X 0446605239 0385335881 0060928336 0316776963 0375725784
54812,0440498058 0064400557 0452264464 0380002930 0399501487 0064472272 0060915544 0553573136 044021145X 0425107469
54817,0099771519 0330332775 0552137030 0590660543 0091867770 0552996009 0349101779 0552996181 0552998486 000649840X
54828,0345370775 0440211263 0312924585 0345337662 044651652X 0060928336 0345378490 0451183665 0142001430 0671693816
54884,0446672211 0440211727 0425180638 0679781587 0345361792 0440221471 0671024248 0425163407 0440225701 044022165X
54888,0316769487 0609804138 0399144463 0440204887 0451524934 0440234743 0446364193 0786881852 0451526341 0140042598
54889,0316666343 0440241073 0446672211 0345417623 0312278586 0316096199 0385265700 0060959037 0060930535 0312291639
54898,0440212561 0553250426 0385335482 0679429220 0451197399 0380002930 0385484518 0345378490 0446610100 0842329218
54911,0375727345 0312305060 0440222656 0671021001 0312291639 044023722X 0452282152 0609610597 0449907481 0452282829
54917,0060959037 0312195516 0440414806 059035342X 0316601950 0385486804 0440220653 0345370775 0064400018 0064400034
54958,0099771519 0439064872 0312966970 0440206154 0440220602 0385479565 0316096199 0451166892 0312278586 0552137030
54968,0385335482 0385504209 0375726403 014028009X 0743418174 0316776963 0156027321 044023722X 0385336179 0316284955
54969,3442541751 3492045170 3423202327 3423201509 3150000017 3423202947 325722575X 3426029553 3257229534 3257227809
54997,0060392452 0385504209 0312195516 0385722206 0446532231 0312305060 0671027360 0452282152 0375707972 0525947647
55006,0060928336 0440212561 0446672211 0440226430 0060976845 044021145X 0375707972 0375727345 0425154092 0425158616
55027,0142001740 0671027360 0385503822 0061015725 0440241073 0440236673 0345417623 0440241537 0345339703 0385490992
55065,0425153975 042518286X 0425163407 0380731851 0345384350 0440225701 044023722X 0451181379 0425144429 044021145X
55075,0060987103 0142000205 0060959037 0312278586 0375705856 0060938455 0060930535 0743225406 0425147622 0385265700
55086,0553213148 0345370775 0553213164 0446605239 0553213172 059035342X 0440206154 0345378490 0553213180 0440220653
55097,0345370775 0345380371 0345391055 034540288X 0345417623 0345378482 0440220602 044021145X 0316666343 0345354621
55136,0552137030 0552124753 0552131067 0099771519 0590660543 0552131059 0552128481 0552140295 0552131075 0552145424
55142,0385730586 0061009059 0385335881 0140293248 0440180295 0385335482 0312980140 0609804138 0399501487 0345348036
55178,059035342X 0060928336 0553296981 0439064872 0452283442 0452282152 0440219078 0446519138 0380789035 0312195516
55187,0385484518 0345342968 0345361792 0385492081 0316601950 0446612790 0440220602 0425152251 0446611212 0684848783
55194,0156027321 006101351X 0385479565 0345378482 0345353145 0345427637 0345380371 0385504209 0345402871 0441172717
55197,0091867770 0446607657 0099771519 0316096199 0451166892 0446610038 0330332775 0380727501 0330485385 0552143774
55202,0679781587 0060987103 0316769487 0440222656 044023722X 0142001740 0060930535 0142000205 0345361792 0312291639
55217,0441172717 0515131229 0345342968 0441104029 0312924585 8408043641 0441294677 0440224675 0441102670 0345370775
55244,0140293248 0316666343 0312278586 0385335482 002542730X 8806143042 0316096199 014028009X 880781210X 0156012197
55270,0345384466 0345313860 044651652X 0345351525 034538475X 0380718340 0425147622 0345397819 0060928336 0345337662
55272,0345370775 0345335465 0345368932 0345314255 0345413350 068484477X 0345368991 034529873X 0679746048 0679781587
55331,3442541751 3150000017 3492045170 3423202327 3423201509 3423202947 3257229534 325722575X 3426029553 3257227809
55375,0316284955 0446608955 0671021001 0446672211 0385335482 0312278586 0316666343 0142000205 0446310786 0440226430
55395,0440225701 055321313X 0345391802 0345353145 0553572997 0345370775 0553213148 0385424736 0515129941 0385505833
55398,0345370775 0345342968 0345353145 0312924585 0446310786 0451526341 0440206154 0345380371 0451524934 0440224675
55421,0316666343 0060928336 0446672211 0440226430 0671021001 0312278586 0385335881 0140293248 0316899984 0316776963
55438,0312195516 0446672211 0842329242 044021145X 0842329250 014025448X 0842329269 0140257934 0842329277 0345339681
55441,0312195516 0679781587 0446672211 0060928336 0425167313 0345443284 0316096199 0375706771 0316284955 0375502238
55454,0316666343 0452282152 0553280341 0312274920 0385484518 0553280368 0060175400 0142001740 0385497466 0099771519
55486,0385722206 0060934417 0684848783 0446310786 0060958022 0142001430 0671880187 0375703861 0060987561 0316780375
55487,0446611212 0446607657 0446612790 0446605484 0425182878 0446608815 0446364193 0446606189 0380731851 0446604801
55488,0380789019 3150000017 3442541751 0747532745 0140620338 0140620222 043935806X 3423202327 0747546290 3257229534
55490,0451184963 0345351525 0425163407 0060938455 0385424736 0345378490 0345439104 0345384377 067102423X 0451180232
55492,0440219078 0316666343 0679781587 0440235596 0142001740 0446310786 0439064872 0440414806 0439139600 0515090506
55493,0385503822 0060502258 044651652X 0312278586 0385508042 0316693006 0316693200 0060987103 038550120X 0446612790
55511,0440226430 0375703764 006099486X 0670880728 0316776963 0679731148 0380727501 0142000205 0312421273 0609608444
55548,0441172717 0316769487 0399501487 0316776963 051513287X 0345342968 0515131229 0385484518 0070212570 0446394521
55550,0345337662 0345387651 0345369947 0440235596 0345313860 0064407667 0345384466 0345361792 044651652X 0440224675
55559,0440206154 0312924585 0440224675 034538475X 0345361792 0345337662 038529929X 0446609404 0425178765 0060987529
55562,0385504209 0425122123 042510107X 0425180964 0425083837 0060930535 0425109720 0425147584 0440234743 0425116840
55563,044023722X 0609804138 0345350499 0060502258 0971880107 0804106304 067088300X 0375756981 043935806X 0452260116
55607,0440224764 044023722X 0449003787 0440241537 0440234743 0440225701 0449003795 0425154092 0440236673 0425175405
55631,0671041789 0316769487 0671021001 0451524934 014028009X 0451176464 0375725784 0061015725 0345313860 0451160525
55641,0440180295 0345342968 0140042598 0684801523 0451163966 0316769487 0060929871 0316777730 0451524934 0393312836
55655,0446672211 0312195516 0060930535 0316569321 0375707972 0385484518 0060928336 0060391626 044651652X 0679781587
55665,0446611867 0446611085 0451203771 0553582135 0440212561 0440226430 0440204194 0446679593 0440223202 0440222656
55687,0345339703 0345339681 0345339711 0446310786 0451524934 0345337662 0385504209 0345384466 0345351525 0316777730
55700,0375703861 0156027321 0452282152 0385722206 0099771519 0375725784 0553280341 0553280368 0312282990 0452283205
55734,0440224764 0440234743 0345351525 0060930535 0380718340 0425154092 0440226430 0345439104 044651652X 0451169530
55751,0375727345 0375706771 0060976845 0671021001 0142000205 0316569321 0446672211 0671038184 0375707972 0375702709
55779,0451167317 0451172817 0451156609 0440217547 0440207622 0671041789 0440200563 0440211727 0440176484 0425107469
55787,0312195516 0142001740 067976402X 0316666343 0312305060 0671003755 0446672211 0679429220 0060175400 0060959037
55789,0345337662 0440220602 0440222656 0316666343 0060928336 044021145X 0440211727 0446672211 0345353145 0060502258
55799,0060928336 0446672211 0385484518 0375727345 0316601950 0375706771 0070212570 0345443284 0061097101 0440212561
55826,0679781587 0375725784 0671003755 0060930535 067976402X 0446310786 0684874350 014028009X 0446670251 0316769487
55858,0440224764 0440213525 0380718340 0440226430 0425180638 0440221471 0446364193 0440214041 0425154092 0446606189
55892,0440206154 0440224675 0060392452 0385510438 002542730X 0385512104 0375727345 0425121259 0380789019 0060928336
55927,0345339703 0446310786 0312195516 059035342X 0380814021 0345339711 0060928336 0060096195 0380714752 0064472795
55941,0312305060 0553574574 0552998486 0312274920 0140620109 0375703055 038542017X 0099771519 0156628708 0451526341
55955,0345339703 0345339681 0345339711 0330332775 0345342968 0446310786 0099771519 0312278586 0060502258 0380727501
55961,0440211727 0345353145 044021145X 0345380371 0345370775 0440214041 044022165X 0440220602 0440221471 0345391055
55973,0060392452 0316666343 044022165X 0440221471 0060938455 0151008116 0385504209 0440241073 044023722X 0440225701
56039,2253063339 2253150711 2253044903 2266023039 2070360024 2290311782 2253057843 2205054252 2253005274 2070408507
56045,0425163407 0425154092 0425175405 0425158616 0425147622 0425169863 0380717018 0380718340 0380710218 0380718332
56066,0316666343 0842329218 0446672211 0842329129 0440213525 0671867113 0671793489 0842329242 0671004549 0671004530
56135,0553279912 0312966970 0142001805 0553280341 0449221482 0312971346 0345337662 0312976275 051513628X 0449221512
56157,0345353145 0440211727 0345370775 0684872153 0345378490 0312924585 034540288X 0671021001 0345391055 044021145X
56198,0451172817 0451184963 0451167317 0451163524 0451160525 0451156609 0451169514 0451180232 0451169522 0451526341
56201,0440241073 0440234743 0061097853 0425170349 0425147584 042510107X 0446604666 0425116840 044022165X 0425180964
56213,0060921145 0679781587 0449005615 0060930535 0679429220 0375726403 0345361792 0060199652 0385265700 0312195516
56246,044023722X 0312195516 0440234743 0385504209 0440236673 067976402X 0156027321 0440224764 0345417623 0446672211
56271,0553574574 0064407667 0312305060 0140620109 0099771519 0375703055 0345351525 0552998486 0330332775 0679442790
56272,0156027321 0385504209 0312421273 0060934417 0380813815 0670880728 0385722206 038550926X 0380731851 0375726403
56276,8408043641 0440206154 0345370775 0151008116 0312924585 044023722X 8433969978 8445071416 8432206407 0060977493
56307,0440241073 0385504209 0380731851 0440241537 0446612790 0671027360 044023722X 0440236673 0345413903 0440234743
56315,0449219364 0449219461 0449221504 0553271636 0449003795 0375706771 0449003787 0449223612 0449221490 0449221482
56323,0425152251 0316769487 0385484518 0380789035 0380789019 0380012863 0060928336 0441569595 0553375407 0671617028
56360,3442541751 3257227809 3423201509 3150000017 3257229534 3423202327 325722575X 3492045170 3426029553 3423202947
56369,0060502258 0446611867 0345342968 0385486804 044021145X 0440235596 044023722X 0679745203 0446677450 006099486X
56391,0316776963 014028009X 0385512104 0316777730 0312282990 0375703055 031298328X 0062502182 0061097314 0060938455
56399,014025448X 0375727345 042513525X 0441172717 0064407667 0316601950 0375703063 0060928336 0446670251 0345313860
56425,0786881852 0316769487 0380718332 0842329129 0316666343 0425147622 0786868716 0425154092 0399145087 0842329218
56442,0060928336 0440211727 0440241073 0440224764 0440236673 0452282152 044021145X 0312195516 0060959037 0345337662
56447,0553296981 0446519138 0380813815 0345339703 0786817070 006101351X 0679734775 0446605239 0553274295 0553375407
56470,3442541751 3150000017 3423202327 3492045170 3423201509 325722575X 3257229534 3426029553 3257227809 3404148665
56496,0380789035 0142001740 0140254544 0060987103 0062502182 0441569595 0671510053 0441003257 0345443284 0140265686
56554,0385335482 0743418174 0385335881 0385336179 0440226430 0060096195 038550926X 0312278586 0060928336 0385336810
56579,0671004549 0671867172 0671004573 0385335881 0385335482 0671741195 0446612545 0440219078 0399149155 0316284955
56598,006101351X 0671510053 0671021001 0345353145 0553274503 0446610038 0385486804 0440220602 0399501487 044651862X
56623,0345339703 0345339681 0345339711 0345342968 0345417623 0385511612 0385508042 0316769487 043935806X 0446310786
56625,0440214041 0440224764 0316601950 044022165X 0060976845 0440226104 0060928336 0446605239 0385505833 0440222656
56654,0312278586 0375706771 0142000205 0316284955 0316096199 0345443284 0743418174 0446672211 0316601950 0312195516
56661,0671510053 0345443284 0385498802 0060915544 002542730X 0446672211 0060930535 0375705856 0142000205 0345438329
56663,0440213525 0440214041 044022165X 0440221471 0440220602 0446672211 0440222656 0440224764 0440241073 0440226430
56707,0060928336 0142001740 0385504209 0446670251 0316666343 0385335881 0312278586 0375727345 0385336179 0679746048
56718,0060976845 0312195516 0671021001 0316601950 0375706771 0312291639 0316666343 0375700757 0446672211 0385335482
56751,0452282829 0312195516 0345443284 0142000205 0142001740 0060928336 0316601950 0375706771 0316899984 0316666343
56797,0385508042 0446527033 0385503822 0316666009 0385490992 0446523569 0316693235 044651652X 0316693006 0316969680
56804,0440226430 0060976845 0316601950 0316666343 0671021001 0375727345 0312195516 0140298479 0440211727 0452282152
56823,0671510053 0312976275 0446606189 0345337662 0312265867 0312265859 0684833395 0312966091 0312980140 0345348036
56856,0345370775 0553296981 0440213525 0446310786 0345339703 0345417623 0385484518 0345339681 0440211727 0345339738
56874,0345339681 0060392452 0385490992 0385324057 0385508042 0385497466 0440206154 0440213525 0385424736 0316602051
56905,0380789035 0345413369 0380789019 0446611212 0385492081 0312980140 0061020710 0312983271 044661193X 0345413377
56917,0345353145 0385492081 0345342968 0399501487 0553262505 0380789035 0451524934 0451526341 0441569595 0440206154
56959,0553279378 0060928336 0385486804 0385484518 0452264464 0140293248 0140067477 0446310786 0064400557 0060976241
56985,0345339703 0380789035 0440222656 0345339738 0345370775 0345350499 0441003257 0553375407 0345337662 0060930535
56998,0060938455 0312278586 0062502182 0786868716 0385484518 0440204887 0446519138 0060958022 0385424728 0316969443
57002,0316666343 0440211263 059035342X 0446310786 0446605239 044022165X 0345370775 0312278586 0439136369 0439064864
57006,0345353145 059035342X 0156007754 0385722206 0061020710 0446610038 0312291639 0425101452 042518286X 0345417623
57068,0440224764 0440241073 044022165X 0440236673 0440234743 0440221471 043935806X 0440241537 0385504209 044023722X
57072,0679429220 0786881852 0375700757 0345337662 080410526X 0345334531 0786868716 0446610038 0380018179 0060938455
57095,0345380371 0345370775 044021145X 0345378482 0345417623 0440220602 0440213525 0440211727 034540288X 0345378490
57105,0142001740 0452282152 0156027321 0345417623 0060930535 0345351525 0345339703 0385722206 0312195516 0679781587
57108,0312195516 0060976845 0375706771 0060928336 0679745203 0060930535 0142001740 034543479X 0385722206 0316776963
57109,0385504209 059048351X 0590494457 0590568744 0446608955 0590453653 0345342968 0590568752 0590483552 059045367X
57124,0671027360 0385510438 0743418174 0446605239 0385511612 0316666343 0156027321 0385335482 0312278586 0385508042
57148,0330332775 0330367358 0156027321 0099771519 0091867770 000649840X 0140071814 0749397543 0749395990 0552996009
57157,0446612790 0440241537 0345413903 0446611212 0440225825 0446610038 0446607657 0385504209 0449005615 034541389X
57180,0375727345 0385503822 0440226430 0446607657 038550120X 0446364193 0446605239 0316096199 0142001740 0142004235
57200,0312983271 0440226430 0446611867 0312980159 0553582135 0312980140 0446611212 0140293248 0446609404 0312983301
57205,0316666343 0345387651 0446310786 0804106304 0446605239 0679781587 0671021001 0316284955 0312278586 0440226430
57214,0060502258 0316666343 0345465083 0345339681 0449907481 0345370775 0684872153 0316168815 0345378490 0373099916
57229,0385720106 0345427637 0316690619 0446364193 0060175400 0385486804 0385504209 044651652X 0380730138 0553268880
57234,0385492081 0385486804 0671510053 067976402X 0156007754 0684874350 0375406530 0316777722 0060977477 0345361792
57247,0446611212 0446607657 0316096199 0446610038 0385505833 0446610399 0446364193 0446605484 0375727345 044023722X
57255,0345370775 0451203771 0553578316 0449149986 034540288X 0609804138 0515134384 0380780860 0060173289 0345438329
57261,0330332775 0312278586 0099771519 0156027321 0552124753 0590660543 0553572997 0099279274 0552137030 0552996009
57265,0446611212 0446605484 0446612790 0446610038 0440241537 0446608815 0440241073 044023722X 0440234743 0440225701
57267,0679781587 0060934417 0385722206 0385486804 0449005615 0375700757 0060977493 0060959037 0440414806 0375725784
57269,0312966970 0312195516 0312980140 0312971346 0312966091 0061009059 0312983867 0316601950 0312990456 0671001795
57291,0312278586 0385335482 0316096199 0446670251 0671003755 0060930535 0060928336 0375725784 0060915544 0684801523
57302,0440206154 0060928336 0345337662 0316769487 0345378490 0312924585 0345353145 0440214041 0440222656 0671021001
57305,0380018179 0804106304 0440206154 059035342X 0375725784 034536676X 0446606812 0446605239 0345361792 0446310786
57354,0385484518 0380012863 0684833395 044651652X 0140067477 0679745203 0451163966 0140042598 0060502258 0517149257
57369,0060928336 0440241073 0061000043 0440234743 0553268880 0440236703 044022165X 0061092614 0446608815 0446607657
57379,0385484518 0156027321 0451191145 0786868716 0380002930 0452264464 0553296981 0316776963 0451160525 0590353403
57398,044021145X 0440226430 0425154092 0425163407 044022165X 0345339681 0440215625 0440222656 0440224764 0440221471
57412,0385335482 0385335881 0385730586 0743418174 0312278586 0316666343 0312291639 0385336179 0060096195 0385335830
57447,0140293248 006101351X 014028009X 880781210X 8845215989 0385335482 0060502258 8806143042 0440226430 8845237303
57449,3442541751 3150000017 3492045170 3423202327 3423201509 3257229534 3426029553 3423202947 3257227809 3442092981
57470,044651652X 0345301110 0451191145 0440221595 0679405283 0743206045 0345446860 0156012197 0525945210 0553579983
57599,0316666343 0060928336 0312195516 0060392452 0679781587 0060930535 0679746048 0142001740 0671027360 0140119906
57601,0440213525 044023722X 0312278586 0345342968 044021145X 0345353145 0060502258 0385265700 0671021001 0440222656
57620,0671003755 0679781587 0142001740 0316601950 0385504209 044651652X 0312305060 038550120X 0449212602 0786868716
57632,044022165X 044023722X 0345417623 0440225701 0440236673 0446364193 0440214041 0425151867 0440211727 0345380371
57686,0316666343 0312278586 0380789019 0375725784 0375727345 0743418174 0156027321 0142001430 0375726403 0440226430
57697,0786881852 080410526X 044651862X 0451191145 0671727796 0671250671 0449907481 0877733759 0140067477 0671004107
57712,0316601950 0312195516 0156027321 0385504209 0060928336 0375707972 0316666343 0671003755 0446672211 0671021001
57713,0440234743 044021145X 0345353145 0425154092 0425109720 0440220602 0345380371 0345378490 0440224764 0425163407
57725,0156027321 0375726403 0385504209 0316776963 0385722206 031242227X 0312422156 0142001740 0312305060 0375412824
57726,0671510053 0060392452 0804106304 0142000205 0440241073 0316569321 0345443284 044023722X 0446672211 068484477X
57804,044023722X 0452282152 0440211727 0449213943 0375700757 0451153553 0446605239 0312976275 0553273914 0440213525
57833,0446608815 0446612790 0446611212 0425182878 0446605484 0446607657 0312980140 0446612545 0446606189 0446604801
57838,0099771519 0451166892 0345441036 0609610597 0345439104 0452282152 0142001430 0553572997 0452283205 0375725784
57853,0747546290 0747538484 0316769487 0349101779 0747551006 034536676X 0380789035 0449907481 0679429220 0804111359
57862,0060928336 0140293248 014028009X 0743418174 044651652X 0679781587 0316666343 0440224675 0385335482 0804106304
57920,0671021001 0316284955 0312195516 0060392452 0375706771 0375700757 0671617028 0385335482 0064407667 0375727345
57935,0399501487 044021145X 0345404114 034540288X 0345353145 0316601950 0671027360 0345378490 0385492081 0553582747
57949,0440234743 044021145X 0440211727 0440214041 044022165X 0440221471 0440241073 0440225701 0440220602 0440213525
57959,006101351X 0345337662 042510107X 0425083837 0425143325 0385492081 0425109720 0553250426 0425147584 0345353145
57960,0399501487 0451167317 0451163524 0451184963 0451156609 0345370775 0316769487 0451169514 0451177096 0671041789
57976,0553250426 0446612790 0316601950 0553280945 0553289411 0671510053 0671027360 034541389X 0553292722 0440212561
57983,0671003755 0312195516 0060938455 0070212570 0385504209 0156027321 0345342968 0679781587 0553380095 0142001740
57986,0316284955 0316769487 0671003755 0671617028 0140440046 0452269571 0070212570 0316666343 0375703055 0425179672
57989,0316769487 0345313860 0375707972 0441790348 0670892963 0441569595 0440180295 0451524934 0316777730 0671003755
57999,0060502258 0345361792 0679781587 0671003755 0441569595 0345387651 0684872153 0385484518 0060976845 0452264464
58011,0099771519 0330332775 0156027321 0330367358 0091867770 0380977788 0552996181 0552137030 000649840X 0552998001
58050,0316776963 0385484518 0142001740 0312291639 038550926X 0385722206 0385505833 0375700757 0060934417 031242227X
58062,0345337662 0345384466 044021145X 0060987529 0440234743 0671250671 0446608815 0446610038 0440236673 0345384369
58067,0312291639 8408043641 0671003755 044023722X 0440213525 8445071416 8433969978 8432206407 0440224764 0385265700
58079,0440211263 0385720106 0375707972 044023722X 0671021001 0142000205 0375706771 0446610399 0385265700 0451202341
58112,044023722X 0060928336 0452282152 0679781587 0316284955 0060959037 0060392452 0060930535 0446605239 0375703055
58142,0345370775 0345337662 034538475X 0345351525 0345380371 0345353145 0345313860 0312924585 0345391055 042510107X
58151,044021145X 059035342X 0452282152 0060502258 0439064872 0440211727 0345380371 0440211263 0440214041 0451166892
58152,0553296981 0091867770 0156628708 0099245027 0060920084 0385605145 0425154092 0552996009 0399149325 0140131558
58156,0156027321 0671027360 0380789035 0060987103 0060938455 0060987529 0679781587 0060392452 0671027387 0316769487
58167,0446610038 0446612790 0446607657 0553582526 0440241073 0446603929 0446608815 0446612545 0553582747 044023722X
58168,3442541751 3150000017 3423202327 3423201509 3257229534 3423202947 325722575X 3426029553 3257227809 3442092981
58174,043935806X 0439136350 0440414806 0439139597 0440998050 059035342X 0446608955 0345342968 0441005489 0439064864
58194,0345337662 0446607657 0345313860 0375700757 034538475X 0446610038 0553375407 0446611212 0679429220 0060928336
58202,0345361792 0684865742 0345339681 043935806X 0671042858 0671041789 0671024248 0316666343 0439064872 0064407667
58224,0446605484 0446608815 0446612790 0446612545 044023722X 0446606189 0312291639 0060502258 0446611212 0425175405
58231,0060987103 0316769487 0380789019 0440206154 0451524934 0060929871 0671004107 0060938455 0345348036 0312924585
58252,0312278586 0446670251 0385335482 014100018X 0385730586 0385335881 014028009X 0679746048 0380814021 0064472795
58255,0515131229 051513287X 0515126772 0515128546 0515128554 0515135062 0515130389 051513628X 051512317X 0373218192
58257,0345387651 0060502258 0375727345 0312966091 0312966970 0743418174 0142000205 0061009059 0316601950 0804106304
58259,3150000017 0140620338 3423202327 2253063339 038572179X 3442541751 2253149101 2253153265 3423202947 3492045170
58290,0345417623 0345370775 0441172717 0553293362 0380002930 0618002227 0345347951 0345333926 0451191145 0441102670
58319,0316601950 0316666343 0671021001 0060928336 0375706771 0446608955 0440241073 0312195516 0684872153 0446610399
58342,0439064872 0312966970 0312195516 0312966091 0312976275 0312971346 0312980140 0439136369 0439139600 0312983271
58351,044023722X 0553279912 0553280368 0316666343 0156027321 0345402871 0440236703 0553271636 0345370775 0449221512
58363,0316780375 0060977493 044651862X 0425154092 0060921145 0374199698 0446610399 0684848783 0385512104 0385484518
58379,0345342968 0446310786 0316769487 0451163966 0345391802 0060929871 0380002930 0684801523 0451524934 0553210092
58389,0060928336 0385484518 0312278586 0452282152 0446310786 0446606812 0316096199 0316284955 0684872153 0345387651
58390,0316769487 0451172817 0061009059 0312966091 0553275976 0060938455 0671027360 0451524934 0312966970 0684853507
58397,2253063339 2253150711 2253044903 2070360024 2266023039 2290311782 2253057843 2205054252 2070408507 2253005274
58426,0380789035 0345361792 044651652X 0679429220 006101351X 0156528207 0684874350 0316769487 0679781587 0385484518
58458,0552124753 0060938455 0552996009 0552131067 0552131059 0552128481 0552131075 0330332775 0552134627 0552134635
58473,0312278586 0316693200 0316603570 0399151451 0399150897 0316693006 0316603287 0345378490 0316602906 0385511612
58482,0679781587 0446610038 0425152251 0425180638 0684874350 0446310786 0060958022 0440211727 0156628708 0425154092
58497,2253063339 0440236703 0345413873 0380789019 2253150711 2253044903 0425180638 0345413903 0425182908 2266023039
58515,0385504209 0345413903 0671027387 0446612790 0312995423 0440241537 0156027321 043935806X 0061015725 0440241073
58516,0380789035 0380789019 0316776963 0380002930 0345342968 0375725784 0679781587 0670805149 0385498721 0060987103
58529,0064471101 0316769487 0060928336 0380018179 0553268880 0440212561 0345370775 034536676X 044022165X 0440215625
58594,0440241073 0142001740 0345413903 0671027360 0441003257 0679781587 034541389X 0385492081 0446611212 0060930535
58612,0679781587 0446610038 0440241073 0446612790 0312195516 0440234743 0440221471 0446672211 0316666343 034541389X
58629,0440221471 0440224764 044021145X 0440214041 0440211727 0440220602 0440213525 0440234743 0440225701 0425154092
58641,043935806X 0439064872 0439139600 0439136369 059035342X 0439139597 0064407675 0440414806 0439064864 0440219078
58644,0385504209 0449003795 0312995423 0440241537 0446610038 0061015725 0446612790 0671027387 0671027360 0425180638
58708,0440220602 0440241073 044022165X 044021145X 0440224764 0440241537 0385492081 044023722X 0345402871 0440234743
58709,0440224675 0345380371 0425155404 0440206154 0446364193 034538475X 0440234743 0345378490 034540761X 042513525X
58724,0440226430 0345439104 014028009X 0060392452 0385335482 0671021001 0140298479 0060391626 0440224675 0446310786
58768,0671670689 0671534718 0679781587 0671695169 0671534734 067164257X 0671525433 0671020293 0671695142 0671534726
58790,0439064872 0380789035 059035342X 006101351X 0439136369 0385486804 0440235162 0385504209 0312195516 0385492081
58792,0385504209 0156027321 0375725784 0060987103 0671027360 0440241537 0452283205 043935806X 0312263120 0312421273
58834,0156027321 0380789019 0441569595 0552137030 0330332775 000649840X 0552124753 002542730X 0425152251 0671004107
58855,0439064872 0439136369 0439139600 043935806X 0316777730 0439139597 0385504209 0786881852 0439064864 0671021001
58869,0345417623 0345402871 0425109720 0345370775 0451183665 0441172717 0440206154 0684872153 0345354621 0375506039
58877,0345417623 0440234743 0425143325 0425180964 0440241073 042510107X 0440236673 0446611778 0425147584 0425170349
58911,0385504209 0156027321 0786868716 0142001740 0316969443 0679781587 0452282152 0446532231 0671027360 043935806X
58961,0345413350 0671004107 0449208133 0553562614 0345323440 0441790348 0345313151 0553560735 0345353145 0345322231
58964,0385504209 0156027321 0452282152 0316666343 0446611867 0375706771 0316096199 0375726403 0385484518 0142000205
59034,0151008116 0375727345 0786868716 0142001740 0385504209 0380731851 0316096199 0375760911 0385510438 0743418174
59038,0446672211 0440220602 044022165X 0316666343 0440221471 0440225701 0345339681 0316284955 0440224764 0440234743
59052,0316776963 0312195516 0060392452 0684874350 0451524934 0553572997 0375506039 0151008116 0060188731 0375725784
59059,0440498058 0446310786 0440998050 0440487617 0060930535 0345348036 0394820371 0141000198 0440405483 0380002930
59096,044023722X 0679781587 0060928336 0385504209 0316284955 0060959037 014028009X 0452282152 0446605239 0060976845
59147,059035342X 0439064872 0786868716 0439136369 0671708635 0439139600 0439136350 038542017X 043935806X 0385484518
59150,044021145X 0375707972 0440220602 0345370775 0446672211 0440235596 0671021001 0312195516 0440214041 0671003755
59172,0316666343 0451177096 0425107469 042513525X 0385504209 0451160525 0553580221 0440217547 0425181103 0345386108
59180,0375725784 0553572997 0060934417 0385265700 0679746048 0156027321 0553272535 0375726403 0440212561 0440215625
59189,0312966970 0061009059 0446610038 0440234743 0312990456 0312980140 0312966091 0312980159 0515135739 0312971346
59197,0440224675 0446604666 0345370775 0312924585 0060392452 0345424719 0441003257 0345387651 0312976275 0671041789
59198,0446610038 0446611212 0446607657 0446605484 0553578693 034541389X 0446612545 0425182878 0553584510 0446601241
59206,0099771519 0156027321 000649840X 0552996181 0553280341 0142001430 0330367358 0375725784 0142001805 0060977493
59208,067976402X 0671510053 0804106304 0671027387 0385720106 0385474016 0060987103 0671027360 0553275976 0451166892
59209,044021145X 0671021001 0440221471 0440214041 0440220602 0345353145 0440224764 044023722X 0345380371 0316666343
59214,0316569321 0060928336 0345443284 0440236673 0446672211 0385484518 0345337662 0316666343 0060930535 0679429220
59220,0064472795 014131088X 0446310786 0312278586 0440414806 0446672211 0440220653 0064400557 0385335881 0385335482
59241,0671003755 0345313860 0345337662 0446606812 038550926X 0452264464 0440211727 0440213525 0060987561 0446672211
59254,0425144429 0345386108 0345353145 0553580221 0553582747 0345384369 0440224764 0425121259 0345391055 0066214122
59261,0552124753 002542730X 000649840X 0552137030 0552998001 0552996009 0330367358 0552998486 0330332775 0552131067
59266,0316769487 0684801523 0446310786 0060929871 0553280414 0345342968 0451524934 0345339681 0440180295 0451163966
59267,0142001740 0451203771 0312291639 0446672211 0452282152 0440241073 0440241537 0385335482 0060930535 0345438329
59269,0440414806 0385486804 0316666343 0743211375 0671004573 0671867172 0786881852 0451169530 0316769487 0670858692
59305,0385265700 0060928336 0316601950 0142000205 0671021001 0671003755 0446672211 0375707972 0385335482 0380730138
59390,044023722X 0425175405 0380718340 0380718332 0440224764 0440213525 0425154092 0425147622 0425169863 0425158616
59430,0671003755 0060930535 0312195516 0156027321 0385265700 0060959037 0312291639 0375702709 0375706771 0316096199
59438,059035342X 043935806X 0060502258 0380789019 0064407667 0439139600 0375707972 0786881852 0440206154 0349101779
59463,0440998050 0385486804 0316666343 0449005615 0020442203 0060256656 039480001X 0316096199 0385265700 0440940001
59499,0316666343 0671510053 0452282152 0375726403 0060987103 0385265700 0142001740 0316569321 0449005615 0142001430
59504,0439064872 0345339681 0345314255 059035342X 0345285549 0439136369 0345342968 0452264464 0345370775 0345356365
59524,0375726403 0375727345 0316666343 0142000205 0671003755 0060959037 0671510053 0345439104 0449005615 044022103X
59534,0452282152 067976402X 0385722206 0375703055 0312195516 0446672211 0060987103 0385720106 014028009X 0316284955
59554,0061009059 044023722X 0312976275 0345413903 0385505833 0385504209 0440236673 0380813815 0671027360 0060392452
59604,0312971346 0312966091 0312980140 0312966970 0312976275 0671001795 0312983867 0312265867 0060502258 0440206154
59612,0316601950 0671021001 0316666343 0385504209 0375727345 0060928336 0385484518 0671027360 0060976845 0375702709
59656,0786868716 0399144463 002542730X 0345361792 0385512104 0553375407 0316096199 0446532231 0451191145 0345417623
59727,0345313860 0345351525 0451172817 0345337662 0451160525 0399501487 0451180232 0446670251 0316769487 0451169514
59731,2253063339 2253150711 2253044903 2070360024 2070408507 2266023039 2253005274 2205054252 2253057843 2290311782
59734,0312195516 0679781587 0449005615 0385490445 0671510053 0452282152 0345337662 0345369947 0312282990 0060930535
59763,0446611867 0515131229 0671708635 051513287X 0515128554 0553582135 0449212602 0385484518 0060987529 0440226430
59770,0316666343 0375727345 0142000205 0671510053 0316899984 038550120X 0060391626 0385484518 0446672211 0446608955
59808,0380789035 0142000205 067976402X 006099486X 0062502182 0385265700 0375727345 0440235596 0142001740 0452282829
59812,0440212561 0312195516 0060934417 0440217563 0452282152 0156027321 044022425X 038542017X 0553572997 0060959037
59820,0345313860 0345384466 0060928336 0345397819 0345404319 0345422384 0060976845 0140298479 0345369947 0312924585
59852,0553262505 0441569595 0345413350 0441790348 0345337662 0671003755 0316776963 0380789035 044166251X 0345353145
59895,0316601950 0316666343 0446672211 0060976845 0449212602 0060934417 0679781587 0452282152 0375726403 0446605239
59912,0439064872 0385504209 0439136369 0446310786 0553582526 0316666343 0380789035 0345370775 0345351525 0385486804
59933,0060392452 0440206154 034540288X 0345353145 0671004107 0060938455 0345402871 0345417623 0345378482 0451524934
59944,0671027360 0446672211 0316666343 0316284955 0316769487 0345342968 0446608955 0312995423 0679781587 0440404193
59948,2253063339 2253150711 2253044903 2070360024 2266023039 2290311782 2253057843 2205054252 2253005274 2264027134
59967,0091867770 0060392452 0440226430 0330267388 0380012863 0385505833 0330262130 0446519138 0316666343 0452280621
59971,0446532231 0451524934 0380789035 0440235596 059035342X 0439064872 0380789019 0316666343 0441003257 0316769487
60004,0385504209 0316777730 0316776963 0060938455 0679781587 0156027321 0316284955 0375726403 0449911519 0312421273
60014,0446605239 0316769487 0671041789 0515136379 051513628X 0446606812 0671003755 0446613436 0345378490 0440211263
60028,0062502182 0375727345 0316666343 038550120X 0142000205 0743418174 0316899984 067976402X 0060391626 0345438329
60029,0679781587 0446672211 0385504209 0452282152 0316666343 0142001740 0312305060 0316284955 0345337662 0316601950
60031,067102423X 059035342X 0446531332 0553582747 0452282152 0553580221 044023722X 0446672211 0446608955 0156027321
60040,0786881852 0316096199 0743418174 0553272535 0609804138 0399144463 0064407675 0451526341 0671250671 002542730X
60050,0316666343 0446672211 0385335482 014028009X 0140293248 0060928336 0671021001 0385484518 0439064872 0060976845
60079,0385505833 0385503822 038550120X 0385484518 0375727345 044023722X 0385508042 0060502258 038533334X 0316780375
60080,0316666343 0743418174 0375726403 0061009059 0446675059 043935806X 014028009X 0380731851 0060987103 0385722206
60081,0439064872 0439136369 0439139600 043935806X 0312195516 0316666343 0060934417 0060977493 0452282152 0060930535
60083,0440221471 0515128554 0515128546 0515131229 0440224764 0515121843 0515133973 0515126772 051513287X 0515135062
60098,0375506039 0446310786 0671042858 0449212602 0316769487 0440211727 0345361792 0440998050 0316666343 0312979096
60114,0449223612 0449221512 0449003787 0449221482 0060977493 0449219364 0380718332 0070212570 0425147622 0345391810
60130,0440211727 0440214041 0440221471 0440220602 0440213525 0440224764 0440234743 0345380371 0440236673 0440222656
60140,0385510438 0385504209 0316693006 0385508042 0312265867 0316603570 0385511612 0312966970 0385503822 0316602906
60146,0345384911 0345335465 0345368932 0345335082 034529873X 0345253736 014023313X 0345391802 0345362861 0440215625
60157,0375706771 0440226430 0446611867 0375707972 0316569321 0375703063 0375727345 0061097101 0060987103 0070212570
60168,0440221471 0440224675 044021145X 0440236673 051513287X 044022165X 0446359866 0425143325 0440224764 0425154092
60178,0316666343 0316776963 0156027321 0316096199 0316284955 0142001740 0060987529 0385504209 0743418174 0671003755
60244,0064407667 0064407675 0345413350 0061009059 0385484518 0671510053 0375760911 014028009X 0142000205 0312305060
60251,0385504209 0142001740 0452282152 0385722206 0316666343 0312195516 0375726403 0679781587 044023722X 031242227X
60253,0316666009 0385508042 0316569321 0316693235 0316693006 0385503822 0385497466 0316693200 0446531332 0316693251
60255,0142001740 0060928336 0385504209 0671003755 0312195516 0060930535 0671021001 044023722X 0449005615 0312278586
60263,0671041789 0671027360 0553582755 0345417623 0345370775 0439136369 0446608955 0345353145 0061015725 0380789035
60278,0449221482 0449221490 0449219364 0449219461 0449221512 0553279556 0449003787 0449223612 0553280341 0553284789
60287,0312278586 0385335881 0385335482 0385336179 0671027360 038550926X 0446679364 014028009X 0312422156 0375760911
60307,0060930535 0375707972 0440226430 0142000205 0316601950 0345337662 0671510053 0140293248 0446679593 0060987561
60319,0786881852 0684874350 0345413350 0316779423 044166251X 0804106304 0425175405 080410526X 0671693816 0679429220
60336,0316666343 0375727345 0312278586 0385505833 0385503822 0385504209 0743418174 0312291639 0385265700 0142004235
60337,0385420161 0671001795 0440226104 0060915544 0060922532 0061009059 0385505833 0670880728 0679781587 0446607657
60392,0452282152 0439064872 059035342X 044021145X 0446310786 0671021001 0316666343 0375727345 0060928336 0070212570
60400,0316666343 0060930535 0316284955 0312305060 0684874350 038550120X 0060392452 0671617028 0684865742 0375506039
60412,0345313860 0345337662 0345384466 0345351525 014028009X 034538475X 0451176464 0060976845 0440224675 0060928336
60418,0349101779 0099727412 0099771519 0552996181 0440236673 0671617028 044023722X 0312274920 0590660543 0140620168
60419,0345353145 0345378482 0140042598 044651862X 0446612545 0061015725 0446610038 0439136369 0345342968 0439064872
60424,0060934417 0345361792 0446606812 068484267X 0061097314 044023722X 0330332775 0671727796 0385512104 0060921145
60427,0330332775 0449221512 0552998486 0425154092 0684862719 0553280368 0449219461 0553279556 0446610038 0553280341
60439,0316693006 0316693200 0316603570 0316969680 0399150897 0385508042 0385511612 0316603287 0316602906 0399148639
60445,0440241073 0440224764 0440213525 0440214041 059035342X 044022165X 0440221471 0440234743 0440236673 0345370775
60461,0684874350 0312195516 0679429220 0446672211 0140280553 0684872153 0671027360 0679781587 044651862X 0070212570
60475,044021145X 0440221471 0440226430 0440222656 0440241537 0440214041 0440220602 0446611085 0440225701 0440211263
60476,014028009X 0316601950 0140293248 0385335881 0385335482 0385336179 0141000198 0446670251 0385335830 0312278586
60523,0380002930 0345342968 0446310786 0440498058 0060929871 0553211404 0316776963 0345391802 0679745203 0345413350
60546,0440234743 0446607657 0446604801 0446612790 0446605484 0446601241 0446606189 0446608815 0345441036 0446609404
60569,0440211727 0440214041 0440224764 0380731851 0671003755 0440226430 014028009X 0316666343 0671021001 0425180638
60583,0316096199 0375727345 0671003755 0142000205 0671038184 0345438329 0060987561 0385498802 0060928336 0449907481
60586,0552137030 0330332775 0099771519 0552124753 0330367358 0060938455 0590660543 0552131067 000649840X 0749397543
60621,0312976275 0446612790 0385504209 0312966091 0312971346 0312990456 0312265859 0671001795 0671027360 0446611212
60703,0312278586 0060928336 0446672211 0316096199 0385504209 0316776963 0316284955 0156027321 0385335482 0743418174
60707,0345465083 0440414806 0449003787 0060930535 0345436911 0061009059 0140293248 0140298479 0553213172 0451202503
60787,0345342968 0440224675 0425147584 0425143325 0743237188 0425109720 0316769487 0440206154 0399149325 0425116840
60797,0330367358 0312278586 0552996009 0671021001 0552998486 000649840X 0099771519 0552124753 0385512104 0679746048
60809,0552137030 0552124753 0312195516 0552131067 0349101779 0747532745 0552131075 0590112899 0553296981 0552128481
60823,0060930535 0671510053 0142001740 0312305060 0375726403 0060976845 0060934417 0449005615 044023722X 0345361792
60858,0312278586 0316769487 0142000205 0553279912 0060987103 0140298479 0060502258 006016848X 0446364193 043935806X
60905,0316096199 0385484518 0156027321 0385504209 0440220602 0743418174 0316666343 0440226430 0671027360 0446364193
60941,0316666343 055321313X 0553213172 0312195516 0553213180 0553213164 0679781587 0842329129 0440498058 0380778556
60944,0385504209 0385503822 0316693006 0385511612 0345417623 0385508042 0066214122 0316666009 0316603287 0553802496
60977,0345417623 0060987103 0060987529 0345353145 0446359866 0441003257 0380789035 0446667900 0345380371 0446605409
60978,0345370775 0345353145 034540288X 0440998050 0316666343 0312278586 0440414806 0345417623 044023722X 0385474016
61021,0440224675 0312924585 0345370775 0316769487 0451172817 0671041789 0345313860 0451160525 0451156609 0451177096
61028,044021145X 0553572997 0425144429 0440221471 006101351X 0451153553 0451190491 0345380371 0375725784 0451172817
61038,044651652X 0312195516 0440213282 0452282152 0440221315 0440176484 0440200563 0440220602 0440224780 0440193613
61042,0380789035 0060987103 0380789019 0316777730 0345361792 0441790348 0060938455 0064407667 059035342X 0439064872
61043,044023722X 0316096199 0380752891 0380759497 0671877135 0812548051 0446672211 0380759489 0345336038 0345337662
61049,0345417623 0671027360 0140067477 0451160525 043935806X 0425181685 0590353403 0441005241 0439139597 0609610597
61090,0312195516 0312278586 0316284955 0316096199 0385504209 0446672211 0060928336 0671021001 0316601950 0679781587
61114,0345446860 044651652X 0451191145 0553578308 0345348036 0440220424 0345391810 0345301110 0553284363 0316601950
61146,0064407683 0380789035 0345313860 0060987103 043935806X 0385730586 0345334531 0060928336 0609804138 0064407691
61147,0440211727 0345417623 0345370775 0618002219 0380002930 0440221471 0446672211 0062502182 044023722X 0345339703
61211,0380731851 0440222656 0385504209 0375727345 0842329218 0345339681 0842329129 0060930535 0446611867 0671027360
61216,0684872153 059035342X 0066214122 0316666343 0345353145 0425147622 0345370775 0440206154 0671011367 0345413873
61257,0316769487 0345342968 0446532231 0440180295 0441569595 0451526341 0060392452 0385504209 0345313860 0671004107
61271,0060915544 0060959037 0679781587 0671510053 0671003755 0060921145 067976402X 0425162443 0452282152 0684872153
61283,0345337662 0345384466 0345351525 034538475X 0345404319 0345397819 0312195516 0345409671 0345369947 0345422384
61296,0316769487 0375700757 0060502258 0142001740 0345337662 0449005615 0140119906 0156027321 0312195516 0375726403
61297,0671027360 0316666343 0156027321 0312195516 059035342X 3442541751 0060928336 3423202327 3423201509 3150000017
61317,0345351525 0385504209 0684801523 0671727796 034538475X 0345313860 0449212602 0553277472 0451524934 0399501487
61348,0451524934 0399501487 0316769487 0441569595 0451526341 0380789019 0060929871 0671021001 0060392452 0140067477
61354,0425143325 0425116840 0440234743 0425180964 0425147584 0425170349 0385504209 0440241073 0425122123 0425109720
61427,0060915544 0140244824 0440226104 0061097101 044651652X 0380730138 0671003755 0440235596 0316601950 0142000205
61494,3442541751 3150000017 3492045170 3423202327 3423201509 3426029553 3257229534 325722575X 3423202947 3257227809
61497,3150000017 3442541751 059035342X 3492045170 3423202327 3257229534 3423201509 325722575X 3423202947 3426029553
61524,0062502182 067976402X 0451176464 0446670251 0385335482 0671001795 0316781010 0446610038 0670844527 0679746048
61619,0375727345 0345370775 0060502258 0385265700 0142000205 0375707972 067976402X 044021145X 0452282829 0440206154
61634,3442541751 3423201509 3492045170 3423202327 3150000017 3426029553 325722575X 3257229534 3423202947 3442092981
61668,0345337662 0345313860 0345384466 0345351525 0380977788 034538475X 0345417623 0679429220 0425155404 0440224675
61704,0385498802 0385722206 0060958022 0385492081 0345438329 0446520802 0142001740 0684874350 0375412530 0671510053
61759,0316666343 0385504209 0142001740 0452282152 0743418174 0156027321 0345337662 0312195516 0316284955 0385486804
61762,3442541751 3150000017 3492045170 3423202327 3423201509 325722575X 3423202947 3426029553 3257227809 3442092981
61764,059035342X 3442541751 3150000017 3492045170 3423201509 3257229534 325722575X 3426029553 3442092981 3257227809
61775,0345313860 0345351525 0380789019 0345337662 034538475X 0345384466 0451524934 0060938455 0062502182 0345397819
61783,8408043641 8432206407 8445071416 8433969978 8477204055 8478884955 8420616893 8433925180 8423310353 8420483532
61798,0316693006 0399150897 0316602906 044651652X 0316603287 0385508042 0385497466 0385504209 0399146253 0399142851
61835,0452282829 0375727345 0671003755 0385265700 0385505833 0375706771 0345443284 0375726403 0142001740 0316601950
61845,0380814803 055329315X 0380753006 0380756250 0380750872 0671737791 0553565060 0380762587 0553289322 0671744216
61852,0316284955 0345342968 0060934417 0515121843 0060987529 0553274295 0316666343 0373218966 0373218400 0515127833
61854,0316666343 0345337662 0446670251 0312924585 0425107469 0385479565 0060976845 0446610542 0425128164 044011585X
61888,0316666343 0142001740 0060958022 0385504209 0385484518 0316776963 0316769487 0345387651 0151008116 0385510438
61901,0345339681 0842329218 0345339703 0446519138 0060938455 0842329129 0385505833 0743418174 0385504209 0385503822
61910,0440241073 0385504209 0553580191 0446606812 0425144429 044023722X 0345444884 0553582747 0061015725 0425124347
62009,0375725784 0449912558 0312282990 0060977493 0151008116 0316776963 0446391301 0525947647 0743418174 0374525641
62042,0060977493 0060934417 0449005615 0316666343 0375705856 0156027321 0375725784 0312421273 0679781587 0375726403
62100,038533334X 0449907481 0345438329 0399149155 043935806X 0399147195 0375703063 0449208672 0060934417 0439136350
62150,0552145424 0747551006 0747550999 0060938455 0552137030 0552124753 0330367358 0552146153 0590112899 0380002930
62151,0440214041 0440211727 0440221471 0440213525 0440220602 0440224764 0440234743 0440225701 0345380371 0440222656
62172,059035342X 0451526341 0446310786 0345413350 0786817070 0380789035 0679429220 0439064872 0446606812 0439136350
62193,0380731851 0312282990 0345413903 0671042262 0375726403 0375700757 0449005615 0316666343 0425182878 0446604844
62239,034540288X 0440414806 0553296981 055321313X 0345353145 0440220653 002542730X 059035342X 0439049989 0786868716
62272,0312966970 0316666343 0312976275 0312265859 0312980140 0312265867 0399149155 0312265840 0312983271 0312983867
62302,0451524934 0316769487 0399501487 0446310786 0345370775 0671021001 0451156609 0440180295 0451184963 059035342X
62303,0446532231 0060502258 0099387913 0316769487 0440236673 0349101779 0440180295 0345342968 0060392452 0141007338
62316,0385484518 0786868716 0451191145 0316769487 0375700757 0671708635 0316666343 0804106304 0671250671 0446532231
62339,0099771519 0385504209 0399501487 0671011367 0140276904 0345351525 0553573136 0142001740 000649840X 0671011375
62348,0312282990 0142001740 0156027321 0345339703 0345339711 0385504209 0385486804 0316284955 0316666343 0743418174
62367,3442541751 3150000017 3423202327 3492045170 3423201509 3426029553 325722575X 3423202947 3257229534 3442092981
62378,0446604666 0385265700 0440241073 0061097853 0061092606 044022165X 0440180295 0140143505 0446605409 067976402X
62381,0316666343 0060928336 0446672211 0440226430 044021145X 0312195516 0440213525 0316776963 0684872153 0671021001
62410,0449212602 0345417623 043935806X 0590353403 0345337662 0439064864 0439139597 0312195516 0439136369 0345370775
62457,0671027360 0385504209 0671027387 0385508042 043935806X 0345417623 0440206154 0312282990 0061015725 0385511612
62464,0060976845 0446310786 0142000205 0060987561 0671510053 0375707972 0060502258 0316601950 0449907481 0440206154
62471,0345337662 0345370775 0345378482 0671004107 0812548051 0812550706 0553573403 0441172717 0345314255 044651652X
62475,0316776963 059035342X 0440498058 0064472272 0440998050 0440487617 014131088X 0380002930 0345337662 0385722206
62511,0312966091 0671001795 0312980140 0312971346 0312966970 0312983867 0312976275 0312265859 0312990456 044023722X
62542,0385503822 0142001740 0446607657 0316666343 0316693006 0312966970 0316601950 0316969680 0385505833 0375726403
62546,0345342968 0316769487 0451524934 0060929871 0399501487 0385486804 0156027321 0385504209 0451191145 0679745203
62558,0345337662 0441003257 0142001740 0345361792 0385486804 0345313860 0060976845 0441002935 0399501487 0441790348
62575,0345391802 034538475X 067102423X 0553562614 0345335465 0804106304 0140042598 0553582755 074343627X 0316776963
62582,0515131229 0515132020 051513287X 0515121843 0515126772 0515128546 0515128554 0515130389 0425154092 0515133973
62586,0425180964 0425109720 0440225701 0425116840 042510107X 0425150143 0425170349 0440234743 0440241537 0440236673
62592,039480001X 0140374248 0440940001 039480029X 0590414291 0717283208 0553274295 044651862X 0394829085 0394800206
62625,0156027321 0312305060 0060977493 0060987103 0375725784 0452282152 0375726403 0156028778 0385722206 0446531332
62662,0345417623 0440241073 044022165X 0440234743 0440211727 0446359866 0345380371 0345353145 0440225701 0440224764
62667,0440241073 044023722X 0440224764 0440236673 044022165X 0440211727 0440225701 0440214041 0345417623 0446364193
62670,0316666343 0385504209 0099771519 0060928336 0385486804 0316096199 0156027321 0552137030 0552998486 0060976845
62680,0060392452 0385335482 0743418174 0446532231 0060938455 0385335881 0312278586 044022165X 0440226430 0440213525
62688,0399144463 0786817070 1563890119 0440234743 055329802X 014025448X 0345413369 0060809833 0553297988 038070613X
62716,0345339681 0440498058 0064400557 0060959037 0060987529 0060915544 0440487617 044021145X 0064472272 0060987103
62753,0440414806 055321313X 0553213148 0671617028 0440998050 0316769487 014025448X 0399501487 0446611212 034541389X
62755,0316776963 0380789035 031242227X 0060938455 0525947647 0671027360 0142002267 014029628X 0312278586 0385722206
62809,0345342968 0671695126 0312278586 0671003755 0671729411 067164257X 0671868691 0671695169 0312925883 0671534734
62862,044023722X 0375707972 0316601950 0375706771 038079487X 0375700757 0743418174 0142000205 0679781587 0385265700
62881,044021145X 0440213525 0440234743 0440241073 0451167317 044022165X 0440236673 0440221471 0451172817 0451156609
62891,0316769487 0312924585 0451526341 0060929871 0440213525 0671021001 0345337662 0345342968 0451524934 0140293248
62895,0552137030 000649840X 0552124753 0330332775 0552998001 0330267388 0349101779 0062502182 0440221471 0590660543
62929,0312966806 0440213525 0671021001 0440226430 0312974256 0440221471 0385336179 0446679364 0312278586 0380731851
62954,0316601950 0316666343 0446610038 0316096199 0060976845 0446531332 0671001795 0446605239 0316969443 0684853515
62958,0345313860 0345335511 0441003257 0451526341 0345335651 0399501487 034538475X 0345351525 0345337662 0451169530
62966,0385335482 0385336179 0385504209 0385335881 0060096195 038550926X 0373250126 0060085452 0060928336 0385336810
62968,067102423X 0440206154 0670868361 0375504397 0345444884 0440224675 0451156609 0066214122 0451184963 0451167317
63004,0060928336 0446672211 0060976845 0312195516 0452282152 0452282829 0375706771 0671021001 0375707972 068484477X
63044,0385512104 0449005615 0060921145 0060934417 0380977788 0684874350 0060977493 0743422910 0553572997 0060958022
63061,0375702709 0375506039 0312305060 0671038184 0316601950 0375703063 0425162443 0440122090 0590457225 0316782505
63166,0312278586 0316284955 0316096199 0312195516 0385504209 0156027321 0679781587 0446672211 0671021001 0151008116
63182,3442541751 3150000017 3423202327 3492045170 3423201509 3257229534 325722575X 3426029553 3442092981 3257227809
63228,0060976845 044023722X 0375725784 0452282152 031242227X 0425147622 0440439884 0452283205 067976402X 0312961324
63243,0440241073 0553582755 0446672211 0345391802 0553279912 0439136369 0060928336 0553280341 0345361792 0449219364
63246,3442541751 3150000017 3492045170 3423202327 3423201509 0156027321 3426029553 3257229534 325722575X 3257227809
63252,0316666343 0786868716 0425115801 0060256672 0060256737 0842329129 0842329218 0060248025 0786817070 0439064872
63323,0440215625 0440217563 044022425X 0345350499 0345335465 0375706771 0375707972 0345327861 0345368932 0609610597
63357,067088300X 0060930535 0553279378 0375702709 0385504209 037570504X 0312291639 0375700757 0345337662 0316096199
63358,0446364193 0425163407 0446610038 0380718340 0425180638 0446607657 0446611212 0380718332 0425169863 0425158616
63360,0345351525 034538475X 0345384466 0345370775 0345339711 0345339738 0345422384 034540288X 0440206154 0345339681
63389,0312195516 0060959037 0671003755 0385504209 0679781587 0060928336 0060976845 0452269571 0452282152 0060934417
63394,0451526341 0345313860 034538475X 0345384466 0345337662 002542730X 0441003257 0316096199 0141000198 0345348036
63405,0316777730 0345361792 014023313X 0345391802 0316769487 0439139597 0385505833 043935806X 0684833395 0312421273
63452,059035342X 0439136369 0312195516 0142001740 0439064872 0345370775 0439139600 0446605239 0553296981 0804106304
63494,0440213282 0440217547 0515131229 0440176484 0373218192 0440201926 0345337662 0440111811 0515132020 0385332963
63503,0345348036 0671510053 0451191145 0380002930 0441790348 0345391055 0312995423 0553284363 0553582364 0671250671
63506,051513287X 0515132020 0446605239 0515130389 0515135062 006101351X 0142001740 0446606812 0449003787 0446610038
63507,0440226430 0345361792 0446310786 0375706771 0446605239 044651862X 0385484518 0140067477 0345443284 0060977493
63545,0316666343 0385504209 0446672211 0385484518 0375727345 0142001740 0440226430 0446605239 0385503822 0385511612
63595,0515136379 0515136530 051513628X 0515128554 0373218036 0373835922 0380820854 0373218958 0515137111 0515124214
63625,0446672211 0060928336 0345339703 0316666343 0345337662 0440241073 0385484518 067976402X 0671021001 059035342X
63629,0425154092 0446364193 0425163407 0425158616 0425169863 0380718340 0380718332 042516098X 0380710218 0345387651
63643,0440211727 0440214041 044021145X 044022165X 0671021001 0446532231 0440220602 0671027360 0440221471 0316666343
63650,3442541751 3150000017 3423202327 3423201509 3257229534 3423202947 325722575X 3426029553 3257227809 3442092981
63665,0316601950 0440224675 0446670251 0140298479 044651652X 0060930535 0380012863 0375706771 038550120X 0971880107
63714,0060987103 0345313860 0062502182 0440211263 0786868716 0553572997 0380789019 0140298479 0385505833 0380002930
63765,0385504209 0671021001 0385335482 0316666343 0385336179 0743418174 0385335881 0385486804 0446670251 0375706771
63812,8408043641 8432206407 8445071416 8433969978 8477204055 8478884955 8420616893 8433925180 8420483532 8423310353
63849,0446606812 0553279378 059035342X 0440219078 0345339703 0060976845 0440224853 0345350499 0446310786 0060928336
63854,0312980140 0312265859 0671001795 0312306326 0312195516 0312990456 0385508042 0440206154 0312983867 0316788228
63865,0312966091 0312971346 014025448X 0140254544 0061009059 0312195516 0440214041 0312980140 0312983867 0312976275
63905,0062502182 0380789035 0375706771 0380789019 0451524934 051513287X 0439064872 0440180295 0312980159 0312278586
63918,0440206154 0345370775 0312966091 0312976275 0312971346 0061009059 0312966970 0345353145 0385479565 0385474016
63923,0345313860 0345351525 034538475X 0345384466 0140298479 0345337662 0316769487 0140293248 0312924585 0452269571
63924,0345370775 0345380371 0312924585 0345378490 0345337662 034540288X 0345391055 0345417623 0440211727 0345378482
63938,0446672211 0385265700 0142000205 0316776963 0316666343 0060959037 0452282829 0060928336 0312278586 0140293248
63956,0385484518 0060921145 0446310786 043935806X 0590353403 0316601950 0786880708 0380002930 0439064864 0671727796
63993,0440220602 059048351X 0440225701 044651652X 0590453653 0446608815 0385504209 0316666343 0440234743 0590466194
63998,0439064872 0439136369 0439139600 0440222656 0671021001 0060928336 0446608955 043935806X 0345370775 0440235596
64010,0060915544 0684801523 0380002930 0060921145 0440211727 0684874350 0679720200 0440998050 0671001795 0060959037
64015,0786881852 0399501487 0375504613 0446310786 0060915544 0804106304 0316666343 0060929871 068484477X 0684801523
64041,014028009X 0316666343 0140293248 0316096199 0385335482 0312278586 8806143042 0060928336 0312422156 880781210X
64063,0375727345 0375707972 0142000205 0446605239 0316601950 0060959037 0316666343 0375700757 0375706771 0316781266
64073,0452282152 0316601950 0375702709 0316569321 0060959037 0375726403 0375707972 0312195516 0679781587 0375700757
64075,0440226430 0385335482 0142001430 044023722X 0385484518 059035342X 0439064872 0385335881 0312278586 0061009059
64076,0440234743 0553560719 0553296124 059035342X 0385504209 0439064872 0439136369 0440225701 0553297988 055329802X
64086,0316601950 0446605239 0446606812 0446608955 0446531332 0446610038 0425180638 0446610399 0446611867 0375706771
64111,0345337662 0345313860 0345351525 014028009X 0446670251 0060502258 0312924585 034538475X 0312291639 0440224675
64120,0373710992 0373218192 0671617028 031298328X 0373710984 0786868716 0373218966 0373218036 0373711026 0515136530
64126,0446672211 0060928336 0440226430 0345443284 0375707972 0375706771 0142000205 0671510053 0060930535 0375702709
64137,0316096199 0446672211 0312195516 0671021001 0743418174 0316601950 0316284955 0312278586 0440226430 0385504209
64183,059035342X 0439064872 0439136369 043935806X 0439139600 0099771519 0345350499 0452282152 0451166892 0671027360
64185,0064407667 0440219078 0385335881 0156027321 0385486804 0553296981 0446310786 0316769487 0385729332 014034294X
64186,0060928336 0060915544 0449212602 0060921145 0345337662 0684874350 0312195516 0380012863 0671001795 0440211727
64197,0156027321 0099771519 0140071814 0330332775 0375703861 000649840X 0330375253 0552996181 0380977788 0375758992
64220,0345417623 044023722X 0684872153 0425180638 0440225701 0060987103 0440206154 0449003787 0440241073 0446604666
64241,0449212602 0446605239 044021145X 0452264464 0140119906 0446672211 0440211263 0618002219 0060977493 0441569595
64247,0385504209 0671003755 0316601950 0385486804 0312195516 0375703861 0684874350 0399144463 006101351X 0060930535
64249,0316601950 0385335482 0671027360 0440226430 0679731148 0140293248 0446670251 0446310786 0373250126 043935806X
64270,0156027321 0385504209 0316666343 0452282152 0312195516 0060934417 0142001740 0312305060 0452283205 0316096199
64271,0842329129 0842329250 0842329269 0842329277 0439064872 0842332251 0842329285 0440222656 0842329161 043935806X
64310,0440234743 0440211727 0385503822 0316693006 0446612790 0446601241 0446604801 0446607657 0440220602 0446610038
64316,0440212561 0099771519 0330332775 0156027321 000649840X 0440217563 0425152251 0091867770 0552998001 0385335482
64333,0345417623 0590353403 0140298479 0439139597 043935806X 0618002227 0618002219 0439064864 0439136350 0449212602
64344,0439064872 0439136369 0439139600 043935806X 0439139597 0439136350 0439064864 0446608955 0312195516 0385504209
64346,0440206154 0440224675 0345380371 0451167317 0451137965 0451156609 0451176464 0060928336 0451132378 0451160525
64358,0380718340 0425169863 0425175405 0425180638 0399143947 0684874350 0446310786 0345350499 0385424728 0399145087
64373,2253063339 2253150711 2253044903 2070360024 2266023039 2290311782 2205054252 2253057843 2070408507 2253152846
64396,0385492081 0345413350 0449005615 0671510053 0385512104 0060930535 0553582747 0345413903 034541389X 0385486804
64429,0312291639 0385335482 0060928336 0060987103 0385722206 0140298479 038079487X 0679746048 014028009X 0679781587
64435,0684874350 0312195516 0060392452 0312282990 0385504209 0679781587 0060175966 0380813815 044651862X 0671027360
64436,0142001740 0743418174 0312291639 0316666343 0316096199 0375727345 0375700757 0385504209 038550926X 0385335830
64440,0525947299 0385503822 0156027321 0316693200 014025448X 0385504209 0441790348 0385493800 0671027360 0385497466
64448,0099771519 0552996009 000649840X 0312278586 0552124753 0552137030 0590660543 0749397543 0099747200 0590112899
64449,0425154092 0380718340 0425180638 0425163407 0425147622 0380718332 0425158616 0380717018 0440224764 0446610038
64528,0446672211 0375706771 0440234743 0553272535 0671003755 0440225701 0062502182 0440226430 0375727345 0060391626
64535,0345337662 0440221471 034538475X 044021145X 0345384466 0440214041 0440236673 0440211727 0440224764 034540288X
64589,059035342X 0553250426 0451167317 0553250531 0553273914 0451176464 0066214122 0440211727 0451156609 0679429220
64625,0316769487 0440180295 0060916508 0553268449 0316776963 0316569321 0671250671 0060256672 014023313X 0140042598
64629,034540288X 059035342X 0345353145 0345380371 0440211263 0452282152 0312195516 0060502258 044022165X 0345378490
64679,0452282152 0375726403 0312195516 0142001740 0156027321 0140254544 0385722206 0316601950 0345438329 0345361792
64726,2253063339 2253150711 2253044903 2266023039 2070360024 2253152846 2290311782 2205054252 2253057843 2070408507
64743,0316666343 0316096199 0316776963 0385504209 0385335482 0440226430 0142001740 0060938455 0670880728 0375725784
64763,0060959037 0385484518 068484267X 0060921145 0060915544 0316899984 0140067477 0385720106 0316776963 0452282829
64765,0316601950 0385720106 0380730138 0671003755 0312195516 0375727345 0446672211 0452282829 0671021001 0671038184
64769,0312195516 0316666343 0452282152 0385504209 0385720955 0142001430 0316284955 0375727345 0060959037 0380731851
64779,0425109720 0425143325 0425116840 0385504209 0553250426 0345380371 0425180964 042510107X 0425147584 006101351X
64783,0425109720 0425143325 0425147584 042510107X 0425180964 0425083837 0316776963 0425170349 043935806X 0440241537
64803,0312278586 0553582747 0451166892 0425144429 059035342X 0451176464 0425107469 0553579754 0553580191 0316666343
64806,0375706771 0375727345 038079487X 0312291639 034529873X 0345350499 0345444884 0451202341 0451172817 074343627X
64846,0312195516 0142001740 0446672211 0060976845 0671021001 0316666343 0060959037 0671003755 014028009X 0375727345
64903,0316666343 0446532231 0060938455 0671027360 0064407667 0316777730 0451524934 0312195516 0060987529 0060987103
64908,0671510053 0345337662 0684833395 0451191145 0345361792 0345369947 0345348036 0553284363 0609804138 0345391055
64946,0380789019 0671041789 067976402X 0812550706 0553582747 0671510053 0312421273 0375725784 0345413350 0345443284
64948,067976402X 0679745203 0060976845 0345339681 0671510053 0786867647 0345378490 0060915544 0553560247 0836218353
65004,059035342X 043935806X 0439139597 0439136350 0439064864 0590353403 0064407675 0060928336 0345339681 0345339703
65027,042513525X 0425107469 0553582747 0345386108 0345378490 0425144429 0425121259 044021145X 0345384369 0425142485
65032,0446310786 0060928336 0553296981 0446605239 0064407667 0439064872 0440414806 0385504209 0553280414 0385484518
65038,0140067477 0515134465 0441304834 0064407675 0345423402 0515134457 0688177751 0515133876 0515134481 051513449X
65056,0446612790 0446612545 0446607657 0440241073 0446610038 0425180638 0451208765 0425189864 0425182878 0553582526
65068,0385493800 0446609404 0425158616 0440212561 0515128546 0515128554 0385497466 0515132020 0515126772 042517140X
65098,059048351X 0590568744 0590494457 0399144463 0590466194 0590483552 0590494465 0590483455 0590568752 0590483501
65132,0515133973 0515131229 0345342968 051513287X 0515120618 0446610038 0553572997 0515132020 0330332775 0671674366
65145,0385504209 0440241073 044023722X 0312195516 0440214041 0380731851 0440235162 0440211727 0671027360 0345413903
65183,0345413369 0312195516 0060987103 0060392452 0064407667 014028009X 0380789035 0064407675 0060938455 0380728133
65191,0385504209 0345370775 0345402871 0345378490 0156027321 0671027387 0671027360 0066214122 0060987103 034540288X
65192,0142001430 0316666343 0553562614 0553573314 0156027321 0312278586 0553560735 0345413350 0380788624 0140374248
65208,0385504209 059035342X 0156027321 0439064872 0060930535 043935806X 0060987103 0151008116 0316666343 0375725784
65228,0440241073 0446611212 0440241537 0446610038 0440236673 0425182908 0425182878 0425178765 0446607657 0440234743
65238,0142001740 0446310786 0345342968 0060987529 0452264464 0670868361 0679781587 0060921145 0060915544 0452279178
65244,0345337662 0441172717 0440224675 0425109720 0425122123 0345314255 0312924585 0451167805 0425116840 0880381736
65258,067976402X 0316666343 0060392452 0375727345 0671021001 0060928336 0671004107 0316601950 038550120X 0440223202
65323,0385484518 0684874350 0553375407 0786868716 0156027321 0099771519 044651652X 0743224574 0440226430 0099245027
65334,0440215625 059035342X 0060934417 0440212561 0440217563 0142001430 0609610597 0345350499 044022425X 0553572997
65350,0446606812 0140293248 0446608955 0446610399 0316666343 0446611867 0440226430 044651652X 0060928336 0385504209
65370,0671027360 0385504209 0312995423 0061015725 0066214122 0399150897 0446611611 0553582747 043935806X 0385510438
65377,0316777730 059035342X 0439064872 0380789035 0441003257 0446600660 0671041789 0312282990 0345361792 0345339703
65398,059035342X 0345342968 037582233X 0064400557 0440414806 0446365386 0312243022 0439064872 055321313X 0439136369
65444,0142000205 0671003755 0375727345 0671021001 0316601950 0316096199 0312278586 0312195516 0060928336 0375706771
65484,0446610038 0553578693 0446611212 0446612545 0312995423 0515131229 0515132020 0553584510 0515135062 0553582747
65487,0452282152 0385504209 0316666343 043935806X 059035342X 0439136350 0312195516 0439064864 0590353403 0439139600
65497,0345353145 0345391055 0345386108 0440206154 0425121259 0312924585 0345384369 0425128164 0425144429 0425124347
65549,0312195516 0156027321 0316666343 0679781587 0142001740 0375700757 0312282990 0385504209 0060958022 0452282152
65584,0553582747 0312291639 0671027360 0380731851 044023722X 0440236673 0446611867 0140293248 0446610038 0440226430
65645,0316601950 0446672211 0062502182 0553564528 0553582526 055356451X 0449006522 0553579606 0553292722 0451183665
65653,0060928336 0452282152 0446672211 0316601950 0671021001 0345439104 067976402X 0060959037 0345443284 0060915544
65663,0345370775 0345417623 0345378490 034540288X 0440222656 0345380371 0440206154 0312195516 0553289411 0440220602
65665,0743418174 044651652X 0061057649 0413537900 0142001430 0345337662 0446610399 0552124753 0330267388 0425172546
65710,0440214041 0440224764 044021145X 0440213525 044022165X 0440221471 044023722X 0440236673 0440234743 0440220602
65752,0440212561 0440215625 0439136350 0345342968 044022425X 0061097314 0440217563 0439064864 0446611867 038542017X
65769,0439064872 0439136369 0380789035 0439139600 0380789019 0552131067 0552128481 0064407667 043935806X 0552137030
65791,0385504209 0679781587 0316666343 0156027321 0312195516 0671027360 0375726403 0142001740 0316776963 0312282990
65817,0316601950 0345337662 0671021001 0060930535 0345350499 0312195516 0671708635 059035342X 0060976845 0375706771
65819,043935806X 0439136350 0345339681 0439064864 0439139597 0553296981 0590353403 0316666343 0385504209 0439139600
65837,0312195516 0345443284 0446672211 0671038184 0375727345 067976402X 0060959037 0446675059 0375703055 0375502238
65844,0552137030 0099771519 0330367358 0590660543 0330332775 0590112899 0091867770 0349101779 0552124753 0552998001
65877,0446605239 0515130389 044023722X 0446606812 0440226430 0312291639 0316666343 0743418174 0671014196 0515135062
65913,043935806X 0553578022 0553582127 0515136530 0440212561 0515130389 0515131229 0061097101 0425177173 0515136379
65946,0375727345 038079487X 0440226104 0440206154 0440224675 0061097101 0451207521 0142000205 0380730138 038572179X
66000,0156027321 0330332775 0552998486 0140620222 0385512104 0099771519 0590660543 0140071814 0425152251 000649840X
66017,044023722X 0060928336 0060959037 0452282152 0679781587 0452282829 0060930535 0316284955 0440211727 0375705856
66055,0385504209 0316666343 0440234743 0446531332 0345417623 0385508042 0312278586 0446610399 0385503822 0671027360
66073,0345337662 0345313860 0345351525 0142001740 034538475X 0345350499 0452282152 0345369947 0070212570 0345404319
66088,0553296981 0684874350 0804106304 0345387651 0449912558 0684872153 0743224574 0679457526 068484267X 043936213X
66100,0743418174 0385335881 0385335482 0316776963 0312278586 0060096195 0142001740 0316666343 0385335830 0312291639
66129,0671027387 0804106304 0671027360 0446677450 0451169530 0345335708 0425152251 0345335651 0140293248 0399501487
66255,2253063339 2070360024 2253150711 2253044903 2266023039 2205054252 2253057843 2290311782 2070408507 2253152846
66323,0316601950 0375707972 0316666343 0060930535 0375706771 0671003755 0375700757 0446672211 0060928336 0345417623
66337,034536676X 0441569595 0671004107 0345337662 0316769487 0553562614 0441004520 0375725784 0441005241 0441790348
66370,0312195516 0452282152 0345370775 059035342X 0671021001 0316601950 0060930535 0375707972 0385265700 0385720106
66387,0440224764 0425154092 0440214041 044023722X 0440213525 0440211727 0425169863 0425180638 0440220602 0425147622
66423,3442541751 3150000017 3492045170 3423202327 3423201509 3426029553 325722575X 3257229534 3423202947 3257227809
66428,0590494457 059048351X 0590568744 059045367X 0590483552 0590568752 0590483501 0440225701 0590483447 0375706771
66443,0671021001 0440224764 0385335482 0440213525 044022165X 0385335881 0316284955 0440220602 0385336179 0440235596
66473,0446608955 0446611867 0440226430 044023722X 0446672211 0312278586 0316666343 0671021001 0060928336 0385484518
66483,3442541751 3423201509 3492045170 3423202327 3426029553 3150000017 325722575X 3423202947 3257229534 3442092981
66485,0747532745 3442541751 0316666343 3423201509 0552146145 3404118960 3423202327 3426029553 3492045170 3423202947
66487,043935806X 0446310786 0439139600 059035342X 0439064872 0439136369 0316666343 0451526341 0060977493 0345342968
66518,0440241073 0446610038 0679781587 0446607657 0446601241 067976402X 0446605484 0446612790 0440224764 0345439104
66523,0316666343 0679781587 0060928336 0385504209 0446672211 0452282152 0449212602 0316601950 0060959037 0316284955
66533,0060959037 0312195516 0142001740 0375727345 0452282152 0375707972 0316601950 0385504209 0452282829 0671003755
66555,3442541751 3150000017 3423202327 3423201509 3492045170 3442092981 3257229534 3423202947 3426029553 325722575X
66556,0451190521 0451163524 0451172817 0451160525 0451156609 0451176464 0451184963 0451167317 0451186362 0451180232
66574,0060928336 0385504209 0312924585 0451524934 0316769487 0345337662 0440224675 0451172817 0345351525 0684801523
66591,0446610038 044023722X 0449003795 0425180638 0671027360 0449003787 0425177173 0312995423 0446612790 044922046X
66599,8408043641 8433969978 8432206407 8445071416 8477204055 8478884955 0312924585 8420616893 0140298479 8478886451
66619,0060987103 0385335482 0446608955 0375725784 0060928336 006101351X 0439404371 0671693816 014028009X 0439064872
66624,044651652X 0679746048 0385335482 0312278586 0425175405 002542730X 0425169863 0385335881 044651862X 0671003755
66640,0385504209 0385505833 0385503822 0312305060 0671027360 044023722X 0385510438 0312265867 0316666343 0385511612
66663,0385504209 0060977493 0671880314 006101351X 0425162443 0425167313 0684801523 0385335881 0684848783 0446605239
66680,038079487X 0060391626 0440226430 006101351X 0375706771 0375504397 0451184963 0380718340 0425147622 0375702709
66708,0316666343 0385335482 0679746048 0316096199 0316969443 0425167313 0425147622 0399143947 0385511612 0385335881
66765,0385504209 0425180964 0385511612 042510107X 0425116840 0425143325 0425170349 0385508042 0440236673 0345417623
66789,0446610038 0446607657 0440241537 0446612790 0446605484 0446611212 0425121631 0425163407 0425172546 0446608815
66792,0156027321 0385492081 006101351X 0385512104 0345427637 0385509510 0449005615 0345446860 0441172717 0446516538
66797,0375700757 0553375407 067088300X 0786881852 0345348036 0553279378 0060256672 0553277472 0553289691 0440111498
66842,0380789035 0312282990 0385722206 0385504209 0316776963 0142002267 0609608444 0671027387 0743224574 0393317552
66853,0440211727 044021145X 0345380371 0440222656 0440213525 0440220602 044651652X 044022165X 0446364193 0440224764
66878,0385722206 0440234743 0385504209 0345438329 0316569321 0316969680 0375727345 0394820371 014029628X 0385503822
66938,0345423402 0441304834 0441000916 0441001971 0425181685 0441002935 0515133876 0441003745 0441004520 0345384466
66942,0345361792 0380789035 0316769487 0440206154 0439139600 0440226430 0439064864 0671510053 0684872153 0345424719
66945,0385335881 0385336179 0312278586 0140293248 0060928336 0060096195 0385504209 0446670251 0743418174 0316666343
66953,0425154092 0425147622 0425180638 0440224764 0380718332 0425158616 0446601241 0380710218 042516098X 0440226430
66956,0446532231 0449005615 0671027360 0525947647 0312282990 0671027387 0060987103 0385504209 0380813815 043935806X
66960,044023722X 0440220602 0440241073 0449221512 0440225701 0440236673 0553271636 0449223604 044022165X 0449219461
66964,0345391802 0345342968 0060929871 0446310786 0451526341 0345391829 0439136350 0440180295 0452280621 034538475X
67034,0312291639 0515130389 0373218192 0515135062 0373218036 0671014196 0515133973 0515131229 0446611867 0385315309
67053,0349101779 0552996181 0380977788 0099771519 0385722206 0375703861 0590660543 0156027321 0590112899 0670031909
67079,0552131067 0552134635 0552145424 0552137030 0552147680 0552146153 0590660543 0552146161 0747546290 055214598X
67085,0345351525 0312195516 0345384466 034538475X 0060930535 044651652X 0679429220 0345404319 0345334531 0345397819
67111,3442541751 3150000017 3492045170 3423202327 3423201509 325722575X 3257229534 3423202947 3257227809 3442092981
67174,0345353145 0345342968 0684801523 0441569595 0345378490 0380002930 0316769487 0345350499 0345391802 0060502258
67176,0380731851 0671027360 0446611867 0312995423 0446610399 0446611611 0425182908 0451203771 044023722X 0440241537
67178,0345353145 044021145X 0345386108 0345380371 0440224675 0345378490 0425107469 0451183665 0440214041 0345391055
67187,0440241073 0440236673 0440234743 0345417623 0440221471 0061015725 0440225701 0440220602 0440241537 0440211727
67198,0439136369 0345337662 059035342X 034538475X 0345350499 043935806X 0345351525 0439139600 0345313860 0439136350
67236,0345370775 0345353145 0440234743 0345402871 0440221471 044023722X 034540288X 0345378490 0066214122 0440241073
67242,0380789019 0060392452 0441569595 0441172717 0812550706 0380789035 0345413350 0060938455 0552128481 0552131059
67270,0156027321 0142001740 0452282152 0060928336 0316776963 0553273914 0380731851 0385486804 0451166892 0385722206
67288,0446612790 0316693006 0446607657 0316666343 0446611212 0316602906 0385503822 0399150897 0553578693 0316969680
67296,044021145X 0345353145 0345380371 0440213525 0345378490 044022165X 0440211727 0440221471 0440220602 0440234743
67322,0312306326 0446606189 0440224764 044021145X 044651652X 0446603716 0446601241 0312990456 0440213525 0316693006
67351,059035342X 0439139597 0439064872 0439136369 0440215625 043935806X 0060959037 0060513640 0439064864 0671744216
67354,0316666343 0446672211 0451184963 0671042858 067102423X 0451163524 0451177096 0345342968 0140244824 0316769487
67358,0385504209 059035342X 0440234743 044023722X 0060930535 0345339703 043936213X 0440241073 0345339711 0345354613
67364,0441000916 0441304834 0441001971 0441003745 0441002935 0441004520 0345337662 0425181685 0345384466 0345351525
67375,0380759470 0345353145 0380759489 0380759497 0345347536 0345318854 0345313151 0345354931 0345322215 0345338588
67397,0451180232 0345337662 0345417623 0451177096 0451160525 034538475X 0451172817 0440234743 0553580221 0451156609
67402,0439064872 0439136369 0439139600 0345342968 044023722X 0312291639 0449005615 0316776963 0671004530 0142001740
67403,0060392452 0380789035 0060987103 0345417623 0671004107 0380789019 0345413350 0441172717 0441569595 0441790348
67415,0449003795 0553279556 0553279912 0449221482 0449223604 0449003787 0446364193 0425163407 0425154092 0316284955
67442,0316666343 0375726403 044023722X 0446679364 0060502258 0312983824 0440234743 0316781266 014028009X 0060987103
67487,0385504209 0446364193 044021145X 044022165X 0440214041 0440224764 0440211727 0440220602 0440236673 0440221471
67494,068484477X 0804106304 0684872153 0060915544 038572179X 068483376X 0060934417 0060921145 0060977493 0312195516
67497,3442541751 3492045170 3150000017 3423201509 3423202327 3257229534 325722575X 3426029553 3423202947 3257227809
67515,0671027360 044023722X 0060987103 0385504209 043935806X 0425143325 0061015725 0671027387 0425180964 0425147584
67542,0385504209 043935806X 0440241537 0671027387 059035342X 0439139597 0060392452 0345413903 0061015725 0439136369
67544,0375706771 0060930535 0452282829 0446672211 067976402X 0452282152 0060976845 0375707972 0060928336 0312195516
67547,0375725784 0060938455 0156028778 006099486X 0060987103 0060987529 0374199698 0312278586 0385503857 0375726403
67591,0316601950 0345361792 0375706771 0060928336 0312195516 0679781587 0679429220 0060987561 0684874350 0385492081
67627,0446611212 0425180964 0842329218 0842329129 0316666343 0345417623 0375727345 0440222656 0842329242 0671041789
67663,0449005615 0385722206 0142001740 0060958022 0312305060 0156027321 0316776963 0786868716 0142004235 0060938455
67677,0515135062 0515136530 0373218192 0515136379 0060987103 0385504209 0446605239 0373218397 0515131229 0452282152
67693,0446672211 0440213525 0440211727 0671670689 0671759345 0671534734 0671534718 0440220602 0451153553 0440214041
67694,044651862X 0553375407 0142001740 0446605239 0446612545 0345337662 0671250671 0062502182 0425175405 0312195516
67775,0312278586 0312983824 0373825013 0316666343 0373825021 0446610542 0671021001 0142000205 0373226314 0345413369
67778,0425152251 0446606812 0345313860 0140440046 0345384466 059035342X 034538475X 0345369947 0316666343 055357258X
67782,0590568744 0399144463 0590494457 0590483552 0590466194 0590494465 0590568752 059045367X 059045370X 0590483447
67785,0316666343 0099771519 0345361792 0671510053 067976402X 0446672211 0684872153 0804106304 0446532231 0062502182
67796,0842329218 0842329129 0842329242 0842329250 0842329269 0842329277 0440222656 0310205719 0684814994 084233226X
67810,0375706771 0060928336 0446672211 0316666343 0671021001 0553582755 0060976845 0375727345 0312195516 0380730138
67838,0060987561 0385498802 0553272535 0446606812 0553574574 0380018179 0451526341 0446394521 000649840X 0060958022
67840,0446611212 034541389X 0345413903 0440241073 0425182878 0446612790 0446611778 0446611638 0446610038 0449003795
67910,0345417623 0425180964 0440225701 042510107X 0440236673 0425116840 0440221471 0425109720 0425147584 0440211727
67930,0440226430 0446611867 0440224837 0440217547 0446610399 0380018179 0515130389 0440184053 0743418174 0440213282
67958,0151008116 0142001740 0312195516 0345443284 0345337662 0375400117 0375726403 0743418174 0449003787 0385474016
67992,0345361792 0156027321 0375703861 0345391802 0345342968 0399143947 0399149325 0140298479 0446606189 0316769487
68000,0064407667 0345370775 0553296981 0440219078 0553274295 0440940001 0590634275 0380698714 039480001X 0385335881
68004,0446611212 0446610038 0446607657 0446364193 0446612790 0446608815 0446609404 0440241073 0446606189 0446612545
68014,0099771519 0330332775 0349101779 0312305060 0061015725 0316769487 0330367358 0552996181 000649840X 0590660543
68050,0156027321 0142001740 044023722X 0375726403 0446672211 0452282152 0385722206 0316666343 067976402X 0312305060
68067,0552124753 0099771519 0440498058 0552131067 0446310786 0061020710 0439425220 0330375253 0061057649 0553262505
68073,0385504209 059035342X 0786881852 0679781587 0385484518 0439064872 0671027360 0451526341 0446610038 0452281903
68081,0671021001 0312278586 0385335482 0316666343 0380730138 0375727345 0316601950 0446610399 0446608955 0385265700
68128,0345342968 0345370775 0440206154 0345417623 0441569595 0446310786 0345380371 0425080021 0441172695 0345353145
68156,006101351X 044023722X 0440226430 0449003787 0425147622 0345387651 0446607657 0425175405 0060502258 0446610038
68184,0446672211 0345337662 0060928336 0385484518 0060976845 0440211727 0345384466 044021145X 0316601950 0446608955
68185,0375725784 0671027360 0316666343 0440235596 0440212561 0060987529 0375705856 0380002930 0671041789 0441003257
68227,0553296981 0440414806 0345339703 0345339681 034529873X 0440237688 0060977493 0452260116 0345335465 0449003795
68234,0446610038 0446611212 0446607657 0446364193 0446612790 0446608815 0446606189 0446604801 0446601241 0440234743
68240,0671744216 0380820854 0671689746 0671737821 0380814803 0671003593 0553565060 0553289322 067173783X 0671003356
68249,0060928336 0440234743 0440241073 067976402X 0679429220 0440224764 0061015725 0671027387 0440236673 0380018179
68254,3442541751 3150000017 3492045170 3423201509 3423202327 3257229534 325722575X 3423202947 3426029553 3257227809
68256,059035342X 0439136369 043935806X 0439139597 0439064864 0316666343 0590353403 0440226430 0312195516 0060928336
68272,0671027360 0440241073 0385504209 0553582747 0671027387 044023722X 0345417623 0312995423 0440241537 034541389X
68308,0345361792 0439136350 0345422384 0345391802 0345342968 0345397819 0553280341 0345384466 0060502258 0312924585
68309,0380789035 0441304834 0441005241 0441001971 0441004520 0441002935 0441003745 0441000916 0380789019 0441003257
68344,0345339681 0345350499 0441003257 0345314255 0345342968 0345347536 059035342X 0345317580 0439064872 0553573403
68383,0385484518 0786868716 0842329218 0842329129 0345339681 0842329242 0060502258 0671027360 0842329250 0804105820
68387,0312976275 0440206154 0312966091 044023722X 0312966970 0312971346 0452282152 0312306326 0312983867 0553280341
68422,0099771519 0060502258 0312291639 0316666343 0452282152 0330332775 000649840X 0330367358 0552998486 0142001740
68436,0380789035 0553278223 0345339703 0316769487 0399501487 0553560735 0345417623 0451524934 0345370775 0441569595
68447,0316769487 0451526341 0553296981 0399501487 0446310786 0441569595 0375725784 0345342968 0156027321 0345313860
68473,0440206154 0399144463 0440224675 0345370775 0060987103 0375725784 0060987529 0316666343 0553572997 0441003257
68478,0316769487 0375725784 0140119906 039592720X 0553273914 0060987103 0553208845 0060929790 0385722206 0060915544
68491,0060392452 0316096199 0553285947 0440220602 0380753022 0380814803 051513225X 0385504209 0380762595 0312195516
68498,0345337662 044022165X 0151008116 0440234743 0440224764 0671003755 3150000017 3257227809 3442541751 0375700757
68537,044023722X 0440241073 0440214041 044022165X 0440211727 0440213525 0345417623 0440221471 0440220602 0440224764
68555,0671003755 0440234743 0385484518 0553279378 044651652X 051511992X 0060976845 0452264464 0446519138 0440241073
68561,0440223202 0385492081 0671510053 0451203771 0440221595 0375700757 0553273914 0440222656 0345427637 0440212359
68568,0842329129 0316666343 0425128164 0446531332 0385490992 0786868716 0385508042 0425115801 0385484518 0842329218
68581,0142001740 0452282152 0743418174 0316776963 038550926X 0385722206 0385472951 0452282829 0440226430 0425154092
68615,0515135062 0515131229 0446611867 0440241537 0515130389 0515136379 0373218397 0515136530 0312983271 0515132020
68621,0425162443 044021145X 0385474016 0440222656 0452269571 0684874350 0060915544 0671894455 0060921145 0679746048
68690,0842329218 0842329129 0842329242 0842329250 0842329269 0842332251 0842329277 084232920X 0842329285 0842329161
68700,0439064872 0439136369 0439136350 0439139597 0679429220 043935806X 0439139600 0060928336 0440226430 0439064864
68729,0553582747 0316601950 0446610038 0446601241 0061015725 0345384369 0553580221 0446612790 0553579754 0425151867
68758,0440222656 0156027321 038548951X 034540288X 0060981180 0452260116 0671510053 0679745203 037570504X 0440178002
68760,0439136369 0439139600 0439064872 043935806X 0590353403 0439136350 0064407667 0380789019 0671027360 0440439884
68767,0345417623 0345402871 0440206154 0440236673 0440224675 044023722X 0425155404 0345353145 0312924585 0380789019
68768,0316776963 0373218192 0440226430 0553582755 0345313755 0452282152 031298328X 0316666343 0375506039 0440216745
68811,0439064872 043935806X 059035342X 0439136369 0439139597 0439064864 0590353403 0345339681 0345339703 0345339711
68836,0452264464 0142001740 0142000205 0446516538 0375706771 0670868361 0316601950 0553380095 044651652X 0670858692
68846,0385504209 0312195516 0316666343 0142001740 0060921145 0385722206 0060987103 0375725784 0449005615 0375726403
68854,0440226430 0440211263 0515131229 0446611867 0515130389 051513287X 0515128554 0446605239 0440222656 0440235596
68886,0440211727 044021145X 0345380371 0440220602 044022165X 0440221471 0440213525 042510107X 0425116840 0425083837
68887,0380789019 0439136369 0812550706 0812509250 0439064872 0553582747 0812565959 0441569595 0380789035 0671041789
68943,0425163407 0345337662 044021145X 0440234743 0446364193 0425147584 0440224624 0440224764 0553582526 0446364800
68984,0446605239 0440222656 0842329129 059035342X 0842329250 0439064872 0316666343 0312195516 043935806X 0446608955
68998,0316666343 0060930535 0440211727 0440214041 0373790473 0312278586 0373691300 0373790961 0373790198 0373790651
69012,0312305060 0312195516 0385722206 0316666343 0142001740 0060959037 0375726403 0679781587 044023722X 0452282152
69023,0060502258 0345339681 0385504209 0451524934 0345350499 0446310786 0316769487 0679745203 0345347536 0441172717
69042,0345370775 034540288X 0345378490 0345417623 0345380371 044023722X 0345391055 0066214122 0446605239 0553250531
69056,0345313860 034538475X 0140298479 0345369947 0345351525 0440222656 014023313X 0345434803 0316569321 0679785892
69063,0099771519 0552998001 0330332775 0330367358 000649840X 0091867770 0440206154 0060392452 0552137030 0749395990
69076,8445071416 8433969978 8432206407 0312924585 8478884955 8477204055 8478886451 0156013924 8401328942 0684859335
69078,0553272535 0312305060 0385492081 0525947647 0156007754 0345370775 0060977493 0425162443 0385722206 0449911519
69086,0060928336 0316284955 0679746048 0440226430 0060976845 0452269571 0385335881 0385335482 0425167313 0743418174
69089,0345417623 0312995423 0061015725 043935806X 0425180964 0440241537 0440236673 0440206154 0440241073 0425158632
69147,0316096199 0156027321 0590660543 0316666343 0552996009 0140265988 0060938455 0091867770 0330332775 0552124753
69156,0316666343 0312983271 0312966970 0312980140 0312971346 0312976275 0671001795 0142001740 0452282152 038550120X
69180,0316666343 044651652X 0440220602 0385484518 0399144463 0446610038 0385504209 0140257934 0385492081 0140254544
69188,0345417623 0385335482 0385730586 0060938455 067088300X 0312278586 0316601950 0345459202 0142001430 0312195516
69202,044023722X 0553273914 0375705856 0452282152 0312976275 0553280368 0440224624 0312305060 0449213943 0553289411
69211,0345417623 042510107X 0440224675 0425116840 0345380371 0425170349 0425147584 0440236673 0425147363 0446608955
69232,0515131229 0440184053 0373218192 0440201926 0446605239 0515132020 0440176484 0515130389 0515135062 0440224837
69252,0440224764 0440221471 044021145X 0440213525 044022165X 0440214041 0440211727 0440234743 0345391055 044023722X
69274,0345342968 0060929871 0451524934 0684801523 0380002930 0679723161 0553208845 0440180295 0399501487 0452264464
69310,0440498058 0064400557 0553274295 0440414806 0440220653 0064405842 0380814021 0553213148 0064405176 014131088X
69332,044023722X 0452282152 0671027360 0679781587 0375700757 0375705856 0312305060 0440211727 0060959037 0553273914
69355,0060928336 0156027321 0312291639 067102423X 0425124347 0060502258 0553582747 0449006522 0786868716 0345370775
69360,0375706771 0446672211 0671003755 0679746048 0385335881 0312278586 0385335482 0316601950 038533334X 0385336179
69378,0142001740 0375726403 0671003755 0060930535 031242227X 0385479565 043936213X 0156027321 0385504209 039592720X
69389,0679781587 0312990456 0451172817 0316666343 0316769487 0312195516 0449221512 0446672211 0684853515 0451163524
69405,044651652X 0373218192 0446608955 0515126772 0060502258 0385492081 0515132020 0345342968 0440235162 0515128554
69410,0385484518 0345417623 0066214122 0385511612 0345387651 0446606812 0385505833 006101351X 067976402X 0440224624
69460,044023722X 0156027321 0316769487 0553296981 039592720X 0452260116 0151008116 0140119906 0452280621 0061015725
69511,0060976845 0743418174 044651652X 0446670251 0060502258 0679781587 0316769487 0142001740 014028009X 0316776963
69512,0446611212 0446612790 0446607657 0446608815 0425182878 0446606189 0425180638 0446604801 0446364193 0446601241
69554,0345313860 0345351525 034538475X 0312924585 0345370775 0345384466 0553250426 0345409671 0345369947 0440206154
69593,0316284955 0316666343 0671867091 0671004573 0671568175 0440414806 0060976845 0671867113 0446611808 0553279912
69600,0553250426 0451184963 0345417623 0553289411 0553280945 0451524934 0553250531 0451156609 0312278586 0441102670
69627,0345313860 034538475X 0345378482 0345351525 0399501487 0345348036 0345337662 0345436911 0553262505 0385720920
69648,0345337662 0345313860 0345361792 0345384466 0413537900 0156528207 0140177396 0345351525 0679441018 0312201656
69658,044021145X 0671021001 0440211727 0440214041 0440220602 0446672211 0375707972 0440224764 0440221471 0316601950
69684,0380789035 0385486804 0380813815 0380789019 0451191145 0446670111 0375705856 0671250671 0553375407 034536676X
69697,0425178579 0312992416 0380820854 0312979983 0312979975 0060531231 0373691300 0312984820 0373835876 0440237556
69709,0385510438 0316693006 0399150897 0316969680 0385511612 0446612790 0316693235 0316666009 0066214122 0316603570
69721,0380789035 0345339703 0345339711 0345339681 0446310786 0345348036 0345353145 0449213447 0345370775 0451524934
69749,0375707972 0345361792 0446532231 0060930535 039592720X 0140067477 0156027321 006101351X 0060938455 0451191145
69775,0345384369 0425107469 0425121259 0425128164 0425181103 0345384350 0553580221 0425124347 0451181379 0345386108
69790,0142001740 0156027321 0385722206 0316769487 0679781587 044023722X 0452282152 031242227X 0671003755 0446670251
69808,2253063339 2070360024 2253150711 2253044903 2253057843 2205054252 2266023039 2070408507 2290311782 2253152846
69810,0440206154 0385504209 0316666343 043935806X 0671867113 0316284955 0375706771 014100018X 0836218620 0060977493
69878,044023722X 0060959037 0679781587 0375702709 0375700757 0767900383 0452282152 038082101X 0553574574 0452260116
69929,0345370775 0345353145 034540288X 044023722X 0440234743 0345391055 0345402871 0345380371 0425109720 042510107X
69933,0446612790 0425180638 0446609323 0446607657 0446610038 0446601241 0380718332 0446611867 0446611212 0425163407
69945,0446612790 055356451X 0446612545 0446607657 0440222656 042516098X 0425163407 0446364193 0515131229 0553571885
69955,0451191145 044651652X 0553258001 0375504613 0553572997 014029628X 0786881852 0316601950 0385424736 0609804138
69967,0345417623 0345380371 0312924585 044021145X 034540288X 0345391055 0345353145 0312195516 0425116840 042510107X
69971,0312305060 0060976845 0452282152 0316666343 0316776963 0345361792 0385512104 0060987103 0679781587 031242227X
69986,0385510438 0385504209 0385511612 0316603570 0385508042 0316602906 0316693006 0446530891 0316603287 0345452550
70014,059035342X 0439136369 043935806X 0671027360 0316666343 0345413903 0440206154 0439139597 0312983271 0385504209
70052,0312195516 0316284955 0679781587 055356451X 0425154092 0440211727 0440226104 0385265700 044021145X 055356160X
70063,0440226430 0385335482 0345439104 014028009X 0671021001 0743418174 0446310786 0446672211 0316096199 0609804138
70065,0552124753 0552137030 0552131059 0552134627 0552140295 0552134619 0345353145 0385492081 0552134643 0552134635
70066,0373218397 0060987103 0515128554 0515132187 0515121843 0515133973 0515135062 0373218400 051513287X 0373484895
70183,0345351525 034538475X 0345384466 0440224675 0440211727 0451151259 014028009X 0345380371 0446673544 0312976275
70189,0553250531 0553250426 044023722X 059035342X 0553280945 0345370775 0312195516 0345380371 0452282152 0553582526
70192,0380789035 044651652X 0553572997 0515131229 0451169530 051513287X 0345427637 0312924585 0345370775 0385492081
70193,0345342968 0446310786 0380002930 0345391810 0553208845 0316693200 0060958022 0684801221 0312278586 0440220424
70198,0671534734 0671670689 0671534718 0671759345 0671534726 0671695169 0671695126 0671642561 067164257X 0671534742
70205,044021145X 0440220602 0440214041 0440213525 0345370775 044022165X 0425083837 0440221471 0345353145 0345339703
70214,0140046569 0452282152 0552137030 0330262130 2253063339 2070360024 0140042598 0552131067 0312305060 0349101779
70222,0380789035 0671021001 0142001740 0380789019 0060938455 0451191145 0446612545 0060934719 002542730X 044651862X
70238,3442541751 3150000017 3423202327 3423201509 325722575X 3257229534 3423202947 3426029553 3257227809 3442092981
70302,0446310786 0385504209 0060929871 0345339703 0316776963 0345339711 0553208845 0671003755 0451524934 0156027321
70318,0064407667 0060502258 0060987103 034536676X 0060934417 0380002930 0446610038 0385484518 0446310786 0446670111
70345,0399150897 0385508042 0385511612 0385510438 0446527033 0316603287 0316602906 0316693006 0316603570 0553802496
70379,059035342X 0439064872 0345339703 043935806X 0439139600 0345339681 0439139597 0439136350 0345339711 0440219078
70401,0385335881 0385336179 0385335482 0140298479 0312278586 0060096195 014028009X 0312983824 0060085452 0312974256
70402,0385722206 0312195516 0316666343 0142001740 0060921145 0375727345 0316776963 0375725784 0375726403 0060977493
70415,044023722X 0440222656 042516098X 0316789089 0385486804 0440213525 059035342X 0441172717 0156027321 067976402X
70435,0385503822 0385508042 0385511612 0385504209 0385505833 0316693006 0316666009 0316693200 0446531332 0679444815
70448,034538475X 0345384466 0345397819 0345404319 0345409671 044651652X 0345334531 0345422384 0060928336 0345434803
70457,0140293248 014028009X 0312278586 0385335482 8806143042 880781210X 0312422156 8845215989 006101351X 8845237303
70510,0425180638 0061097314 0375707972 0385504209 0451184963 0060938455 067976402X 0441005489 0380717018 0440241073
70541,0451163966 0446310786 0345342968 0451524934 0345391802 0684801523 0553208845 0440180295 0679723161 0380002930
70543,0380899825 0380762595 0373484003 0380753022 055329315X 0380756293 0380752999 0380762587 0515120006 0380750872
70556,0312195516 0452282152 0316601950 0684874350 068484477X 0312282990 0142001430 0060976845 0385420161 0345465083
70564,0425147622 0425169863 0425154092 0440224764 0380718340 0345353145 0425163407 0380718332 0425180638 0380717018
70569,034536676X 0553572997 0345350499 0446610038 0804106304 0375707972 0553573403 0385720106 0553575384 0446609404
70585,0375706771 0316769487 0156027321 0553375407 0142000205 0375727345 0316569321 0553572997 0060502258 0385486804
70594,0312282990 0440206154 0060392452 0671027387 0393317552 0684872153 0671004107 0066214122 0142001430 0446532231
70628,0743418174 014028009X 0316776963 0060096195 0373250126 038550926X 0385335482 0385335830 0141000198 0385335881
70635,0440214041 0440211727 0440213525 0385730586 0345380371 0312195516 044021145X 0553572997 0060392452 0316601950
70649,0439136369 0440235596 043935806X 0743418174 0439064872 0440211263 0385335482 0439139600 059035342X 0446672211
70666,0345417623 0425109720 0446364193 0140293248 042510107X 0312924585 0553260111 0425170349 0451156609 0345391055
70703,0140620222 0140620338 0099771519 0316769487 0316569321 0140620168 0451526341 0330375253 0440180295 0552996181
70713,0156027321 0060934417 0452282152 0385504209 0316666343 0385722206 0312274920 0452283205 0060987103 0425192725
70740,0440220602 044022165X 044021145X 0440224764 0440214041 0440211727 0440213525 0440225701 0440236673 0440241073
70772,0552131067 0552137030 0552131059 0552134627 0380789035 0552140295 0552145424 0552134651 0552134635 0552134643
70791,0312195516 0140067477 0440222656 0345342968 0380018179 0446394521 044021145X 0385484518 0375727345 0842329129
70796,8408043641 8445071416 8432206407 8433969978 0375725849 0312924585 0140298479 0345417623 8477204055 8420616893
70864,059035342X 006101351X 0425175405 0439064872 0449003787 0553272535 0385486804 0446364193 0439136369 0440211263
70866,3442541751 3150000017 3492045170 3423202327 3423201509 3257229534 325722575X 3423202947 3426029553 3442092981
70878,0375707972 0446672211 0140244824 0375706771 0671003755 0385265700 0345439104 0316601950 0671021001 0316899984
70918,0316769487 0345342968 0446310786 0385335482 0316666343 0684801523 0671027344 0451526341 0385335881 0451163966
70931,0451184963 0451156609 0451180232 0451176464 0451169530 067102423X 0671024248 0451169522 0451172817 0440226430
70940,0375725784 0380813815 0449911519 0684874350 0385492081 0385722206 0060920084 0312282990 0142001430 0316776963
70996,0140293248 0312278586 0385335482 880781210X 8806143042 006101351X 0060502258 8806166484 8845215989 8845237303
70999,043935806X 0449003795 0142000205 0060938455 0671027360 0425191184 0312995423 0786881852 0156027321 0671027387
71075,0440214041 0440211727 0440224764 0440241073 0440221471 044022165X 0440213525 0446672211 0060976845 0440220602
71076,0345417623 0385508042 0385503822 0345339738 0060502258 0553250426 0345370775 0451191145 0380789019 0345339703
71081,0316776963 0671003755 0140293248 0316096199 0440226430 0440236703 0375727345 0375703764 0140067477 0440206154
71096,014028009X 0140293248 006101351X 880781210X 0440226430 8806166484 0440235596 8845215989 0316096199 8876842527
71102,0446532231 0316769487 0451191145 0060938455 0451524934 0441569595 0671027360 0316777730 0440180295 0440206154
71162,0671021001 059035342X 0316107352 0316103098 0553277472 0060976845 0451524934 0836218051 0316107255 0099771519
71181,0446605239 0446672211 0312278586 0440211263 0515130389 044023722X 0446608955 0451203771 0446527785 0446613436
71183,0446612790 0345337662 0446601241 0446605484 0446610038 0385498802 0062502182 044023722X 0345439104 0446606189
71193,0449219364 0449003787 0449221512 0449223612 0449221504 0553280341 0449003795 0449223604 0449221482 0553284789
71207,0345337662 0060928336 0345313860 0060976845 034538475X 0385484518 0345384466 0446672211 0312195516 0316601950
71223,0312983271 0553279378 031298328X 0446605239 0446605484 0312966970 0312980140 0449003795 0312976275 0312966091
71227,0060915544 0671510053 0671003755 0679781587 0684872153 067976402X 0060916508 0425162443 0804106304 0060921145
71233,0330332775 0099747200 0553279378 0330367358 000649840X 0330375253 0552998001 0099279274 0439136350 0552999458
71234,0316666343 0385510438 0316603287 0316969680 0385508042 0451176464 0316693006 0385511612 0316666009 0385504209
71261,0140265686 0140257934 0452282152 067976402X 0312195516 0140270590 0142001740 0061097101 0440241073 0070212570
71285,0553572997 8408043641 0345417623 8445071416 8432206407 0451523377 8433969978 0553274503 0451524934 0553377868
71358,0312278586 0446672211 0345313860 0345384466 0446608955 0345337662 0316666343 0385265700 0345404319 0060928336
71459,0380789019 0552124753 0552131067 0380977788 0062502182 0552128481 0552131059 0441569595 0441003257 0060934719
71470,0385504209 0525947647 0312195516 0316776963 0671027360 0446677450 0060392452 0449212602 0743418174 0842329218
71490,0140293248 0312278586 0345370775 0345313860 0452282152 044023722X 0345378482 0425107469 0671041789 0425128164
71521,0439136369 0439139597 0439064872 059035342X 0439064864 0439139600 0671027360 0439136350 0590353403 0385504209
71522,0440206154 059035342X 0385484518 0316569321 043935806X 0316107387 0439139600 0312966091 0345370775 0452283442
71554,0380789019 0552124753 0552131067 0552137030 0552128481 0316666343 0553580221 0552131075 0552134627 0552145424
71568,0316666343 0312278586 0373790198 0316569321 0373691300 0515131733 0060930535 0373790481 0373272839 0373790961
71587,0679781587 044023722X 0385722206 0312305060 0671027360 0375726403 0316666343 0385484518 0156027321 0385503822
71591,0380789019 0440206154 0671027360 0345342968 0425158640 0380789035 0441790348 0440180295 0425180964 0671004107
71612,0312195516 0553572997 0345380371 0553213148 0439139600 0440213525 0440225701 0440236673 0440214041 0091867770
71628,0446611212 0440241073 0345417623 0446359866 034541389X 0345413903 0446607657 0345402871 0446612790 0446605409
71662,0425154092 0380718340 042516098X 044021145X 0446359866 0380717018 0425158616 0440224764 0440214041 0425147622
71672,0446310786 0345348036 0345413350 002542730X 0345370775 0380789035 0380002930 0345342968 0312980140 0316769487
71703,0312980140 0061009059 0312966091 0671001795 0312983867 0312983271 0312995423 0312265859 0385484518 0312976275
71712,0316666343 0345337662 0060928336 0345370775 0312278586 0345313860 0671021001 0385335482 034538475X 0449212602
71716,0385504209 0312195516 0345439104 0452282152 0060959037 0679781587 0452283205 044023722X 0375700757 0316601950
71728,3442541751 3492045170 3423201509 3423202327 3150000017 3257227809 325722575X 3257229534 3426029553 3423202947
71739,3442541751 3150000017 3492045170 3423202327 3423201509 3257229534 3426029553 3423202947 3257227809 3442092981
71752,0345313860 0345384466 034538475X 0440206154 0345380371 0345397819 0440224675 0312924585 0345409671 0452282152
71761,0380813815 0060175966 0316569321 0316779423 0140067477 0385492081 0060392452 0380789035 014023313X 067976402X
71786,0060976845 0060959037 0679781587 0452282152 0060921145 0060987103 0446310786 068484477X 0060928336 0316601950
71800,0375706771 014023313X 037570504X 0425175405 0375700757 0142001740 0446394521 038079487X 0553268449 0425154092
71831,014131088X 0060915544 0452264464 0440498058 0345348036 0446310786 0440401585 059035342X 0345342968 0064472272
71853,059035342X 0439064872 0439139600 0440213525 0345380371 0312195516 0385492081 0060977493 0316777730 0385486804
71884,0385424736 0440214041 0440211727 0440236673 0385472943 0385497466 0385472951 0440225701 0425158616 0671568175
71897,0380789035 0345337662 0385486804 0060928336 0553572997 006101351X 0316776963 0345384466 0385492081 0375725784
71900,043935806X 0439064872 0375706771 0439136369 0312980159 0070212570 0312983867 0312980140 0679745203 0312966970
71902,0060928336 0671021001 0446310786 0446605239 0316601950 0060976845 0060987561 0375727345 0380730138 0553572997
71912,8408043641 0452282152 8432206407 8445071416 8478884955 8433969978 8477204055 8420616893 8433925180 0671003755
71940,0385486804 3442541751 3492045170 3423202327 006101351X 3423201509 3423202947 0385492081 3150000017 3426029553
71967,0156027321 3150000017 3492045170 325722575X 3257227809 3423201509 3257229534 3423202327 0971880107 3423202947
71981,8408043641 8432206407 8445071416 0312924585 8477204055 8478884955 0156013924 8420616893 0151008116 8478886451
72005,0440241537 0440225701 0425180638 044022165X 0446612790 0440234743 0440211727 0440224764 0380718340 0553584510
72028,0553572997 0399144463 0446607657 0385504209 0515102652 0345313860 0515095826 0515090506 0316168815 0618129022
72056,0375700757 0345348036 0316781266 0440220424 0064408647 0064408639 0064407683 0156528207 0064407691 0446606189
72099,0446672211 0316666343 0142000205 014028009X 0425154092 0345443284 0440224764 0440235596 0440221471 0440213525
72100,0060915544 0060987103 0060959037 0060930535 0440241073 0671003755 0446672211 0316601950 0375707972 0060928336
72163,0099771519 0684874350 0330332775 0060502258 0061009059 067976402X 0552996009 0671001795 0446606812 0312966091
72169,8408043641 8433969978 8432206407 8445071416 0316769487 0312305060 0679429220 0618002227 8420441708 0552124753
72183,0446610038 0380718340 0425154092 0425175405 0446601241 0446364193 0425180638 0446604801 0425163407 0446605484
72190,0385504209 0385511612 0385503822 0316969680 0316693006 0385490992 038542471X 0440236673 0316666343 0345339703
72210,0375700757 0375705856 044023722X 0452282152 0449213943 0425192725 0767900383 0553273914 0316782505 038082101X
72214,0060934417 0446606812 0316969443 0446531332 0156027321 0060987103 0060958022 0060977493 0345446860 0345438329
72233,0425143325 042510107X 0425122123 0425116840 0345380371 0425109720 0425180964 0425083837 0425170349 0345417623
72238,0446610038 0312966970 0446612790 0446607657 0515135739 0446611808 0312980140 0553582127 0425158616 0446612545
72261,0380789019 0345413350 0380813815 067976402X 0441003257 0385492081 0552124753 0061020702 0345413377 006099486X
72276,0441000916 0441002935 0441001971 0441003745 0441304834 0441005748 0441005241 0345423402 0441004520 0316666343
72282,0440234743 044023722X 0440236673 0440241537 0345417623 0440224764 0440225701 0061015725 0440221471 067976402X
72285,002542730X 0380977788 0028604199 0552137030 0440498058 0552131067 0553572997 0380789019 0552998001 0380789035
72287,0345384466 034538475X 0345351525 0425153975 0425124347 0345384369 0345313860 0345370775 0316666343 0345386108
72296,0515133876 0345384466 0441304834 0441008534 0515134449 0345313860 0345337662 0441000916 0142001740 0441001971
72347,0060175400 0399146431 014029628X 044023722X 038550120X 0385497466 059035342X 0385484518 0312305060 0316781142
72352,0156027321 0385504209 0385498802 0345439104 0440226430 0452282152 0399149325 0425185710 0385486804 0385497466
72368,0312195516 0440498058 055321313X 0553213172 0553213164 014131088X 0064405842 0446608955 014038572X 0440401585
72379,0060928336 0060976845 0375706771 0061009059 0316096199 037570504X 0060930535 0446394521 0345443284 0316601950
72418,0440241073 0440236673 044023722X 0440234743 0440220602 0440225701 0440221471 0385504209 0061015725 0671027360
72451,0552131067 0552128481 0552137030 0552134627 0552134643 0552134651 0552134619 0552140287 0552142379 0552147680
72470,0316666343 0679781587 0671695126 0671534734 0312291639 0671695169 0671670689 0451153553 0671729411 0671534718
72523,044022165X 0440220602 0425175405 0345353145 0440222656 0440214041 0425147622 0440213525 0446364193 0425154092
72530,0156027321 0142001740 0060934417 0553375407 0060987103 0385722206 0440211263 0449911519 0380002930 059035342X
72531,0451172817 0440211727 0451184963 0385424736 0385504209 0385490992 0061015725 0451177096 0451163524 0385508042
72575,0671027360 0380731851 0399150897 0446612790 0385510438 0385511612 0316602906 0345413903 0446611638 0440241537
72601,3442541751 3423202327 3492045170 3423202947 3442092981 3257229534 325722575X 059035342X 3404118960 0140620184
72636,0345353145 0345370775 0440206154 0671021001 0446310786 0385335482 0425175405 0316666343 0312278586 0440219078
72707,0316666343 0380789035 0552124753 0099771519 0345391802 0552131067 0451524934 0156027321 0425152251 0330367358
72742,044651652X 006101351X 002542730X 0316666343 059035342X 0385484518 0399144463 0439064872 0142000205 0385486804
72770,0312195516 0446672211 0316601950 0743418174 0140298479 0385722206 0385504209 014029628X 0345337662 0671027360
72771,0679746048 0385335881 0452269571 0060976845 0439064872 0385335482 0743418174 0439136369 0385336179 0060928336
72785,0312195516 0060392452 0060938455 0345337662 0446672211 0670892963 0060928336 0671027360 0609804138 0064407667
72863,0385504209 0385508042 0316693006 0316666343 0399150897 0385511612 0316969680 0316603570 0316969443 0316603287
72875,0671003755 059035342X 0061009059 0312195516 034536676X 0679734775 0312966091 0312971346 0316769487 0060928336
72882,059035342X 0345370775 0385504209 0345350499 0439064872 0440212561 0440211263 0060938455 0425180638 0671027360
72940,0066238501 0373710992 0140275290 0877733759 0552121606 0751529087 0752809032 0552103721 0836252926 0140168885
72975,0440241073 044023722X 0345417623 0312291639 0156027321 0440224764 0385504209 0142001740 0316096199 0440221471
72990,0439139600 0679781587 0380789035 0439136350 0553582755 0439139597 0439064864 0316666343 043935806X 0345361792
72992,2253063339 2253150711 2253044903 2070360024 2266023039 2205054252 2290311782 2253057843 2253005274 2070408507
73003,0385510438 0385508042 0385511612 0385504209 0316693006 0316969680 0316603570 0385503822 0316602906 0316603287
73022,0440224764 0060928336 014028009X 044023722X 0316601950 0671021001 0440225701 0440221471 0440211727 0440223202
73044,0375727345 0060928336 0060959037 0060987561 0452282152 0060934417 0316096199 0060976845 0375726403 0375706771
73045,0345387651 0375706771 0345348036 0684801523 0060930535 0553213105 0451167716 0156001314 0380778556 0060987103
73056,0060976845 0142001740 0312966970 0312971346 0312976275 0312980140 0316601950 0312195516 0375727345 0385484518
73076,0552124753 0552137030 0099771519 0552131067 0060392452 0349101779 0091867770 0552996181 000649840X 0330367358
73091,0156027321 0375726403 0316666343 0446672211 044023722X 0142001740 0142000205 0446610038 067976402X 0440241073
73124,0060928336 0316284955 0679746048 0060976845 0671021001 044023722X 0679781587 0440226430 014028009X 0385474016
73127,0380789035 0380813815 0670880728 0380789019 0786817070 0425154092 0425169863 0425158616 0425147622 0316776963
73157,0345353145 0345417623 0345370775 0425109720 044021145X 0425083837 0345337662 0345380371 042510107X 0345378482
73196,0446605239 0671027360 0786868716 0312278586 0060928336 0316096199 0060987103 080410526X 0385484518 0345417623
73215,0345417623 0380789035 0441172717 0345350499 0345342968 0345333926 0441790348 0553573403 0441003257 0345323440
73224,0375706771 0345387651 0312924585 0451167716 0679734775 0156012197 0060502258 0553296981 0156007754 0786867647
73309,044023722X 0060928336 0679781587 0316284955 014028009X 0446605239 0385504209 0440221471 0553574574 0449219364
73330,0156027321 0380002930 0671003755 0385722206 0684801523 0380731851 0440215625 0060938455 0670030643 0786868716
73363,0446672211 0446605239 0316666343 0316601950 0671003755 0345438329 0060976845 044023722X 0446608955 0446611867
73394,0385505833 0440226430 0440211727 0064472272 0061009059 043935806X 0425180638 0440224764 0385335482 0440214041
73398,0316666343 0786868716 0312278586 0743418174 0446611867 0380731851 0060928336 0385484518 0375726403 0385335482
73399,0345339681 0060928336 067976402X 0345348036 0345339711 0060173289 0345435028 0385505833 0553380095 0440236673
73458,059035342X 0375504397 0553272535 0446519138 0439064872 0399147195 0670839531 0440211263 0312966091 0451190564
73464,3442541751 3492045170 3150000017 3423201509 3423202327 3426029553 3257229534 325722575X 3423202947 3257227809
73467,0385492081 067976402X 0060930535 0345439104 0345361792 0679429220 0684874350 0061097314 014025448X 0316569321
73469,0345413350 0553250426 0345323440 002542730X 0449212602 0064401847 0316284955 0345316509 0449208133 0345333926
73479,0345417623 0140067477 0441003257 0590353403 0312966970 034541389X 0618002227 0312265867 0449003795 0061009059
73486,0316769487 0671021001 0446672211 0345342968 0451526341 0440498058 0316666343 0440213525 0316284955 0060929871
73504,0515126772 0515130389 0373218397 0515132020 0515128546 0515120006 0515128554 0515133973 051513287X 0373218192
73532,0316776963 0385504209 0312278586 0312282990 031242227X 0312263120 038550926X 014028009X 0375725784 0140293248
73548,0684874350 0671250671 0375700757 0679429220 0385484518 044651652X 0446516538 0671708635 0553250531 0440226430
73554,8408043641 0316666343 8432206407 8433969978 8445071416 0553274503 0151008116 8477204055 8420616893 8401328942
73588,0345353145 0449219461 0553279912 0345384369 0553284789 0449221504 0345391802 0345386108 0449223604 0553279556
73603,0440211727 044021145X 0440213525 0345380371 044022165X 0440236673 0440221471 0440220602 0440224764 0440234743
73614,0552124753 0552131067 0552131059 0552128481 0552137030 0552131075 0552134635 0552134643 0552140295 0552134651
73622,0312924585 0345413903 0553578022 0684872153 0440224675 0425182908 0380817691 034541389X 0440236703 0553582127
73651,0515135062 0446611867 0446527785 0515132187 051512317X 0515121843 0515136379 0446608955 0373218192 0515136530
73670,0425147622 0446604666 0425175405 0425169863 0440212561 0440226430 0140092323 0451184327 0425158616 044021145X
73681,059035342X 0312305060 0060977493 0452282152 0425152251 0151008116 0385420161 0451177096 0449005615 044023722X
73691,0380789035 0345339681 0345337662 0451169530 0380789019 0441569595 0441790348 0345348036 0345339703 0345378490
73726,8408043641 8445071416 8432206407 8433969978 8478884955 8477204055 8420616893 0312924585 8478886451 8478884459
73741,0345370775 0345339711 0345353145 0345339703 044022165X 0553280341 034540288X 0060502258 0425143325 0345378490
73767,0345342968 0380789035 0345348036 0345361792 0312980140 0312983271 0312980159 0345413350 0684833395 0671510053
73795,0679781587 0375700757 059035342X 0316666343 0060930535 0060938455 0452282152 0440222656 0385504209 0446608955
73798,0345342968 0385504209 0439064872 0156027321 0439139600 0439136369 038549081X 043935806X 0140067477 0375725784
73829,0375700757 0449213943 0375705856 0316781266 0316782505 0446606189 0743436210 0553250531 0425192725 0553273914
73837,0312195516 0385722435 0446605239 0312291639 0312305060 0312421273 0060938455 0142001740 0375707972 0312976275
73892,0449212602 0440211263 0446672211 0380018179 0440226104 0553268880 0375707972 0060391626 0449221512 0553279912
73893,0316666343 0553213148 0449212602 0553274295 0553279912 0312278586 0060502258 0064407667 0064472272 0312305060
73917,0316096199 0552131067 0140620222 0552124753 0552145424 0552137030 3150000017 0552134651 0099771519 3442541751
73923,0312422156 0316569321 0446394521 0142004235 0060502258 0316769487 0375727345 0345378482 0385336179 0399501487
73955,0142001740 0385722206 0679781587 0312195516 0156027321 0452282152 0316780375 0345439104 0099771519 0312305060
73991,3442541751 3150000017 3492045170 3423202327 3423201509 3257229534 3423202947 3426029553 3257227809 3442092981
74000,0375725784 0440206154 034540288X 0345384466 0316284955 0345404319 0140293248 0684872153 0671027360 0099771519
74026,0671021001 0441003257 0380789019 0316284955 034541389X 0446608955 0440439884 0345413350 0446611212 0064405842
74056,0439064864 0312265867 0439064872 0312990456 0446608955 0385336179 0316969443 0590353403 0439139600 0439136369
74088,0553572997 0345413350 0553268880 0440212561 0440215625 0553573403 0316779423 0064407667 0670030643 0345348036
74089,0316096199 0312278586 044023722X 0060915544 0452260116 0316569321 0060938455 0140244824 0553279378 0452282195
74093,0553296981 002542730X 0345339703 0439136350 0064407667 0316666343 059035342X 0439064872 043935806X 0345413377
74106,059035342X 067102423X 0553580221 0345337662 0505524090 0679781587 0452282152 0060502258 0060928336 050552354X
74113,0670880728 0345361792 067976402X 0399149325 043935806X 0394820371 0553582143 0399146431 0385722206 0380789035
74164,0345423402 0345384466 0345350499 034538475X 0345337662 0765342987 0515133876 0345423429 0345351525 0345313860
74172,2253063339 2253150711 2070360024 2266023039 2253057843 2290311782 2205054252 2253005274 2070408507 2277260029
74175,0671021001 0446672211 0312278586 0316601950 0440226430 0142000205 0671003755 0316096199 0425167313 0316899984
74176,0671027360 0142001740 0385504209 043935806X 0380731851 0312305060 0151008116 0316769487 0449005615 038079487X
74185,0060392452 0060928336 0375727345 0064407667 0671027360 0439139600 0385504209 0060934417 0439139597 0316769487
74187,0345342968 0312291639 059035342X 0345348036 0060502258 0140042598 0060929871 0316769487 0440180295 0385420161
74189,0345313860 067976402X 0380789019 0060392452 0380789035 0679735771 034538475X 0441569595 0345337662 0316769487
74215,2253063339 2253150711 2253044903 2070360024 2266023039 2253057843 2070408507 2253005274 2277260029 2253152846
74238,0060928336 0385484518 0743418174 0140298479 0679745203 0060976845 0440241413 0671021001 0553272535 0142001740
74262,0140293248 014028009X 006101351X 880781210X 0385335482 8806143042 8845215989 8806166484 8845237303 8876842527
74274,0425175405 0425154092 042516098X 0440224764 0440221471 0425169863 0425147622 0380710218 0380718340 0425158616
74286,0446672211 0060959037 0375707972 0316666343 0312195516 0671021001 0385265700 0060915544 0375727345 0060928336
74287,0060976845 0345339703 0385484518 0345417623 0345378490 0446670251 0345339681 0345339738 034540288X 0385504209
74328,0452282152 0312291639 0446679593 0345313860 0312195516 0316776963 0141000198 0671003755 0786868716 0060938455
74356,059035342X 0385730586 0345342968 0446608955 014131088X 0385335881 0446610038 014100018X 0060976845 0684801523
74413,0061009059 0312966970 0671001795 0312966091 0312265867 0312980140 0312986343 0312971346 0312976275 0312983867
74453,0142001740 0316666343 0679781587 0385510438 0385337116 0399150897 0440206154 043935806X 0786868716 0312263120
74466,0804106304 0452260116 0345350499 0449221512 0553280341 0446606812 0449221482 0380018179 0553284789 0446603589
74493,0515126772 0515128554 0515128546 0515135062 0515132020 0373218192 051513287X 0515131229 0515124214 0515136530
74500,0312195516 0316284955 0316666343 0316601950 0671021001 0060928336 0060391626 0446608955 0375706771 0140293248
74505,2253063339 0399501487 2253150711 0380789019 2253057843 2266023039 2205054252 2290311782 2070408507 0380789035
74559,0140293248 014028009X 880781210X 0553582747 8806143042 0312422156 0312278586 0385472951 0747532745 8845215989
74569,0385335482 0060976845 014028009X 0312278586 0446670251 0385335881 0312291639 0316666343 0312195516 0375727345
74571,0380977788 0552137030 059035342X 0316769487 0552124753 0441569595 0062502182 0425152251 0440206154 0440224675
74588,0349101779 0156027321 0553262505 0099771519 0345313860 0552137030 0441569595 0552124753 0552996181 0552131067
74595,0446394521 0345387651 0385492081 0441003257 0060987561 0316601950 0375727345 0345424719 0142001740 0060502258
74630,0316666343 0316769487 0060928336 0446672211 0375700757 014028009X 0060930535 0671003755 0316601950 0375706771
74655,3442541751 3150000017 3492045170 3423202327 3257229534 325722575X 3423202947 3426029553 3442092981 3404148665
74665,0439139600 0064407667 0156027321 0385722206 0345339703 0345342968 0440211263 0440222656 0375725784 0156528207
74687,0312195516 0345337662 0345313860 0345439104 0345351525 0142001740 0385420161 0316601950 0316969680 0743418174
74689,0553578316 0316168815 0061009059 0679746048 080410753X 051512463X 0312274920 044922046X 0553574639 0061097853
74691,0385504209 0375726403 0142001740 0060930535 0385722206 039592720X 014023313X 0452282152 0375725784 0679781587
74709,0812548051 0345337662 0345335511 0345314255 0345335708 0812548094 0765340747 0345339681 0345335651 0345335457
74743,0440226430 0316666343 0316601950 0316776963 0385335482 0375727345 0316284955 044651652X 0446612545 0345337662
74758,0515128554 0446611867 0140293248 0743418174 0385730586 0515128546 0380789035 0515132020 0312983271 0440221471
74782,0671027360 0345313860 0140298479 0515135062 0140293248 0312291639 0552143774 0515130389 0345384466 0446612545
74801,0671004107 0316779423 0671250671 0345413350 0671894455 0425175405 0804106304 044166251X 0140092323 0375707972
74810,0316666343 0060928336 0312924585 0060976845 044651652X 0385497466 0670868361 0375702709 0670844527 0375706771
74825,0060175400 0553250531 0312305060 0399146431 0316789089 014029628X 0440224624 038550120X 0316781142 067976402X
74833,0156027321 0060938455 0743418174 0312195516 0786868716 038550926X 0446532231 0060392452 0316776963 0312278586
74837,0446672211 0452260116 0345417623 0066214122 014131088X 0440225701 0064405842 0345350499 0446519138 0061057894
74849,0440217547 0440221315 0440184053 0440176484 0440200563 0440224780 0440201926 0440166497 0440224837 0440207622
74871,0553375407 0684801523 0385420161 0451524934 0553572997 0345339703 059035342X 0385504209 0140042598 0553208845
74908,0552137030 044651652X 0380789035 043935806X 0380789019 0345350499 0330262130 0345391837 0375504613 0380977788
74911,0316666343 0446605239 0452282152 0440226430 0142001740 043935806X 0060987561 0061097101 0060976845 0439064872
74920,0316693006 0316666343 0316602906 0316969680 0316666009 0316693200 0385510438 0385511612 0316693235 0525947299
74959,0679781587 0312195516 0446610038 0312305060 0747532745 034536676X 0312976275 0345350499 0553262505 0747546290
75013,0452282152 0060915544 0345348036 0060928336 067976402X 0142001740 0375727345 0446310786 0684872153 0446605239
75028,0452282152 0312195516 0385504209 0060934417 0156027321 0671027360 0316284955 059035342X 0312278586 0671021001
75032,0316769487 0446670251 0345342968 0060987103 0380814021 0060987529 0064407667 0440414806 0345391802 0345370775
75081,0060928336 0142001740 0553279378 0440241073 0316601950 0316096199 014028009X 080410526X 0440224764 0440234743
75083,0440206154 0385479565 0316776963 0449005615 0446604666 0312924585 0312976275 0385486804 0312421273 0553279378
75089,0345417623 0671027360 0312195516 0440241073 0553582747 0060928336 0553580221 0671021001 0385504209 0553582755
75096,002542730X 0385335482 0062502182 0156027321 0553375407 0385512104 0380002930 0385484518 0380727501 0553279378
75115,3442541751 3492045170 3423202327 3423201509 3257229534 325722575X 3423202947 3426029553 3442092981 3257227809
75119,067976402X 0385265700 0345439104 068484477X 0385492081 0316569321 0142000205 0684874350 0060959037 0060915544
75127,0804106304 0684872153 0151008116 0316666343 0446532231 0743418174 0142001740 0449907481 0786881852 068484477X
75149,0385504209 0385722206 0312195516 0312305060 0375726403 0060959037 0452283205 0142001430 0345439104 0385498802
75177,0375727345 0609804138 0385484518 0451524934 0399501487 0553375407 0786868716 0142004235 0451191145 0060916508
75231,8408043641 8432206407 8445071416 8433969978 0345417623 0452282152 0375725849 0156027321 0060929871 8420616893
75251,0316769487 0446310786 0679746048 0345342968 014028009X 0446670251 0060929871 0446672211 0316666343 0312278586
75286,0440224675 0345370775 0316769487 0345380371 0345369947 034540288X 0451167716 0345353145 0345378490 0425147622
75293,2253063339 2253150711 2070360024 2253044903 2266023039 2253057843 2290311782 2205054252 2253005274 2253152846
75297,0316284955 044023722X 0060928336 0679781587 0060392452 0385474016 0446605239 0375725784 0060977493 0375703055
75306,0446672211 0684874350 0679429220 0679781587 006101351X 0671510053 0060928336 067976402X 0345387651 0446606812
75330,043935806X 0440206154 0439139597 0440224675 0451526341 0440180295 0312278586 0439136350 0590353403 0671021001
75335,0440226430 0440241537 0060987529 0440224764 006099486X 0380727501 0553573136 043935806X 044651652X 0553380095
75339,3442541751 3150000017 3492045170 3423202327 3257229534 3423201509 3257227809 325722575X 3426029553 0385504209
75355,3150000017 3492045170 3423201509 3423202327 325722575X 3423202947 3426029553 3257229534 3442092981 3404148665
75405,0060928336 0140293248 0142001740 0375727345 0140298479 0385504209 0316601950 0440234743 0385336179 0156027321
75429,0316769487 0345348036 0451526341 0345339681 0345339738 0156528207 0440180295 0345342968 0380778556 0440498058
75482,0345347536 0345339681 0345350588 0345354931 0553262505 0380752891 0441569595 0380759470 0345314255 0345342968
75485,0345337662 0142001740 0060392452 0399501487 0060928336 034538475X 0316777730 0060938455 0385335482 044022165X
75486,038572179X 0375726403 0440226104 0061097101 0316096199 0312305060 0345361792 0316666343 0064407667 0312199430
75491,0671003755 0316601950 0312195516 0060930535 0060928336 0316666343 0345439104 0142000205 067976402X 0316569321
75498,0452282152 0060928336 0316601950 0060959037 0142001740 0060930535 0385504209 0375700757 0316666343 0446672211
75499,0312278586 0060934417 0553268880 0380002930 0060915544 0345342968 0060921145 0440215625 0670894605 0446532231
75522,0747538484 0747551006 0552145424 0747550999 074754624X 0380789035 0330367358 0380002930 0552124753 0553250531
75551,0345339703 0345339681 0345350499 034538475X 0451169530 0345314255 0380789035 0345370775 0345322231 0345313151
75556,0684874350 0345387651 068484267X 0446672211 0385484518 0671510053 0345361792 0316666343 0316601950 0679781587
75568,0345384466 0345313860 0345337662 034538475X 0345351525 0345409671 0345422384 0345334531 0345434803 0345369947
75585,0345370775 0440220602 0671510053 0451526341 0553274503 0441003257 034540288X 0345342968 0451524934 0451191145
75591,0440206154 0316569321 0316777730 038533334X 0440224675 0375725784 014028009X 067976402X 0060938455 0451524934
75595,0440234743 0440241073 044023722X 0380731851 0345391055 0345417623 034540288X 0061015725 0345402871 0440221471
75691,0425121259 0345337662 0553580191 0425132951 0385486804 0425107469 0345386108 0345384369 0446359866 0425128164
75695,0316601950 0671021001 0375707972 0312195516 0060928336 0345361792 0385720106 0671003755 0385265700 0060959037
75701,0440226430 0743418174 0553579606 0446610038 0679751521 0515130389 0446610399 0345447867 0684872153 055356451X
75749,0316769487 0451524934 0385486804 0446310786 059035342X 0156027321 0345342968 0385504209 014131088X 0060929871
75762,0440206154 0380789035 0312924585 034538475X 0380789019 0440236703 0441003257 0345313860 0399501487 0345361792
75764,0385508042 0385497466 0385490992 0385424736 0385503822 0440211727 0385511612 0345339711 0385472951 0316969680
75771,044651652X 0446672211 0140293248 0345337662 0836204387 0345384466 0836218620 0440236673 0836218353 0836218833
75777,0375725784 0156027321 0316666343 0385504209 0316776963 0060934417 0375726403 0312195516 0679781587 0385722206
75783,044651652X 0842329218 0316569321 0375706771 0316769487 0316601950 0842329129 044021145X 0060976845 0439064872
75787,0440206154 0440236703 0380789035 0060928336 0425180638 0684872153 0316601950 0440226430 0553582127 0553578693
75809,0425109720 0425143325 0425147584 0425083837 0425170349 0345380371 034540288X 0425158632 0345417623 0425147363
75819,0345417623 0553296981 0385503822 0439136350 0671027387 0345339703 0671027360 0385484518 0385486804 0345339681
75833,3442541751 3150000017 3492045170 3423202327 3423201509 3423202947 325722575X 3257229534 3426029553 3257227809
75842,006101351X 0345361792 0671510053 0385486804 0440220602 0345353145 067976402X 044651862X 0449002632 0380789035
75852,0345370775 0345353145 0345417623 0345380371 0345378482 0312924585 044023722X 034540288X 044021145X 044022165X
75860,0140298479 0743418174 0060938455 0312980159 014028009X 0060392452 0312983824 0142000205 0440235596 0446611867
75875,051513628X 055358264X 0446611867 0553273914 0515131229 0515133973 0671004530 0515137111 0345443284 0515135062
75951,0316777722 0440180295 0452269571 0679745203 0156007754 0140042598 0451524934 0375406530 0316769487 0140179836
75980,0312195516 014025448X 0060976845 0446672211 0345438329 0140265686 0446675059 067976402X 0316601950 044021145X
76001,0441172717 0553560735 0441569595 0345417623 0345333926 0345342968 0425080021 0345435249 0380789019 0380002930
76006,0316601950 0446672211 0375706771 0671021001 042516098X 0425167313 0060391626 0316569321 0375506039 0312278586
76019,0552137030 0552124753 0142001740 0679781587 0316601950 0099771519 0552131067 0375706771 0446610038 0330332775
76070,0345380371 0345378490 0345370775 0345391055 0345417623 044023722X 0345378482 034540288X 0451183665 0345402871
76102,0446607657 0446611808 0553579606 0446612545 0345413903 0440206154 0425189864 0553571885 0425175405 0440414806
76105,0440206154 0385486804 0385492081 0345378482 0440224675 0345353145 0345370775 0449006522 0345417623 0671041789
76111,0375700757 0345348036 0446606189 0671510053 0312976275 0312995423 0449213943 0425080021 0156528207 0553578685
76122,0380002930 0440211727 0440241537 0671004573 0316776963 0440414806 044022165X 0312983271 0380789035 0399149155
76148,8408043641 8433969978 0345370775 8432206407 8445071416 0312924585 0451169514 0553274503 0440224675 8478884955
76151,0312966970 0316969680 0312976275 0316666009 0316602906 0671001795 0312966091 0312971346 0380753006 0375727345
76158,2253063339 2253150711 2253044903 2070360024 2266023039 2290311782 2205054252 2253057843 2070408507 2253152846
76168,0345378490 0060502258 0345353145 0440219078 059035342X 0440213525 0446605239 0316769487 0553274295 044021145X
76173,0446610038 0446611212 0446612790 0440241537 0446364193 0440234743 0440236673 0446605484 0671027360 0425185710
76218,044021145X 0440211727 0440213525 0345378490 0440224764 0345353145 0345378482 0345417623 0440214041 0345380371
76223,043935806X 0345378482 044651652X 0345337662 0439139597 0743418174 0553260960 0439064872 0553289411 0345314255
76241,0330332775 0099771519 0440206154 0330367358 0060392452 0091867770 0552996009 0552998001 0446604666 0552999458
76259,034540288X 0440222656 0425083837 0345391055 0425116840 0345353145 0425109720 0345370775 0440214041 0425147584
76350,0552124753 0330332775 0552137030 0099771519 0552131067 0330367358 0330262130 0330267388 0552131059 0590660543
76351,0385504209 0345417623 0345337662 044651652X 0440236673 0515131229 0385511612 0385484518 0446672211 0385490992
76352,0316666343 0312278586 0060987103 0449907481 068484477X 0743225406 0380002930 0609610597 0060987529 0312282990
76368,0380731851 0345380371 0385492081 0446610038 0440241073 0446611212 0449006522 0553582747 0440236673 034541389X
76410,044651652X 002542730X 0399142851 0399145087 0399143947 0786881852 0399146253 0439064872 0385315236 0316693324
76417,0553572997 0452282152 0330262130 0345391829 0312274920 0385413041 0374172897 002542730X 038082101X 0316601950
76426,0399144463 0553572997 0446610038 0425152251 0786881852 0743227441 059035342X 0316777722 0380002930 0553274503
76440,0375702709 0425167313 0425162443 0671038184 0440226104 0671880314 0684801523 0440122090 2253063339 2070360024
76458,0684874350 0385486804 0385484518 0060175966 0743224574 0316776963 0449911519 0385722206 0375725784 0142001430
76482,044023722X 0316601950 0060938455 0316569321 0671027360 0449212602 067976402X 0060930535 0140298479 0440234743
76483,0671021001 059035342X 0316601950 0439139600 0060175400 044651652X 0439136369 0060928336 067976402X 0446608955
76499,0451191145 0804106304 0679723161 0385474547 0452260116 0385721420 0345337662 0060915544 0060916508 0451183665
76512,0316666343 0385504209 0345417623 0684872153 059035342X 0440206154 0671027360 0060392452 0671021001 0060938455
76530,0385504209 0671027360 0060938455 0446532231 0525947647 031242227X 0385510438 0380813815 0066214122 0671027387
76532,0316776963 0385504209 0452282152 059035342X 0060938455 0060928336 0312195516 0060392452 0140298479 0316777730
76575,8445071416 8432206407 0312924585 8477204055 8478884955 8420616893 0156013924 8420441708 8408028480 8401328942
76576,0345339681 0345339703 0345339738 0064400557 0440498058 0446310786 0394820371 0440487617 059035342X 014131088X
76583,0330332775 0552996009 0099771519 0330367358 0590660543 0552998001 0099387913 0590112899 0091867770 0552137030
76587,0345350499 0312195516 0440215625 0385505833 0440224624 0312979096 0156007754 0440217563 0446675059 0061009059
76611,0425154092 0380718340 0425147622 0425158616 0425169863 0425175405 0380718332 0425180638 0380717018 0671004573
76626,0439139600 0439136350 0349101779 0439064864 0345413350 0552131067 0312195516 0440214041 0553279378 0670031909
76710,0312983271 0312966970 0312971346 0440241537 0312976275 0345413903 0385504209 0312265859 0312980140 0385510438
76741,0316666343 0316776963 0446672211 0375725784 0385722206 0684872153 0449907481 0375727345 0060934417 0142000205
76748,0140298479 0156027321 0330332775 0330367358 0060392452 8408043641 0452282152 0091867770 0440206154 038082101X
76798,2253063339 2253150711 2253044903 2266023039 0747532745 2290311782 2253005274 2253057843 2205054252 2070744833
76803,0316777730 0446310786 0345443284 0451163966 0060977493 0684801523 0312278586 0316769487 0452269571 0375725784
76812,0452282152 0312195516 0060915544 0060934417 0385720106 0385722206 0375705856 0060987103 0142001740 0452282829
76815,0345313860 0345351525 034538475X 0345384466 0345337662 0345409671 0345397819 0345361792 0345404319 0451180232
76818,0345370775 0312924585 0312966970 0312966091 0061009059 0345339703 0671001795 0440214041 0312265867 0345339738
76823,044021145X 0553580221 0070212570 0380789035 0446310786 0786867647 067976402X 0671027662 0671510053 0440213525
76865,0316769487 0440180295 0399501487 0060929871 0140042598 0446310786 0345370775 0553272535 0393312836 0671021001
76866,0439139597 0439064864 0439136350 0590353403 043935806X 0064400557 0140067477 0060248025 0140440046 0842329129
76873,0380789035 0671880187 0679444815 0441003257 0380807343 0440211727 0671727796 0142002267 0345409469 0786817070
76888,0345351525 0679735771 0316769487 0451169522 0451156609 0345342968 0345384466 0451176464 0451169514 0345397819
76942,0312195516 044023722X 0671027360 0375700757 0385492081 006101351X 0440222656 0452282829 0671027387 0345380371
76957,0671880314 0449212602 0553296981 0553272535 0399501487 0345404114 0451526341 0446610399 0385504209 0679751521
76965,0440241537 0671027360 0061015725 0440241073 0385504209 0345413903 0312995423 0446611611 0425191184 0446611778
76968,3442541751 3150000017 3423202327 3423201509 3257229534 3423202947 325722575X 3426029553 3257227809 3442092981
76976,0385504209 0671027360 0061015725 0312995423 0440212561 0066214122 0440217563 0440215625 043935806X 0515135739
76977,0375706771 0446608955 0446672211 0060928336 044651652X 0316601950 0385484518 0439139600 0439064872 0312195516
77039,0060929871 0345417623 8408043641 0156027321 038082101X 0375725849 0452282152 0345391802 8445071416 8433969978
77045,0345378490 034538475X 0440206154 0345337662 043935806X 0440224675 0345353145 0345351525 0345384466 0440226430
77052,0312278586 0385486804 0385484518 0440224675 0316693006 0316096199 0316601950 0316284955 0316603287 0446611212
77072,0142001740 0316769487 0375700757 059035342X 044023722X 0060502258 0385335881 0385335482 0446608955 0385336179
77114,8408043641 8433969978 8432206407 8445071416 0440235596 8477204055 043935806X 8420441708 0679429220 8478884955
77153,0060928336 0671024094 0312291639 0312278586 0345350499 0345384466 0446606189 0440222656 0345404319 0060959037
77181,0060930535 0060928336 0312195516 0060987103 0142001740 0380731851 0345361792 0060502258 0156027321 0375726403
77261,0452282152 0142001740 0679781587 0375726403 0060930535 0312291639 0385335482 014028009X 0142000205 0385504209
77270,0671027573 0380820854 051513225X 0671027581 0515135216 0505524090 0440241057 0505523752 0373790481 050552354X
77273,0385504209 0316666343 0446531332 0446605239 0345438329 0451203771 0671027360 0316969443 0385510438 0375726403
77307,0671027360 0156027321 0140067477 0060928336 0399501487 0316666343 0345339703 0060392452 0142001740 0671021001
77318,0446310786 0316769487 0446605239 0373710984 038542471X 0373710615 0373710992 0452282152 0440211727 0020199600
77332,0385511612 0385504209 0385503822 0316969680 0316693006 0399150897 0316603570 0385497466 0316602906 0385490992
77359,0452282152 0671510053 0375726403 0060930535 0345443284 0446679593 0312305060 014025448X 0142001740 0345361792
77377,0385505833 0142000205 0446608955 0446672211 0446310786 0451202341 0070212570 0375502025 0375706771 0452264464
77383,0345322215 0345314255 0380752859 0380759470 0345335708 0345335511 0345335651 0380752867 0345353145 0345335457
77400,0142001430 0099771519 0385722206 0446670251 0156528207 0440223202 014029628X 0552124753 0743418174 0385335482
77469,0552137030 0552124753 0552131067 0099771519 0330332775 0552128481 000649840X 0552131059 0552131075 0590660543
77471,0316284955 0671793489 0440403278 0060938455 0425144429 0679781587 0399144463 0316666343 0671525808 0440945151
77480,0679781587 0312924585 0425154092 0425147622 0425143325 0060987103 0385492081 0425115801 0425083837 0142001740
77491,0441003745 0441001971 0441004520 0316666343 0441008534 0425181685 0553582755 0441009239 0441007813 0515133876
77499,051513287X 051513628X 0515136530 0515131229 0515136379 0515132020 0515128554 0515132187 0515128546 0515120618
77516,0385504209 0312995423 0671027387 0061015725 0060392452 0440241537 0312263120 0385335482 0385336179 043935806X
77517,0385504209 0440206154 0451160525 0451176464 0345444884 0451163524 0066214122 0375504397 0671027387 0312995423
77526,059035342X 0439136369 0439139600 0439136350 0345339703 043935806X 0439139597 0312278586 0345339681 0439064864
77530,0060930535 0060928336 0142001740 0385512104 0156528207 0440221595 0451203771 0446604658 0449005615 0375705856
77585,0316666343 0385504209 0156027321 0786868716 0452282152 0060502258 0142001740 059035342X 0316769487 0446608955
77629,0312278586 0140293248 0316666343 0385335482 014028009X 880781210X 0446359866 8845237303 0440226430 002542730X
77676,0316666343 0440214041 0345380371 0070212570 0553582526 0385484518 0440213290 0060392452 042510107X 0451524934
77678,3442541751 3150000017 3492045170 3423201509 3423202327 325722575X 3257229534 3426029553 3423202947 3257227809
77686,0440222656 0440235596 044651652X 0440184053 0684872153 0671004549 0441003257 0515102636 0553584049 0671027581
77710,0062502182 0380789035 0451524934 0060392452 0316769487 0345342968 0425158640 0345313860 0380977788 0441172717
77724,0441569595 0671027360 0380789019 0345313860 0345337662 034538475X 0375725784 0441172717 0061015725 0425180964
77738,0345370775 0064471063 0064471047 0439139600 006447108X 0064471071 0064471098 0064407667 0439064872 059035342X
77753,0439064872 0439139600 0439136369 042516098X 0440204887 067976402X 0449212602 0425158616 0385512104 0441172717
77768,0804106304 0440206154 0345353145 0345391055 0316666343 0345370775 0345378482 0345402871 0743225406 0449907481
77772,0064407667 0345370775 0553296981 0439136350 059035342X 0440219078 0439136369 0439064872 043935806X 0439139600
77808,0440224675 0151008116 0440226430 0451204530 0440206154 0140282033 0312924585 8408043641 068484477X 8478884955
77809,0312195516 0060392452 0385497466 0316969680 0385504209 0440220602 0345384466 0440214041 0345337662 0385472951
77816,0440241073 0345417623 0440234743 0440224764 0440225701 0425180638 0440236673 0446607657 067976402X 0380731851
77825,0446672211 0142000205 0316284955 0060959037 0375706771 0375727345 0316666343 0375707972 067976402X 0385484518
77840,044022165X 0440224764 0440214041 044021145X 0440221471 0440234743 0425154092 0440220602 0380718340 0440225701
77860,0446672211 0452282152 0553572997 0440213525 0440222656 0316601950 0060959037 0375706771 0452282829 0440211727
77868,0060392452 0380789035 0380728133 0060938455 0380978415 0316666343 0312195516 0316776963 0312282990 0312421273
77886,0062502182 002542730X 0385484518 0553279378 0679745203 0316777722 0804106304 0060938455 0060915544 0380012863
77891,0671027360 0440234743 0425180964 0440241073 042510107X 0671042262 0446611212 0446611778 0446612545 0446612790
77902,0345351525 0345313860 0684801523 0671003755 0345342968 0679720200 0142001740 0743237188 0345337662 0060502258
77916,3442541751 325722575X 3423202327 3423201509 3150000017 3492045170 3257229534 3423202947 3426029553 3257227809
77940,0515133973 0380814803 0553574108 0515131229 051513628X 0060002050 0380820854 0671744216 0451207947 0515102636
77960,0452282152 0060930535 0385722206 0345337662 0142001740 0312195516 0452282829 0345439104 0060959037 044021145X
78007,0385504209 0156027321 0316666343 0452282152 0142001740 0525947647 0060392452 0671027387 0345417623 0679781587
78015,0375706771 0316284955 0060928336 0345443284 0452282152 0142000205 0385484518 0425167313 0671021001 0316899984
78067,0385504209 0971880107 3442541751 3257229534 3150000017 3423201509 3423202327 3492045170 325722575X 3423202947
78089,0345417623 0440234743 0440214041 0345353145 0345380371 0440211727 0345370775 0440221471 0440236673 034540288X
78112,0375700757 0345348036 0446310786 0553279378 0449213943 0671510053 0440211727 0312976275 0446606189 0380002930
78229,0156027321 0316666343 0142001740 0312195516 0452282152 0449005615 0385492081 0679781587 0375726403 0060930535
78236,0385504209 0156027321 0312195516 0312305060 0385722206 0316666343 0060976845 0312291639 0060934417 0671027360
78262,0552124753 0552131067 0552128481 0156027321 0060929871 0552131059 0552131075 0316769487 0451524934 038533348X
78264,0552137030 0552124753 0330367358 000649840X 0552131067 0330332775 0552998001 0552996009 0671011375 0091867770
78265,0553250426 0425162443 0373484003 0553280945 0316601950 0070212570 034538475X 0515122734 0449212602 0425174271
78323,0399501487 0671003755 0345342968 0440220602 0060929871 0553279378 0060915544 038542017X 0345348036 0060916508
78328,0345384466 0345397819 0345422384 0345404319 0449212602 0345314255 0812551486 0345347536 0441569595 0375401598
78340,0399150897 0316666343 0399148639 0312265867 0385510438 0316693006 0399150439 0316602906 0316693200 0345458915
78352,0375725784 0060392452 0156027321 044021145X 0440220602 0375726403 0312282990 0345438329 0060987103 0452283205
78440,0142001740 0446610038 0440221471 0425180638 0345339495 0345335465 0345369335 0380731851 0345368991 0385511612
78448,044021145X 0312195516 0440214041 0345353145 0440213525 0345380371 0345417623 0060928336 0440211727 034540288X
78469,0553573403 0525947647 0345413350 0446677450 0345413377 0061020680 0345413369 0060938455 0060987529 0671027387
78471,0425169863 0425147622 0425154092 0380718340 0425180638 0425175405 0380718332 0425163407 0425158616 0380717018
78484,3442541751 3492045170 3423201509 3423202327 3150000017 3426029553 3257229534 325722575X 3423202947 3257227809
78496,0425128164 0425153975 042513525X 0425142485 044021145X 0440211727 0345384369 0451172817 0425121259 0440213525
78512,0064407667 0440414806 044021145X 0446605239 0380002930 006101351X 0064400581 044651862X 059030271X 039480001X
78518,0375707972 0449907481 0060928336 0142000205 0375706771 0452282829 0312195516 0684872153 0385265700 0316899984
78545,0440221471 0440224764 0440236673 044022165X 0440234743 044021145X 0440241537 0440213525 0446364193 0440225701
78553,0380750872 0380756250 051512219X 044023722X 0679781587 0380762595 0515135062 014028009X 0553234811 0440225701
78555,0060987103 0380789019 0380789035 0064407675 0142001740 0380813815 0441003257 0451184963 0140067477 0061009059
78564,0446310786 0399501487 0156027321 0316769487 0671021001 0385498802 0684801523 0060502258 0385336179 0060929871
78573,0312195516 044023722X 0345439104 0375726403 0375700757 0312305060 0316666343 0385504209 0440234743 0679781587
78589,0440226430 0446605239 0385484518 0440235596 0385505833 044651652X 0375703063 0446611867 0425169863 0440211263
78619,044023722X 0345350499 0060502258 0452282829 0971880107 0440222656 0142000205 043935806X 0451202341 0375756981
78621,0060928336 0679781587 044023722X 0385504209 0316284955 014028009X 0440226430 0060976845 0449219364 0440221471
78673,0064407667 0440219078 0385335881 0553296981 0385730586 0345370775 0064400557 0446310786 0446605239 0385729332
78719,0316769487 0345342968 0451524934 0446310786 0451163966 0553208845 0671003755 0451526341 0140067477 0553375407
78722,0446310786 0316769487 0345342968 0316666343 0312278586 014100018X 0380814021 0440219078 0060930187 0451526341
78755,3442541751 3150000017 3423202327 3492045170 3426029553 3423201509 325722575X 3423202947 3257229534 3257227809
78761,3442541751 3150000017 3423202327 3423201509 3423202947 3257229534 325722575X 3426029553 3257227809 3442092981
78772,3442541751 3150000017 3492045170 3423202327 3423201509 3257229534 325722575X 3257227809 3426029553 3423202947
78773,3442541751 3492045170 3150000017 3423201509 3423202327 3423202947 3426029553 325722575X 3257229534 3257227809
78774,0060938455 0552137030 0743418174 0441003257 0330332775 0312195516 0552124753 0552143774 0375725784 0330367358
78777,0440211727 0345337662 0804106304 0446672211 0060928336 0316601950 0385484518 0060976845 0440224675 0440108268
78778,0385335482 0743418174 0312278586 0140293248 014028009X 0440226430 0060928336 0385335881 0385336179 0446672211
78783,0316284955 0743418174 0446605239 0375725784 014028009X 0060502258 068484267X 0060934417 0070212570 0440212561
78797,034540288X 006016848X 0380002930 0140293248 0061020710 0345313860 0064407675 0441003257 0380728133 0440235596
78834,0060938455 0060392452 059035342X 0064407667 0375725784 0141000198 0140067477 0385335881 0142004235 0440414806
78841,0446672211 0375707972 0142000205 0671021001 0060930535 0375727345 0060959037 0385265700 0385720106 0671003755
78846,0142001740 0679781587 0316666343 044023722X 0312305060 0440234743 0060930535 0385504209 0440236673 0156027321
78895,0316666343 0446672211 0060928336 0316776963 0312195516 0345443284 0679781587 0446310786 0142000205 0684872153
78901,0553272535 0312274920 0140298479 0679745203 0345361792 0786868716 0385486804 0316096199 0679746048 0345391802
78933,0312278586 0060391626 0345378490 0399146431 038549081X 0345339681 0449221490 0449223612 0425167313 0440224675
78935,0060930535 0679781587 0345361792 0671003755 0156027321 0060987103 0060934417 0316096199 0375725784 044023722X
78941,043935806X 0439139600 0439136369 0439064872 0439139597 0440236673 044651652X 0385505833 0345384466 0385424736
78973,0446531332 0316666343 0440226430 0316601950 038082101X 042518286X 0316569321 0380815923 0425113884 0440225701
78982,0440498058 0064400557 0142001740 0671510053 0446310786 0345348036 0156528207 0440401585 0440221471 0345339703
78996,0440226430 0312983271 0385335830 0440221315 0446605239 0385335881 031298328X 0425172546 042518286X 0440235596
78997,0380814021 0385335482 0385730586 0385335881 0312278586 0385336179 0446670251 0385729340 014100018X 0064472272
79009,0345313860 0345384466 034538475X 0345423402 0441304834 0345404319 0345397819 0345409671 0441005241 0441008534
79055,0440234743 0385504209 044023722X 0440241073 0446611867 0446605239 0312995423 0671027360 0446610399 0446608955
79066,0684874350 0099771519 0385722206 0385504209 0749395990 0552996009 0156027321 0452283205 0142001430 0684872153
79089,0380002930 0345342968 0060987103 0446677450 0345348036 0312983271 014028009X 0380789019 0451163966 0441172717
79110,0380789019 067976402X 0671041789 0062502182 0316666343 0441003257 0060928336 0060934719 0679735771 0066214122
79150,0385503822 0385505833 0385511612 0684814994 0446605239 0515136379 0446672211 0446610399 0440241537 044023722X
79153,0060502258 0380789019 0062502182 0440206154 0671004107 0060392452 034540288X 0345370775 0451524934 0446605239
79172,0375707972 0060930535 0671003755 0684874350 0312195516 0316601950 0060959037 0142000205 0345439104 0375700757
79182,0440241073 0440236673 044023722X 0440220602 0061015725 0440241537 0446612790 0345417623 0440225701 0786868716
79186,0439064872 059035342X 0439139597 0439136350 0439139600 043935806X 0590353403 0451184963 0345339681 0345339703
79188,067976402X 0679781587 0312195516 0060959037 0375700757 0375707972 0671003755 0316782505 0060987103 0553375407
79215,0440206154 0671027360 0345342968 0446611611 0375725784 0316666343 0060987103 0684872153 0446667900 0060502258
79266,0449221482 0553280341 0312983271 0553279912 0515131229 051513287X 0671027573 0312980159 0449223612 0312983867
79285,0553273914 0671708635 0316096199 068484477X 0385475721 0061009059 0684874350 0375412530 0671038184 0375700757
79315,3442541751 3150000017 3423201509 3423202327 3492045170 3257229534 325722575X 3426029553 3423202947 3257227809
79340,3442541751 3150000017 3423201509 3423202327 3492045170 3426029553 3257229534 325722575X 3423202947 3442092981
79366,044023722X 0440224764 0440234743 0440225701 0440221471 0440236673 0061015725 0446612790 0440220602 044022165X
79441,059035342X 044651652X 0439136369 0028604202 0553560735 0439064872 0345443284 0060916508 0316777730 0446607657
79459,2253063339 2253150711 2253044903 2070360024 2266023039 2290311782 2205054252 2253057843 2253005274 2070408507
79475,0345339681 0446310786 0345417623 0385504209 0316666343 0553260111 0345378482 0439064872 0345370775 0385484518
79477,0345446860 0425169863 0452260116 0316769487 0446310786 0375702709 042516098X 037570504X 0425175405 0553268937
79506,0671027360 0142001740 0060930535 0316666343 0156027321 0440220602 0312195516 0385508042 0312263120 0312995423
79527,0345353145 0375727345 0441172717 0553280341 0425109720 044166251X 0449208133 0345348036 0425116840 0345323440
79556,0156027321 0679781587 0316096199 000649840X 0552124753 0553296981 0330332775 0552998486 0316666343 067976402X
79590,3442541751 3150000017 3423202327 3492045170 3423201509 3257229534 325722575X 3426029553 3423202947 3257227809
79667,8408043641 8433969978 0060392452 8445071416 8432206407 0156027321 0151008116 0156013924 0312305060 8478884955
79680,3442541751 3492045170 3150000017 3423202327 3423201509 325722575X 3257229534 3423202947 3426029553 3404148665
79687,3442541751 3423201509 3492045170 3423202327 325722575X 3257229534 3150000017 3426029553 3423202947 3257227809
79724,0425154092 0446610038 0440225701 044021145X 0440226430 0515131229 0440234743 0440214041 0515132020 0440221471
79736,0446605239 0312195516 0312291639 0671003755 0345342968 0440222656 0446608955 0452282152 0380002930 059035342X
79740,0440241073 0440224764 0440225701 0440241537 0515135062 0446612790 055356451X 0671027360 051513287X 0515126772
79747,0316666343 0385504209 0743418174 0375726403 0312278586 0316601950 0156027321 0786868716 0452282152 0060976845
79754,0671027360 0385504209 0061015725 0312995423 0066214122 0440241073 0345417623 0385511612 0312263120 0440241537
79815,067976402X 0679746048 0316769487 0440206154 0316666343 0060392452 0060928336 0671510053 0425152251 044922046X
79842,044651652X 0061092177 0316666343 0452281903 044651862X 0552131067 0743418174 0345387651 0552124753 0552131059
79854,0345353145 0440214041 044022165X 0440213525 034540288X 0440222656 0345380371 0440220602 0312924585 0345337662
79916,0385484518 0875421180 044651652X 0385336179 0441172717 0439064872 080410526X 0515131229 0099771519 0670880728
79920,0064407667 0553572997 0679751521 0385486804 0385420161 0345465083 0061097853 0060928336 0385492081 0553268880
79923,0380789035 0060392452 0441569595 0345337662 0345313860 0345351525 0440224675 034538475X 0441172717 0375725784
79933,059035342X 0385504209 3423202327 3257229534 3442541751 3150000017 3423201509 3492045170 3257218370 3423202947
79942,0316666343 0440220602 0345441036 0425152251 0330332775 0671041789 0452282152 0451184963 0679735771 0446610038
79945,0671617028 0399142851 002542730X 0439064872 0380012863 0553572997 0440217563 0440221595 0312979096 0553250426
79950,0553572997 0452282152 0345391829 0330262130 0312274920 0374172897 0345391802 0345391810 0452264464 0385413041
79958,0060930535 0316601950 0142001740 0312291639 0060928336 0375700757 0375726403 0316096199 0452282152 0345443284
79961,0316666343 0312980159 0312983271 031298328X 0446310786 0345342968 0312983298 0060987103 0425152251 0375706771
79976,0375700757 0345348036 0156528207 0553250531 0345413369 0064408639 0064408647 0375705856 0064408655 0671510053
79977,0385504209 0385503822 0440211727 0385511612 0385490992 0316969680 0425083837 0440234743 0679444815 0440214041
79982,0440206154 0345370775 0316769487 0345369947 0440224675 0345378490 0385479565 0345380371 0451167716 0345353145
79997,0380789035 0380789019 067976402X 0062502182 0060987103 0345361792 0345446860 0385722435 0679751521 0452282829
80036,0316601950 0446672211 0060928336 0316666343 0452282152 0060930535 0316284955 0060959037 0385504209 0060987561
80061,3442541751 3150000017 3492045170 3423201509 3423202327 3423202947 3426029553 3257229534 325722575X 042510107X
80066,0099771519 0156027321 0330332775 000649840X 0446670251 0425152251 0552996181 0552998001 0316666343 0552137030
80067,0142001430 014029628X 0553572997 0060934417 0440215625 0440217563 0156027321 0385722206 0425152251 044022425X
80071,0312195516 0451163966 0380002930 0156027321 002542730X 0451191145 0553279378 0385486804 0385474547 0140067477
80075,0439139600 0449219364 0553271636 0156027321 0449223612 043935806X 0312195516 0553279912 0446672211 0449221512
80077,0375706771 0385504209 0142001740 0060928336 0440206154 0684833395 080410526X 0060976845 0385486804 0385474016
80084,0679781587 0446672211 0060928336 0345337662 0449212602 0316601950 0385504209 0316666343 0345313860 0345384466
80105,0060928336 0316666343 0312195516 0446672211 0316601950 0060976845 0452282152 0671021001 0446608955 0375706771
80119,0375707972 0446672211 0385720106 0345361792 0142001805 0671003755 0375702709 0743225406 0684872153 0060502258
80135,0446310786 0316769487 0345391802 0553572997 0451163966 0060929871 0451524934 0451526341 0140042598 0156027321
80202,0060938455 0451526341 0553279912 0385504209 0446672211 002542730X 0060391626 0670892963 0316284955 0451524934
80203,0385504209 0671027360 0312195516 0060928336 0452282152 0375707972 0060987103 0684874350 044021145X 0449212602
80234,0345370775 0345339711 002542730X 0345339738 0345339703 0345417623 0451524934 0345353145 0345342968 0440214041
80266,0446605484 0446612790 0446610038 0446611212 0316693235 0446612545 0446607657 0385503822 0553582755 0446604801
80323,0060987561 0385265700 0375726403 0425167313 044022103X 0142001740 0440236703 0449907481 0061097101 0316666343
80371,0385504209 0316666343 0385336179 0743418174 0312291639 0316096199 0312278586 0385335881 0671027360 0156027321
80453,0345370775 0345337662 0345378490 0345353145 0380789019 0380789035 0066214122 0385492081 0441569595 0441172717
80477,0380789019 0156027321 0385484518 0380789035 006101351X 0441569595 0786868716 0380002930 0553375407 0385504209
80512,0552124753 0099771519 0552131067 0552137030 0330332775 0349101779 0590112899 000649840X 0156027321 0140620222
80516,0446672211 0312195516 0385504209 0316601950 0060930535 0375706771 0316666343 0316284955 0060928336 0671021001
80538,0345348036 0385486804 0553572997 0140042598 0140298479 0345391802 0028604199 0679745203 0449212602 0425152251
80555,0743418174 0385504209 0375725784 0345351525 0441569595 0440221471 0345441036 0812511816 0440226430 034538475X
80581,0380002930 0553572997 0812551478 0345347536 0553573403 0345352661 0812513738 0812511816 0812548051 0375700757
80603,8408043641 8432206407 0151008116 068484477X 8433969978 0440226430 0671003755 8445071416 0140620338 0099771519
80623,0060928336 0375706771 0375707972 0385265700 0061009059 0375727345 0316601950 038079487X 0684872153 0316182540
80642,0440206154 0451176464 0671027360 0684872153 0385504209 044021145X 0440211727 0553572997 0451167317 0312995423
80661,0312195516 0060934417 0452282152 0679781587 0375725784 038572179X 0142001430 0060976845 0449005615 0142001740
80683,0684801523 0446310786 0345342968 0060929871 0060916508 0449212602 0451526341 0140042598 0553277472 044021145X
80684,0316769487 0060502258 0345342968 0375727345 0385505833 0375706771 0142001740 0345361792 0142000205 0440206154
80690,0345361792 0345417623 0440211727 0446310786 0060915544 0380002930 0553279378 0062502182 0380977788 0316769487
80692,0385504209 0345370775 0345417623 0451524934 0671027360 0671004107 0441172717 0553275976 0345339703 0156027321
80693,0060916508 0552124753 0380789035 0553572997 0517693119 0441790348 0028604202 0446391301 0425093328 0451172817
80704,044023722X 0060959037 0375700757 0452282152 0679781587 0375702709 0767900383 0375705856 0553574574 038082101X
80754,3442541751 3150000017 3492045170 3423202327 3423201509 3257229534 3426029553 325722575X 3423202947 3257227809
80768,0385484518 0553280341 0971880107 0553279378 0345413350 0553271636 0312278586 0553280368 0385496095 0446603589
80776,0385508042 0399145087 0316693235 0316602906 0316969680 0316666009 0316693006 0385503822 0385511612 0385497466
80781,3442541751 3150000017 3492045170 3423202327 0747546290 3423201509 325722575X 3423202947 3426029553 3257229534
80803,2253063339 2253150711 2253044903 2070360024 2266023039 2290311782 2205054252 2070408507 2253005274 2253152846
80810,0446364193 0425154092 0449212602 0345417623 0446608815 0446610038 055356451X 0312195516 0425163407 0380710218
80820,0140298479 0385335482 0385504209 0140293248 0385336179 0385335881 0312291639 0312422156 0142001740 0316096199
80826,0060391626 0446672211 0671510053 0439136350 0375726403 0439139597 0439064864 0679429220 0590353403 0060915544
80837,0671021001 0446672211 0375727345 0385484518 0380730138 0385265700 0446310786 0316899984 0142000205 0140244824
80908,8408043641 8433969978 8432206407 8445071416 0312924585 8477204055 8420441708 8478884955 8420616893 8466307125
80912,043935806X 0671510053 0525947647 0440206154 0060392452 0380816555 015100692X 0312976275 0312306326 0440222656
80929,0312195516 0440241073 0440234743 0345417623 0440236673 0345391055 0440211727 0345353145 0345337662 0446672211
80945,044023722X 0440241073 0446610038 0380731851 0440220602 0345413903 0345402871 0446359866 0385504209 059035342X
80954,0375727345 0316666343 0385505833 0375726403 0316096199 0449005615 0142000205 0061097314 0679781587 0440224675
80996,0425180638 0446364800 0446601241 0446606324 0425182908 0446606189 0446602620 0446359866 0446609404 0316693251
81015,0440226430 0786817070 0440998050 0345413369 0345413350 0345350499 0060938455 0060932759 0028604199 0671021001
81045,0345417623 0440234743 0385504209 0061015725 0440241073 0440224764 0425180964 0440236673 0446604666 0425170349
81064,0380730138 0553268880 0385720106 0345404114 044021145X 0553561618 0345380371 0345427637 0375506039 0446354732
81087,0375725784 0156027321 0380789035 0312282990 0441569595 0385504209 0380789019 0316776963 0375726403 0452282152
81088,0316666343 0312195516 0060930535 0060934417 0316284955 0156027321 0375703861 0375725784 0446672211 0312305060
81121,0345342968 0440180295 0451524934 0451163966 0380789035 0441790348 0380002930 0446310786 0671004107 0061020702
81128,3442541751 3150000017 3492045170 044023722X 3423202327 3257229534 3423201509 3426029553 3257227809 3423202947
81136,0345353145 0345391055 0345370775 0345380371 0345378490 0440234743 044022165X 0440213525 0451177096 0345402871
81207,0060934417 0452282152 0671727796 0330332775 002542730X 0060958022 0099747200 0312305060 0684801523 0552998001
81210,0060938455 0330332775 0349101779 0330367358 0553279378 0060929871 0590660543 0099387913 0312274920 0140039589
81215,0312278586 0312195516 0679781587 0316096199 0385504209 0316601950 0452282152 044023722X 0316284955 0446531332
81216,0385335482 0312291639 0316601950 0316666343 0060502258 0671021001 0385504209 0380731851 0440226430 0425182908
81227,0330332775 0440211263 0316666343 0440222656 0451209907 0440226430 0156027321 0552998001 0552137030 0552996009
81247,0385335482 0385729340 0385335881 0060976845 0385336179 0064472272 0804106304 0385335830 0671021001 0446532231
81249,0743418174 0385335830 014023313X 0440226430 0451203895 014028009X 0140298479 0312983824 0385335881 0312291639
81263,0312195516 0440498058 0446672211 0064405842 0380714752 038542017X 0446310786 0553296981 0064407055 0345339681
81274,0452282152 0060502258 0156027321 0099771519 0060938455 0330332775 0552137030 0064407667 0140298479 0452283205
81298,0842329129 0312195516 0316666343 0842329161 084232920X 0310205719 0385484518 0380018179 0375706771 0446611867
81303,0440226430 044021145X 0440221471 0440220602 0440224764 0446605239 044022165X 0440236673 0440211727 0446353957
81311,0671027360 0156027321 0312195516 0142001740 0316666343 0452282152 0060938455 0312995423 0060930535 0671027387
81318,0446605239 0316666343 0316096199 0060930535 0316601950 0312278586 0446608955 0375706771 0446672211 0140293248
81324,0312195516 0316284955 0142000205 0743418174 0440226430 0375727345 0385265700 0440211263 0446672211 0380018179
81332,0671003755 0440940001 0380002930 0070212570 0440998050 0446310786 0345339681 0316284955 044021145X 0399501487
81333,0440226430 0446607657 0446605239 0316096199 0142001740 0446611085 0446612545 0786868716 0446611212 0671004530
81352,0451156609 0312924585 0451170385 0451176464 0451137965 0451172817 0345370775 0451177096 0451180232 0451169514
81360,0385486804 0345413903 0449005615 034541389X 0316666343 0446667900 0385504209 0425178951 0440236053 0385512104
81368,0060938455 0446532231 0312195516 0316776963 0156027321 0439064872 0316096199 0671027360 044023722X 0786881852
81370,0671027360 0156027321 0345339681 0312195516 0316666343 0842329218 0842329129 0842329250 0439064872 0786868716
81406,0440226430 0385335482 0446364193 0446607657 0060096195 0446606189 0425154092 0140293248 0684874350 0743418174
81434,0345361792 0345342968 0446310786 0440206154 0316666343 0060502258 0156027321 043935806X 0375726403 0440224675
81456,0060392452 0446532231 0316776963 0375725784 0525947647 0451524934 0380789019 0312282990 0441172717 0151008116
81459,0316666343 051511992X 0440226430 0671003755 044651652X 0671534718 0671534734 0440201926 0440200563 0440214041
81460,0345339681 0064400557 0345370775 0440220653 0380600129 043935806X 0440414806 0590634275 0345378490 0380789019
81475,0091867770 0316666343 0330332775 0156027321 0552999458 0140265988 0385605145 0552996009 0316096199 0552998001
81481,3442541751 3150000017 3492045170 3423202327 3423201509 325722575X 3426029553 3423202947 3257227809 3442092981
81484,0312195516 0316666343 0142001740 0312995423 0156027321 044023722X 0446672211 0066214122 0060392452 0452282152
81492,0385484518 0786868716 0385486804 0439136369 0553375407 0345339738 0345353145 0385503822 0345339681 0156027321
81509,0385722206 0060502258 0375412530 0451169530 0385498802 0553574671 0684801523 042511774X 0440202043 0345423291
81540,0440226104 0440414806 0316776963 0142001740 0380002930 0060915544 0679746048 0385486804 044023722X 0679751521
81551,0385492081 0449003787 0316569321 0449221512 0553279912 0449219364 0449221504 0060391626 0449223612 0553284789
81560,0380002930 0552137030 0345347536 0553573403 0812511751 0441569595 0812551478 0812550285 0345350499 0812550293
81564,0375726403 0156027321 0609608444 0312421273 0385722206 0385504209 0449005615 0375727132 0312422156 0316569321
81578,0440214041 044021145X 0440224764 0440213525 044022165X 0440234743 0440220602 0425154092 0385424736 0425163407
81580,0452282152 0385722206 0385504209 0312195516 0156027321 0142001740 0671003755 0060938455 0060930535 0312305060
81597,0425175405 0425158616 0446601241 0671793489 0671568175 0671867113 0553561618 0316284955 0553576798 0316693006
81609,0671027360 0385504209 043935806X 0440241537 0380731851 0375725784 044023722X 0439136369 0553582763 0345447840
81611,0671003755 0553380095 0312983824 037570504X 0440998050 0142000205 0440940001 0156027321 0452269571 0446611867
81661,0385504209 0060977493 0156027321 0060987103 0375726403 0679746048 0671027360 0374199698 0449911519 0440235596
81672,0385497466 0316693006 0316666009 0316666343 044651652X 0316969680 0446527033 0385424736 0446612790 0316569321
81682,0061009059 0060928336 0385335482 0140298479 0060976845 0553280341 0449219364 0553271636 0743418174 044023722X
81689,8408043641 8433969978 8432206407 8445071416 0312924585 8420441708 8478884955 8477204055 8420616893 0440224675
81731,0553296981 0440414806 0345370775 044048474X 034540288X 039480001X 0440237688 0394820371 0553274295 0553375407
81771,0316666343 0316284955 0142001740 0375727345 0385265700 0671003755 0316776963 0140293248 0375726403 0452282152
81845,0743418174 0385335482 0142001740 0446670251 0440220602 0140298479 0316666343 0316096199 002542730X 0553572997
81848,0385504209 0316969680 0385503822 0385508042 0385511612 0385490992 0385497466 0316693006 0345339711 0385510438
81855,0552137030 0156027321 0099771519 0552124753 0552131067 0330332775 0385504209 0552996009 0349101779 0552131059
81865,0439064872 0439136369 0439139600 043935806X 0380789035 0786881852 0345339703 0439139597 0316776963 0452282152
81901,0312278586 044021145X 0440226430 0375707972 0553268880 0316601950 0375706771 0446609404 0316666343 0446364193
81921,8408043641 8433969978 8445071416 8432206407 8401328942 8477204055 8420616893 0684859335 0060929871 0812550706
81927,0440214041 0345339703 0440213525 0345339711 0345339681 0440220602 0440221471 0345370775 0345380371 0345417623
81950,044651652X 0099771519 0552131067 0671510053 0446605239 0446310786 0671028375 0552137030 0671617028 067976402X
81977,0060987103 0316776963 0375706771 0140067477 0316777730 0345413350 0446532231 0375725784 0380731851 0375707972
81982,0345339738 0345339711 0439064872 059035342X 0385504209 043935806X 0439136369 0385484518 0446310786 0439139600
82001,044022165X 0440214041 0440213525 0440221471 0440220602 0440224764 0440211727 0345380371 0440225701 044651652X
82080,0345342968 0156027321 0060502258 0060934417 0684801523 0385722206 0375725784 0142001740 0312305060 0345391802
82082,0312195516 0330367358 0439064872 0446608955 0330332775 0156027321 0380789035 0971880107 0060392452 0747551006
82102,044023722X 059035342X 0452282152 043935806X 044021145X 067976402X 0439064872 0804106304 0671021001 0553572997
82123,044023722X 0312305060 0060930535 0446394521 0671727796 014025448X 0671510053 0553277472 0451526341 034540288X
82144,059035342X 0380002930 0439064864 0345337662 0590353403 0446310786 0439136350 0316769487 0439139597 0440211727
82156,0446672211 0440213525 0842329218 0440214041 0345391055 0345353145 0316666343 0446606812 0345378490 0385490992
82164,0671027360 0060928336 0446611867 044023722X 0385504209 0375706771 0440241073 0140293248 0553574574 0345443284
82171,2253063339 2290311782 2070360024 2070408507 2253057843 2205054252 2253005274 2253152846 2277260029 2070744833
82192,0440241073 0449003795 044023722X 0440241537 0385504209 0440234743 0425180638 0446608815 0553279378 0061015725
82227,3442541751 3150000017 3423202327 3423201509 325722575X 3257229534 3423202947 3257227809 3426029553 3442092981
82391,0446610038 0425154092 0446364193 0425163407 0425158616 0446607657 0446612790 0425175405 0380718340 0425180638
82407,0380789035 0060958022 0375725784 0385722206 0449005615 0679781587 042516098X 0671003755 0439064872 0425175405
82431,0312195516 0316666343 0060928336 0671021001 0316284955 0679781587 0375706771 0375707972 0385265700 0060959037
82445,0679781587 0385722206 055357258X 0684848783 0316780375 0140119906 0425152251 0553574663 044651862X 0553574639
82487,0385504209 0060938455 0671027360 044023722X 0060934417 043935806X 0060987529 0316096199 0316776963 0446532231
82491,0440214041 0440211727 0440224764 0440220602 044021145X 0440234743 044023722X 044022165X 0440221471 0440236673
82497,0385492081 0425182878 0380731851 0440225825 0451207521 0446607193 0345413881 0515133973 0515128546 0440221471
82511,0451166892 0743418174 0316096199 0316666343 0312278586 0099771519 0446606812 0060987103 002542730X 0425154092
82578,0385492081 0345361792 0446605239 0060928336 0440226430 0385486804 0446516538 0679429220 0440211263 0345427637
82607,0375707972 0671021001 0452282152 0060928336 0446672211 0312195516 0385265700 0316666343 0316601950 0446605239
82608,0671510053 0345438329 0312278586 0060976845 067976402X 0375727345 0385498802 0312291639 0440224764 0440234743
82628,0375726403 0446531332 0446672211 0060934417 0316666343 0142001740 0156027321 0375412824 0452282152 0446679593
82657,0385504209 0385508042 0316666343 0385510438 0142001740 0399150897 0385337116 0316603570 0316693006 0679781587
82659,0385324057 0385424736 044651652X 0385490992 0385508042 0375706771 0670868361 0670844527 0385497466 0446523569
82673,0345370775 0345353145 0316769487 0671004107 044021145X 044651862X 0385492081 0440220602 0345339681 0140293248
82699,0440214041 0440221471 044021145X 044022165X 0440224764 0440236673 0440225701 0345380371 044023722X 0440234743
82702,0156027321 0449212602 0345350499 043935806X 0345339681 0140620427 0590353403 0451206525 0316569321 0451454243
82720,0316666343 0385508042 0316693006 0316693235 0385504209 0385511612 0553582747 0553582755 0446607657 0316666009
82723,0064400042 0064400034 0064400018 0064400026 0064400050 0064400085 0064400069 0064400557 0064400077 006440031X
82751,0671004107 0316769487 0380789019 0441569595 0399501487 0451524934 0451169530 0345413350 0380012863 0446310786
82752,3442541751 3150000017 3492045170 3423201509 3257227809 3423202327 325722575X 3257229534 3426029553 3423202947
82769,0316284955 0385335482 0099771519 0446310786 0316776963 0312274920 0449219364 0553280341 0385484518 0385335881
82793,0385504209 0385505833 0684801523 0449219364 0060928336 0553272535 0971880107 0452269571 0440226430 0743418174
82795,0553296981 0446605239 0394820371 0446394521 0451526341 0140067477 0446606812 0064407667 0380789019 0552137030
82797,0439064872 059035342X 0439139600 043935806X 0312278586 0385504209 0439139597 0439136350 0060928336 0446608955
82808,0345353145 034540288X 0345378490 0451524934 0345417623 0451526341 0312924585 0345380371 0345339681 0345391055
82825,0439136369 059035342X 0385504209 0671027360 0439139600 0156027321 0060938455 0451166892 0312195516 0425180964
82831,0140298479 0385484518 0345370775 0786868716 0375706771 0446608955 0060502258 0446605239 0446679593 0385486804
82839,0142001740 0679781587 0316666343 0312305060 0747532745 0375700757 0375705856 0380002930 0060934417 0060958022
82841,0515131229 0515132020 0446611867 0373218192 0515136530 0515128546 0515128554 051513628X 0515126772 0515121843
82859,0385504209 0316666343 043935806X 0316601950 044023722X 0446604844 0060392452 0440225701 0385505833 0425182908
82893,0446611867 0345335708 0345335511 0345335651 0312995423 0345338588 0345347536 0345314255 0446310786 0345338715
82901,0312195516 0316601950 044651652X 0671021001 0375706771 0452282152 0345337662 0446672211 0316666343 0060930535
82917,0452282152 0316666343 0786868716 0743418174 0156027321 0385504209 0060976845 0312305060 0312291639 0670880728
82939,0060987103 0142001430 0385492081 0316096199 0375726403 067088300X 0060987529 0375725784 0375726349 0385475721
82942,067976402X 0316666343 0446672211 038550120X 0380789019 0679429220 044651862X 0385492081 0060199652 0316769487
82955,0312278586 0316666343 0671027360 0553580221 0345441036 0553582755 034541389X 0066214122 042513525X 0380789019
82968,0440206154 0312195516 0441172717 043936213X 0380002930 0440224675 034529873X 0679781587 0345338588 0425143325
83041,0552124753 0552131067 0552137030 0590660543 0552131059 0552128481 0552131075 0590112899 0552145424 0552140295
83069,0380977788 0345361792 0142001805 0064407667 0312274920 0380002930 0156027321 0375703861 0385512104 0380813815
83096,0345361792 006101351X 0061009059 0140119906 0446519138 0060976845 0441569595 0446606812 0671001795 0451166582
83109,0553574671 0679781587 0553560247 0553572040 0553574663 0684872153 0425152251 0553578316 0671028375 0804106304
83110,043935806X 0380789019 0385510438 0385511612 0385503822 0316969680 0345413903 0385508042 0439139597 0671027360
83135,0345353145 0671021001 0345337662 034540288X 0345378490 0312924585 0375702709 0440213525 0446672211 0375707972
83156,0380717018 0425147622 0425175405 059035342X 0064400557 0425154092 0446672211 0345334310 0451166892 0451403703
83166,0142001740 0385504209 0375726403 0312195516 0316096199 0312305060 0452282152 044023722X 0743418174 0385484518
83178,044023722X 0060934417 0385505833 0345447840 0316776963 0449227421 0345391055 0316666343 0316096199 0142001740
83186,044023722X 0440217563 0440215625 0060502258 0142001740 0156027321 0385504209 0060915544 0060987103 0312305060
83235,044023722X 0440211727 0440213525 0440224764 0345380371 0140293248 0345378490 0440234743 0345391055 0060928336
83239,0385504209 0142001740 0380731851 0671027360 0446611611 0345413873 0316284955 0440222656 0451203771 0446611638
83252,0156027321 0142001740 0312195516 0375726403 044023722X 0385504209 0385722206 0375700757 031242227X 0380731851
83258,0312195516 0671027360 0060392452 014038572X 0345370775 0380814021 0553296981 0440206154 014131088X 0156027321
83283,0446672211 0060959037 0060915544 067976402X 0425167313 0671003755 0425162443 0671510053 0385720106 0385265700
83287,0385504209 0553284789 0671027360 0553271636 0446612545 0440234743 0449219461 0449223612 0553280341 0440223202
83304,0446672211 0525947647 0679745203 0142000205 067976402X 0375727345 0446610399 0312243022 0345361792 044651652X
83306,0446611867 0451203771 0515131229 0375705856 0786868716 0515135062 0446516538 051513287X 051513628X 0446527785
83314,3442541751 3150000017 3423202327 3492045170 3423201509 3423202947 3257229534 325722575X 3426029553 3257227809
83341,044023722X 0060928336 0679781587 0060959037 0316284955 0375702709 0446605239 0375703055 0385720106 0553574574
83383,0312966970 0312966091 0312976275 0312265859 0312971346 0385504209 0312265867 0385510438 0312980140 0385508042
83390,0060976845 059035342X 0345370775 0446606812 0345350499 0345337662 0060928336 0440219078 0440211727 0312924585
83428,0449212602 0316569321 0375707972 0440211263 0440226104 0446605239 0312195516 0375706771 0446394521 0446672211
83431,0316769487 0451163966 0385504209 0399501487 0446310786 0440180295 0684801523 0441569595 0140185216 0446612790
83443,0385510438 0385511612 0385508042 0316602906 0316693006 0316603287 0399151451 0316969680 0446530891 0345452577
83457,0060392452 0385504209 0345337662 0446532231 0446605239 0060938455 0316666343 0679781587 0440206154 044651862X
83473,0446532231 0060392452 0345370775 0345417623 0345402871 0345413350 0312195516 0060938455 014100018X 0671004107
83496,0064407667 0064471063 0064471055 0446310786 0439136350 0060928336 0140067477 0439139600 0440219078 0451526341
83561,0380789035 0440226430 0140067477 0380789019 0446605239 034536676X 0441003257 0671021001 0449212602 0062502182
83589,0385484518 0684874350 0070212570 0385486804 0767902521 0679781587 0553296981 0425152251 0671510053 0385479565
83637,006101351X 0671510053 0140293248 0316780375 080410526X 0399501487 0553574671 0786881852 059035342X 0316777722
83646,0385335482 0140293248 0385335881 0671021001 0312291639 0451203771 0440213525 006101351X 014028009X 0440221471
83666,0385335482 0515131229 0142001740 0515132020 0385336179 0440226430 0515126772 0515128554 0385335881 038550926X
83671,0345337662 0345423402 0345422384 0064471047 0345313860 0345361792 0064471101 0064471098 0345351525 0345417623
83684,0140293248 0312278586 0060502258 014028009X 880781210X 0553582747 8806143042 8806166484 8845215989 0345361792
83698,0684874350 0345361792 0446672211 0679781587 006101351X 0671510053 068484267X 0316601950 0385492081 0679429220
83730,0316666343 0312278586 0451184963 0451523377 0440180295 0743436210 0060914653 002542730X 0345417623 0060973897
83743,0440234743 0446364193 0141000198 0060987561 0142001740 0385265700 0451169530 0446394521 000649840X 0440226104
83754,0385484518 0385505833 0786868716 0553279378 0345417623 0449134482 0345361792 0446519138 0440226430 0446523569
83775,0312966970 0312971346 0312980140 0312976275 0312983867 0060976845 0316666343 0316601950 0312265859 0312306326
83828,0385504209 0345439104 0316601950 0312195516 0446672211 0060959037 0375707972 0060976845 0452282152 0060928336
83842,0316769487 0449212602 0671727796 0140620222 0140620109 0330375253 0192833553 0140620338 0446310786 0140620427
83879,0312278586 0385335482 006101351X 0140293248 8806143042 880781210X 8845237303 8845215989 0380012863 0316284955
83880,0451524934 0440219078 0451526341 0140042598 0375727345 0399501487 0385498802 0060916508 0374129983 0451191145
83906,0316666343 0316096199 014028009X 0312278586 0385335482 0140293248 0440226430 0060928336 0743418174 8806143042
83910,8408043641 8432206407 8433969978 8445071416 8478884955 8420441708 8477204055 8420616893 0312924585 0440212561
83950,0452282152 044023722X 0060928336 0060392452 0446605239 0440211727 0312195516 0316284955 0679781587 0060959037
83971,0316666343 0446672211 0452282152 0345443284 0446310786 044023722X 0312195516 0375707972 0060915544 0316781266
84024,0061009059 0312980140 0312966970 0312983271 0446611212 0671011367 0671001795 0312983867 0553578693 0446609404
84071,0679781587 0345353145 0440211727 0671741454 0671733893 044023722X 0060921145 0671020366 0671520032 0345361792
84109,0345342968 0345361792 0060502258 0440206154 0060987103 0060987529 0316666343 0679781587 0440224675 0345424719
84111,2253063339 2253150711 2253044903 2266023039 2070360024 2290311782 2253057843 2205054252 2070408507 2253005274
84122,0375727345 0345378490 0446605239 0446604666 0440206154 0446679593 0345370775 0440226430 0312995423 080410526X
84126,3442541751 0316666343 3150000017 3492045170 3423202327 3423201509 3423202947 3257229534 325722575X 3426029553
84146,0380789035 0345353145 0345348036 0552124753 0316666343 0345378482 0345417623 0345413350 0380789019 0330332775
84178,0375727345 0345439104 0316601950 0452282829 0312305060 0142000205 0452282152 0345443284 0743237188 0316569321
84191,0440206154 0440224675 0440236703 0451180232 0446611212 0451161351 0451160525 0671042858 0312924585 0380731851
84198,0439064872 0345313860 034538475X 0439136369 0316666343 0385504209 044651652X 0385484518 0345342968 0440220602
84201,0380752859 0671004107 0553562614 0441790348 0345353145 0553262505 0345413350 0060392452 0345313151 0345323440
84308,0316666343 0446532231 0743418174 0684872153 0385486804 0061009059 0091867770 0811801802 0811802981 0060392452
84421,3442541751 3150000017 3423202327 3492045170 3423201509 3423202947 3257229534 325722575X 3426029553 3442092981
84423,8408043641 8432206407 8445071416 8433969978 8478884955 8477204055 8420616893 8433925180 0140298479 8420441708
84426,0060930535 0385420161 0684801523 0345313860 0380012863 0345439104 0451524934 0316780375 0452269571 0060915544
84427,044023722X 0385722206 0425175405 0312195516 0440222656 0060934417 0679781587 0316666343 0440226430 0156027321
84462,0446612545 0446612790 0425180638 034541389X 0446611212 0440241537 0399150897 0449003795 0345413903 0446607657
84476,0316666343 0380789019 002542730X 0439064872 0553296981 0446605239 0553375407 0440219078 0316096199 059035342X
84479,0439136369 0439064872 0439139600 0345337662 0316666343 059035342X 0345339681 0316769487 0385505833 0345350499
84523,0553572997 0345370775 0345353145 044021145X 0440222656 0385492081 0440214041 0440220602 0671021001 0142001430
84527,0385504209 0452282152 0316666343 0449212602 0446672211 0060934417 0385722206 0316601950 0553572997 0060392452
84537,0385504209 0142001740 0156027321 0316666343 0375725784 0312282990 0312195516 0375726403 0316776963 0316769487
84553,3442541751 3150000017 3492045170 3423201509 3423202947 3257229534 325722575X 3426029553 3257227809 3442092981
84627,043935806X 0156027321 0451191145 0345370775 0380002930 0140067477 0345350499 0590353403 0439139597 0062502182
84639,0440241073 0440225701 0440221471 0440241537 0425150143 0440236673 0425161722 0425180964 0440234743 0425143325
84665,0066238501 0373710992 0451208862 0440213991 0877733759 0971880107 0140275290 0373710615 0552121606 0752809032
84671,0345314255 034529873X 0345338588 0345384911 0345368932 0345335082 0345327861 0671721291 0345370775 0345369335
84727,044023722X 043935806X 0452282152 0345361792 0451166892 0345417623 0553250426 044021145X 0345402871 0345391055
84729,0671027360 0440241073 0312995423 0345413903 0440241537 0446612545 0061015725 0446611638 0553582747 0440236703
84737,042513525X 043935806X 0446672211 0425161722 0440225701 0671042858 0425147363 0440220602 0451173139 0441005764
84753,0375726403 0316096199 0060987561 0345361792 0316666343 0060188731 0452282152 0060976845 0316781010 0439064872
84795,0446612790 0385510438 0316603570 0345413903 0525947299 0380731851 0385504209 0553582127 0446611212 0553578693
84820,0156027321 0449212602 0140067477 0345313860 0446611867 0345337662 0062502182 0345384466 034538475X 0440204887
84831,0385492081 0553272535 0440219078 0679746048 0553573136 044651862X 0446612545 0330332775 0451169530 0316666343
84847,0345353145 0345402871 0385479565 0316776963 0440224675 044021145X 0345370775 0446359866 0441172717 0440214041
84854,0312278586 059035342X 014028009X 0060928336 0060976845 0140298479 0316666343 044023722X 0312291639 0671021001
84866,0156027321 0552124753 002542730X 0312274920 0552137030 0553279378 0425152251 0099771519 0060938455 0552131067
84867,3442541751 3150000017 3492045170 3423202327 3426029553 3423201509 3257229534 3257227809 044022165X 325722575X
84869,0684874350 0786868716 0140293248 0385484518 0440226430 0099245027 0156027321 0671880187 0679429220 0439425220
84880,0440206154 0684872153 0446611611 0446610399 0553578022 0446605239 0425178765 0553578693 0671011367 0345447867
84882,044021145X 0345361792 0553572997 0446672211 0553268880 0440221471 0385720106 0385484518 0061097101 0060915544
84884,0345380371 0345353145 0345378490 044021145X 0446672211 0375706771 0345391055 0684872153 0312195516 0312924585
84897,0312195516 0452282152 0375700757 0375726403 0142001430 0679781587 0316776963 0156027321 0312282990 0375725784
84900,0440214041 0553582747 0440234743 044023722X 0446612790 0440241073 0440236673 0446611212 0446601241 0446606189
84902,0451156609 0312291639 0553574574 0060502258 0671250671 0345348036 0440212561 0345417623 0312924585 0553582763
84910,0345338588 0380752867 0380759489 0441569595 0380752891 0345353145 0345347536 0345314255 0380789019 0345305183
85033,0446310786 0316777730 0440241537 0440180295 0060929871 0451166892 0425175405 0684801523 0425163407 0060391626
85043,0385335482 0679746048 0312291639 0060928336 0425152251 0316168815 0385335881 0140293248 0441569595 0385336179
85067,0316666343 0316096199 0345361792 044022103X 0671708635 0743436210 0316569321 034540288X 0316601950 0385492081
85097,0345370775 034540288X 0316769487 0440224675 0345417623 0446364193 0312924585 0446612545 0440206154 0425155404
85099,0552137030 0330367358 0099771519 0552996009 0330332775 0552998486 0552124753 0590660543 0091867770 0552998001
85112,0439064872 0439139600 0439136369 059035342X 0140042598 0440224764 0425154092 0156007754 0425130215 006016848X
85132,0060934417 0449005615 0060959037 0679781587 0060977493 038572179X 0312282990 0060921145 0312195516 0375725784
85161,0671003755 0060959037 0060921145 0452264464 0804106304 0060976845 068484477X 0385720106 0385722206 0446672211
85240,0140293248 014028009X 8806143042 006101351X 880781210X 0385335482 0312278586 8845215989 8806166484 0060502258
85256,0312195516 0316601950 0452282152 0060959037 0060930535 0142001740 0345443284 0316666343 0375707972 0375706771
85268,0385490992 0385504209 0385503822 0440211727 0385497466 0385424728 0385508042 0345339711 0316666343 0385505833
85280,0060938455 0440236673 0671003755 0679429220 0425152251 0070212570 0446610038 044021145X 0525947647 0060987529
85294,0316666343 0842329129 0380731851 0449907481 0842329218 0449227421 0385484518 0451526341 0609804138 0399144463
85327,0316666343 0385504209 0156027321 0316096199 0142001430 0743418174 0671027360 0385335482 0312278586 0099771519
85367,0439064872 0439136369 0439139600 0345339681 0590353403 0345339703 0385504209 0345339738 0345339711 0553296981
85379,0316666343 0064407667 0312278586 0439064872 059035342X 0064472272 0060928336 0553573403 0440215625 0345337662
85409,0446611867 0440211263 0440223202 0440235596 0440226430 0440222656 0440213290 0440204194 0440221595 0446605239
85426,0316769487 0060987103 0312291639 0385504209 0060928336 0142001740 0060502258 0060987529 0312278586 0440414806
85431,0316666343 0446672211 0312195516 0060928336 0446310786 0070212570 0671021001 0671003755 0345337662 055321330X
85433,3442541751 3150000017 059035342X 3492045170 3423202327 3257229534 3423201509 325722575X 3423202947 3404148665
85455,0671004573 0671867113 0671568175 0671867172 0671867091 0671793489 0446353957 0553561618 0316284955 0399149155
85479,044021145X 0440221471 0312983824 0345337662 0440213525 0553250426 0312966806 0440220602 0671004107 0553273914
85502,0312195516 0316601950 0060930535 0060928336 0452282152 0671003755 0060976845 0316666343 0671027360 067976402X
85510,0345384369 0425147622 0425144429 0345353145 0425153975 0553580221 0425107469 0553580191 0425142485 042513525X
85526,0345361792 0385484518 0060915544 0060959037 0452264464 0345342968 0060934417 0060921145 0440211727 0684874350
85534,0440213525 0440214041 044022165X 0440241073 0440211727 0316769487 0440224764 0345370775 0451524934 044021145X
85554,0060928336 0060976845 0312966091 0312291639 0345443284 0060930535 0312976275 0375700757 0312971346 0312966970
85587,0449003795 0345417623 0446608815 0446610038 0446667900 0425192725 0553579983 0425180638 0440206154 0345447867
85616,0385504209 0446605239 0316168688 0385508042 038550926X 0385511612 0385510438 0446532452 0316693200 0671027387
85620,0345417623 044023722X 0671027360 0451166892 0060502258 0385503822 0553234811 0345391055 0679444815 0553250426
85656,0312983824 0425147622 0440226430 0553213148 0345413369 0345413873 0061057894 067102423X 0345413350 0345353145
85669,0060928336 0671617028 0679746048 067976402X 0099771519 0380012863 0062502182 0060976845 0671510053 0345313860
85698,0385336179 0385335881 0385335830 014028009X 0373250126 0140298479 0743418174 0140293248 0060096195 0385333412
85701,0425154092 0425175405 0425147622 0345370775 044021145X 0312924585 0345391055 0425169863 0440213525 0380718332
85757,0060938455 0316776963 0316777730 0385722206 0743418174 038550926X 0525947647 031242227X 0142001740 0060987529
85769,0440211727 0440213525 044021145X 0345380371 0440220602 0312195516 044022165X 0553572997 0440225701 0385424736
85787,067976402X 0375727345 0316769487 0142000205 0385498802 0345361792 0316601950 0375707972 0345443284 0446310786
85806,2253150711 2253044903 2070360024 2266023039 2290311782 2253057843 2205054252 2253005274 2070408507 2253152846
85833,044022165X 0440221471 0345380371 044023722X 044021145X 0440220602 0440234743 0440224764 0446364193 0345391055
85851,043935806X 0743418174 0440226430 0439139600 0385336179 0385335482 014028009X 044023722X 0375726403 0385335830
85872,0385504209 0671027360 0446532231 0060938455 0156027321 0380813815 0671027387 0151008116 0525947647 039592720X
85905,0345353145 0345370775 0312195516 034540288X 0440222656 0440214041 0440206154 0345378490 0345378482 0345391055
85925,0316666343 0316969443 0446531332 0312983271 0142000205 0446608955 0446527793 0440221315 0373218036 0446525537
85939,0316666343 0312274920 0091867770 0156027321 0099771519 0345424719 0312421273 038549081X 0553280341 0060392452
85944,014028009X 0385335482 0440226430 0446672211 0060392452 0446310786 0446532231 0060391626 0609804138 0345439104
85950,044022165X 044021145X 0440213525 0440211727 0440214041 0440224764 0440236673 044023722X 0345337662 0440241073
85962,0671003755 0380789035 0679781587 006101351X 0385479565 0385486804 0140293248 0375700757 0380002930 0679429220
85992,034540288X 0345353145 0345380371 0345417623 0312924585 0425083837 0345378490 0345337662 0316769487 042510107X
85993,0385510438 0380718340 0399150897 0425147622 0316602906 0385511612 0439064872 0316693006 0590353403 0316603570
85999,0671510053 0449003787 0553280341 0553280368 0385492081 068484267X 0345361792 0061097853 0345387651 0375705856
86001,0316769487 0060987103 0312291639 0060502258 0440206154 0385504209 080410526X 044651862X 0446606812 0140119906
86017,0671027360 0440206154 0312995423 0440236703 0553280368 0345413903 0385504209 044661193X 0380727501 0345339681
86033,0375727345 0446607657 038549081X 0440222656 0330367358 0553250531 0345384466 0446310786 0446606189 034540288X
86051,0452282152 0446672211 0060915544 0671510053 0385498802 044022165X 014025448X 0671038184 0316284955 0440214041
86093,0439064872 0446608955 0452282152 0439139600 0439136369 0312983271 0743418174 0060976845 0312195516 0440222656
86103,3442541751 3150000017 3492045170 3423202327 3423201509 3426029553 325722575X 3257229534 3423202947 3442092981
86123,0156027321 0142001740 0385484518 0452282152 0312195516 0062502182 0316666343 039592720X 0316096199 0553375407
86136,0312995423 0425191184 044023722X 0440241073 0425180964 0671027360 0446611778 0061015725 0440241537 0446611212
86140,043935806X 0439064872 0439139597 0439064864 0439136369 059035342X 0590353403 0345339681 0345339703 0064407667
86145,055357258X 0804106304 044922046X 0425180638 0440241073 0440224764 0425192725 0425175405 0679781587 0345366239
86159,0345378482 0345314255 0345370775 0345339681 0671027387 0553250426 0345375580 0441172717 0345354621 0452264464
86170,0316666343 0345438329 0385504209 044021145X 0140254544 0140257934 0671038184 0375726403 044022165X 0140265686
86189,0452282152 0449005615 0375726403 0385498802 0345361792 0385722206 0070212570 0312305060 068484477X 0060934417
86202,0316666343 0060934417 0060987103 0312195516 0099771519 0375725784 0743225082 0142001805 0060938455 0156027321
86219,3442541751 3150000017 3492045170 3423202327 3423201509 3426029553 325722575X 3423202947 3257229534 3442092981
86242,0345378490 0061015725 0345378482 0345370775 0525947647 0060392452 0385492081 0380789035 034540288X 0066214122
86243,0330262130 0552131067 0441790348 0380002930 0440498058 0671041789 0060934417 0140440046 0552124753 0345391802
86247,0061009059 0385336179 0385335881 0385335482 0312966970 0060096195 0312265867 0446605239 0440213525 0064472272
86263,0066238501 0373710992 0877733759 0440213991 0140275290 0373710615 0752809032 0751529087 0552121606 0552103721
86276,0345342968 0060987103 0684872153 0316769487 0380002930 0345348036 0345361792 0425152251 0385335482 002542730X
86337,0440226430 0679746048 0743418174 0439064872 0452269571 0439136369 0375706771 0385335881 0971880107 0671003755
86368,0345413903 0446611212 0671027360 0425178765 0440241073 0425182908 0446667900 0312980140 0345413881 0553582747
86392,0380789035 0671027360 0140067477 043935806X 0451184963 0439139597 0451191145 0156027321 0345313860 0060392452
86408,0553375407 0553277472 0140042598 0316769487 0140119906 0060929871 0553212451 0156007754 0451524934 0375700757
86419,0446611212 0446605484 0425185710 0425179885 0446611778 0446609404 0440234743 0425180964 0671042262 0446607711
86446,0440220602 0091867770 0099771519 0345380371 0552996009 0743418174 044022165X 0440221471 0451166892 0380727501
86463,0316666343 0446672211 0316284955 0671021001 0312195516 0060976845 0060392452 0684872153 0385720106 044021145X
86481,0440212561 0440217563 044022425X 0070212570 038542017X 0440226104 0553574574 0553268880 0446611085 006016848X
86489,044021145X 0060928336 0312195516 0446672211 0440234743 0316666343 0440221471 0671021001 044022165X 044023722X
86548,0330332775 0140620222 0140298479 0446670251 0099747200 0316769487 0140620427 0060987561 0140620338 0330262130
86555,0446531332 0385508042 0316969680 0316969443 0316693006 0316693235 0446527785 0446520802 0440234743 0385503822
86583,3442541751 3150000017 3492045170 3423201509 3423202327 3257229534 3426029553 325722575X 3423202947 3257227809
86641,0345413350 0345333926 0345323440 0671003755 0345413369 0553296981 0449208133 0553560735 0446672211 0345347951
86680,0345417623 0345353145 0440241073 0440236673 0345370775 0440211727 0440220602 0345380371 0440221471 0385504209
86683,8408043641 8432206407 8445071416 8433969978 8478884955 8477204055 8420616893 0312924585 8423310353 8433925180
86720,0142001740 0449003795 0446612790 0449006522 0399501487 0553582135 0553569910 0425182878 0446612545 0425182908
86728,0312980140 0553572997 0312966091 0385492081 0312990456 0061009059 0671001795 0312976275 0312983867 0515095826
86767,0679781587 0385504209 044023722X 0060928336 0316284955 0385474016 0375725784 014028009X 0449219364 006101351X
86792,0345350499 0375727345 0345342968 0345361792 0385486804 0441003257 0451526341 0312924585 0060921145 0345387651
86819,0375727345 0316666343 0060976845 0671021001 0316601950 0316284955 0375706771 0142000205 0440226430 0385265700
86835,0312195516 0345443284 0316284955 0060392452 0060977493 0375703055 0375707972 0440212561 067976402X 0679781587
86837,0385504209 0060392452 0316776963 014028009X 0375725784 0060938455 0670892963 0671027360 0451163966 0316779237
86849,0439139597 0060987103 0439064864 0439064872 0671027360 0439136350 0060959037 0439136369 0439139600 059035342X
86906,0312195516 0060930535 0679781587 0671003755 0060928336 0060959037 0142001740 0385722206 0671027360 0385484518
86931,0345313860 0345384466 0345334531 0345351525 0064407667 0679429220 0380789019 034538475X 0380813815 0345337662
86932,0312966970 0345370775 0786868716 0446532231 0312966091 0312976275 0786881852 0312971346 0446605239 0060987103
86947,0385720955 0671003755 0060930535 0375703861 0061097314 0786881852 0060921145 0142001805 0449219364 0345413873
86959,0380789019 0441003257 0140067477 0345339681 0671027360 0375703764 0441569595 0439064872 0439136369 0316776963
86965,0060987103 0142000205 0060930535 0316769487 0679744398 0375707972 0060502258 0316780375 0440226104 0786881852
86969,0385504209 0440241073 044023722X 0446607657 034541389X 0345413903 0446364193 0446612545 0446605484 0440241537
87021,0060977493 0060987103 0156007754 0553273914 0452260116 0140298479 039592720X 0142001805 014023313X 0452280621
87036,3442541751 3150000017 3492045170 3423202327 3423201509 3257229534 3423202947 325722575X 3426029553 3442092981
87051,0375727345 0316666343 0671021001 0140244824 0316601950 0316899984 0440226430 0553582755 0345439104 0375706771
87108,0452283205 0385504209 0385722206 0553572997 0142001430 0452284449 0375726403 0316601950 0156027321 0060958022
87114,0060987103 0064472272 002542730X 0140293248 0156027321 0451181379 0425107469 0553580221 0312278586 0380002930
87129,0375725784 0316776963 0060987529 0679429220 0316777730 014028009X 0060987103 0679781587 0316779423 0060938455
87141,0345339681 0345339703 0345339711 0316666343 0743436210 0399144463 0446611212 0060173289 0345380371 038542471X
87147,0385335482 0060502258 0316769487 0312278586 0446670251 0064472272 0385335881 0553279378 0385336179 0060928336
87155,0345342968 0312278586 0316769487 0385503822 0385508042 0385511612 0345417623 0399501487 0684801523 0679746048
87246,0345348036 0345337662 0345370775 0446310786 0380002930 0553279378 0553375407 0671510053 0440234743 0312976275
87257,0385486804 0385492081 0345342968 0671510053 0440180295 0156027321 0345339738 0399501487 0385498802 067976402X
87302,0316666343 0156027321 0385504209 0385508042 0312305060 0385511612 0312195516 0142001740 0385497466 0066214122
87351,0385722206 0345391802 067976402X 0316777722 0446670251 0380977788 0345342968 0060976845 0440180295 0316776963
87386,0330367358 0330332775 0099771519 0091867770 000649840X 0141007338 0552998001 0099279274 0552996009 0749397543
87400,0684872153 0440211727 0451197399 067697175X 0062502182 044021145X 0060915544 0140067779 0385722206 0553380095
87401,0345313860 0345351525 0316769487 0671003755 0345337662 0439136350 0439139597 0345417623 034538475X 0345369947
87455,3442541751 3150000017 3492045170 3423202327 3423201509 3426029553 325722575X 3257229534 3423202947 3442092981
87491,0345313860 034538475X 0345337662 044651652X 0345384466 0399144463 0345351525 0312195516 0345361792 0425172546
87540,0142001430 0156027321 0345348109 0060175966 0345465083 0060175400 0446667900 0743224574 0345427637 0553572997
87549,0515132020 0515131229 0515128554 0380762595 0515128546 051513287X 0671014196 0515126772 0440226430 0380756293
87555,0316769487 0440180295 0156027321 0316776963 0446310786 0590353403 0679746048 043935806X 0316569321 0452264464
87579,0679781587 0316601950 059035342X 044023722X 0312195516 0446605239 0345443284 0375707972 0316782505 0060987561
87595,0449208672 0671027360 0385337116 0451191145 0375700757 0060934417 0553578308 044651652X 055357258X 0345443284
87600,3442541751 3150000017 3492045170 3423202327 3423201509 3257229534 3423202947 325722575X 3426029553 3442092981
87688,044651652X 0345369947 0425152251 0451169530 0061097101 0440224675 0312995423 0446364193 0440212561 0440206154
87690,0451156609 0451184963 0451167317 0451180232 0451176464 0451160525 0345441036 0399501487 0385504209 0451169522
87707,0440236673 2253063339 0804106304 2253150711 0345387651 2253044903 0670030643 2253005274 0349101779 0380789019
87712,0446310786 0316284955 0142000205 0312291639 014028009X 0446672211 0385505833 0446608955 0385335881 0380730138
87729,0439064872 0439136369 0439139600 0452282152 0316666343 0385504209 043935806X 0446608955 0446525537 0446606812
87747,0345337662 0345313860 0345351525 0553250531 034538475X 0345384466 044651652X 0345397819 0312195516 0553280945
87776,038082101X 0452282152 0060977493 044023722X 0060936363 0060930535 8408043641 0140119906 0679723161 0060927216
87820,044021145X 0515087122 0425169863 055357258X 0425147622 0515093203 042516098X 0425158616 051510566X 0380718340
87846,0380789035 0439064872 0345342968 0380789019 0312983271 0062502182 051513287X 0451524934 0312980159 043935806X
87859,014028009X 0375725784 0140293248 0140298479 0312278586 0385335482 0380789035 0060987103 0380002930 0380728133
87911,0440498058 0451526341 0440219078 0440401585 0440180295 0064400557 0345348036 0440414806 014131088X 0451524934
87929,0060928336 0446672211 0345337662 067976402X 044021145X 0345384466 0671021001 0060930535 044022165X 0440226430
87938,0439064872 0385504209 0064407667 0440414806 0439139597 0590353403 0385729332 0439136350 0439064864 0786868716
87943,0515135739 0553579606 055356451X 043935806X 0515130966 0515122491 0553582526 0439136369 0440224764 0515118656
87948,0446604801 0425169863 0446607657 0425175405 0425154092 0446606189 0446601241 0446605484 0446364193 0380718340
87949,0842329218 0842329129 0345370775 0842329242 0380731851 0842329250 0842329269 0553582135 0440206154 0316769487
87956,0142001740 0385504209 0671003755 0156027321 0452282152 0385722206 0312305060 0312291639 031242227X 067976402X
87964,0440234743 0156528207 0064400557 0345301110 0440236673 0061015725 0380731851 0440180295 0440241073 0553272535
87974,0312278586 0140293248 0446605239 0062502182 0380002930 0446364193 0385335482 0385484518 0670880728 002542730X
87975,0446672211 044651652X 0671027344 002542730X 0446608955 0316666343 0062502182 0452264464 0446610399 0671042858
88000,0439139600 043935806X 059035342X 0439064872 0439136369 0312195516 0060936231 0553213148 0786881852 0345380371
88012,044021145X 0316284955 0385504209 0385424736 0380018179 0440225701 0553250426 0804106304 0440214041 0671004549
88029,0345370775 0345353145 0345417623 0345391055 0440224675 044022165X 0345402871 0440206154 0312924585 0345378482
88066,0671027360 0140298479 0449212602 0452282152 0345361792 0061097101 0312995423 0449221490 080410753X 014029628X
88099,8408043641 0679723161 038082101X 0316666343 0060930535 0451167716 8433969978 8445071416 0812550706 0060510323
88109,0385504209 0385510438 0399150897 0385511612 0316602906 0671027360 0316666343 0316603570 0345452550 0345452577
88116,0312195516 0385504209 0316284955 0446605239 0375703063 0440222656 0385484518 0316601950 038079487X 0375706771
88122,043935806X 0440206154 0345339738 0590353403 0345339703 0345339711 0446310786 0439136369 0451524934 0385504209
88123,0446610038 0446364193 0446604801 0446612790 0446606189 0385492081 0553582526 0446611212 055356451X 0312990456
88170,0553572997 0385504209 014025448X 0345313860 0060930535 0385486804 0060959037 067976402X 0399501487 0345436911
88175,0440235596 0312278586 880781210X 0142000205 0440226430 0140293248 014028009X 0451203771 8806166484 0446611085
88187,0671021001 0385265700 0440226430 0060928336 0375707972 0312291639 0140293248 068484477X 0452282152 0060930535
88229,0060928336 0671003755 0312195516 0385504209 0679781587 0060930535 0060976845 0060987561 067976402X 0671038184
88232,0312278586 0140293248 0440212561 0440215625 0385335482 880781210X 0440217563 0312422156 0553582747 0553250426
88248,0060175400 0449219364 0060959037 0449223612 0385484518 0070212570 0449219461 0449221512 0060976845 0060928336
88278,044023722X 0380731851 0425178765 0440241537 0446667900 0425180638 0380730847 0440241073 0446603589 0671011367
88283,0060096195 0064472272 0385504209 0671027360 0385730586 0385729332 059035342X 0312278586 0609807900 0156027321
88288,044651652X 0385484518 0312983271 0380789035 0684862719 0553375407 0380012863 0061009059 0553569155 0345361792
88330,0671003755 0553272535 0375706771 0446310786 0316284955 0345342968 0316769487 0316601950 0684801523 0451524934
88352,0099771519 0330332775 0552137030 0552124753 0330367358 0590660543 0140265988 000649840X 0091867770 0552998486
88389,0142001740 0375727345 0440226430 0375707972 0060928336 0452282829 0385484518 0375706771 0375700757 0380730138
88395,0140430725 0380012863 0064472272 0316769487 0786881852 014100018X 0156027321 0380814021 0380778556 0446532231
88412,0316769487 0671510053 0060502258 0345313860 0345409671 0553277472 0156528207 0385512104 0060987103 0345351525
88416,0385504209 0684874350 0449212602 0452269571 0425109720 0553268880 0345427637 0671250671 042510107X 0385486804
88435,0439139597 0439136350 0439064864 0345339681 0590353403 0316666343 0345339703 0060987529 0345339738 0345342968
88468,0446605239 0804106304 0140067477 080410526X 0385504209 0684872153 0060392452 0440226430 0440222656 0671027360
88574,0142000205 0440226430 0446672211 0140244824 0671003755 0316569321 0060391626 0375706771 0312278586 0385265700
88605,0425175405 0440241073 0553582755 0425143325 0440206154 0345413873 0553582763 059035342X 0553580191 067102423X
88620,0385484518 0345391802 0446394521 0156027321 0316096199 038079487X 0142004235 0446611867 0446310786 0345342968
88631,0060976845 0316601950 0446672211 0671021001 014028009X 0385335482 0312195516 0140293248 044651652X 0316666343
88633,067102423X 0525941908 0670855030 0452279178 0670868361 0451167317 0670858692 0451156609 0385199570 0670839531
88652,0446604666 0061092606 044661193X 0061092886 0440241073 0061009059 0449003787 0385265700 0345465083 0440212561
88663,0070212570 0099800403 0091867770 0446605239 0140440046 0440206154 055321330X 044900371X 0099521016 0385722206
88677,0679781587 0440211727 0316666343 0312983824 0375700757 0451167317 0060987529 0312195516 0375725784 0525947647
88686,0671510053 0316601950 0060930535 0375707972 0345439104 068484267X 0142000205 0684872153 0345459202 0375702709
88693,0156027321 0060175400 0553273914 0440222656 0553250531 0345413369 0425183971 0375707972 0375758992 0345413350
88729,0316666343 0312195516 0066214122 0440213525 0553582755 0553580221 0345337662 0446672211 059035342X 0440241073
88733,044651652X 0345337662 0449212602 0385486804 002542730X 0380012863 0449003787 0553560247 0449219364 0515093203
88738,0446610038 0679781587 0446607657 0449003787 0553574671 0446612790 0671028375 0446605484 0316666343 0446606812
88757,0345370775 0440224675 0375703861 044023722X 0140293248 014028009X 0385486804 0515118656 006101351X 0425147622
88767,0440224764 0440236673 0440241073 042510107X 0440221471 0440225701 0345339703 0385504209 0425143325 0060928336
88793,0385335482 0312278586 0743418174 0385335881 0385730586 0385336179 0060096195 0064472272 0060987103 0375760911
88797,0140043519 0446532231 0316769487 0060502258 0061015725 0679735771 0062502182 0099387913 0440241073 0156528207
88817,0451524934 0446310786 0345348036 0316769487 0345342968 0451526341 0345391802 0440219078 0345339681 0553272535
88879,0425109720 0425132951 0375727345 0425147517 0312422156 0441172717 0316776963 044021145X 0440214041 0451180232
88937,0312195516 0385486804 0385504209 044021145X 0440234743 0312291639 0156027321 044023722X 0060930535 0316601950
88946,044023722X 0425154092 0440224764 0425175405 0380718332 044661162X 0425169863 0425163407 0380718340 0446607657
88976,0316769487 0345342968 006101351X 0671510053 0451169530 0446310786 0380789035 0553274503 0441003257 0451184963
88979,3442541751 059035342X 3492045170 3150000017 3426029553 3423201509 3257229534 3423202327 0385504209 325722575X
88993,0440221471 0440234743 044022165X 0446364193 0440211727 0440214041 044021145X 0440236673 0440224764 0440241537
89014,0316666343 0316569321 0385504209 0316769487 0440234743 0142000205 0385505833 0440206154 0375727345 0385497466
89057,0385504209 0316776963 0312195516 0060976845 0156027321 0375726403 0140298479 0060934417 0312983271 0060928336
89059,0142001740 0671027360 0316666343 0156027321 0060938455 0385335482 0312195516 0375725784 0425192725 0452282152
89093,0553572997 0671021001 044021145X 0156027321 0099771519 0345370775 0399501487 034540288X 0385492081 0345391802
89098,0440220602 0440224764 044022165X 044021145X 0440225701 0440241537 0515131229 0440241073 0440211727 0440236673
89128,0439064872 059035342X 0446606812 0449223604 0449219364 0451166892 0440223202 0449221512 0439136369 0553284789
89134,0345342968 0345339681 0345338588 0440215625 0345350588 0345314255 0380759470 0440212561 0618129022 0380759489
89179,0312278586 0345391055 044021145X 0316666343 0385479565 0440224675 0140293248 0425147517 043936213X 0670813648
89188,0345378490 0316569321 0671003593 0373790481 0671027522 0446610542 0515102636 0425124347 0312195516 0345337662
89192,0091867770 0441003257 0380713802 0440206154 0312976275 0440226430 0312980140 0425172546 0312971346 0451190491
89207,0552131067 0552124753 0552131075 0552128481 0552131059 0552134627 0552134651 0552134619 0552134635 0552546933
89216,0440498058 0446310786 0446605239 0440998050 0553279378 0140067477 0385484518 0399501487 0440487617 0452264464
89266,3442541751 3492045170 3423201509 3150000017 3423202327 3257229534 325722575X 3426029553 3423202947 0971880107
89307,0316666343 0316769487 0380012863 0060987103 0373710992 0452282152 0373710615 0671042858 0553573136 0425121259
89314,0140293248 0060502258 006101351X 0312278586 0440212561 880781210X 0440215625 014028009X 0385335482 8806143042
89332,0451176464 0553580221 0451156609 0451177096 0451172817 0451188462 0425144429 0451184963 0451180232 0451160525
89339,0671027360 0446532231 0060938455 0440206154 0316666343 0385504209 0316777730 067976402X 0312195516 0671021001
89361,0156027321 0385486804 0142001430 002542730X 0385512104 0385479565 0060987103 0671880187 0449005615 0385722206
89391,0316666343 0312278586 0312980140 0385503822 0316693200 0425172546 0385505833 0446612545 0446610038 0446611867
89463,2253063339 2253150711 2070360024 2253044903 2266023039 2290311782 2253057843 2205054252 2070408507 2253005274
89474,0385503822 0385504209 0316666009 0385508042 0316693006 0385510438 0385511612 0553802496 0385497466 0399150897
89475,0671250671 044651652X 0425154092 0786881852 0385479565 0380718332 0553579983 006101351X 051513287X 0345337662
89493,0142001805 0684874350 0451169530 0385493800 0440211727 0330332775 0671708635 0060930535 0385324057 0679781587
89507,0671027360 0316969680 0786868716 0446612790 0380789019 0316666009 0385511612 034541389X 038550926X 0553582747
89525,0385486804 042510107X 0425143325 0425147584 0425180964 0552137030 0330367358 0425116840 0345380371 0446364800
89551,0060938455 0156027321 0142001740 0385335482 0312278586 0385484518 0553250426 0385486804 0345339703 0385722206
89558,8408043641 0440213525 0446606812 0440211727 0451526341 0440206154 0060392452 8432206407 044023722X 8433969978
89602,0375725784 0312282990 0060930535 0060921145 0671041789 0060977493 0316777730 0140293248 0345424719 0380728133
89610,0385335482 0312291639 0140119906 0385335881 0380012863 0385479565 037541309X 0684801523 0140293248 0380002930
89634,0385504209 0156027321 0060930535 0553580191 006101351X 0553579754 0446605239 0553296981 0553572997 0425161242
89761,0842329129 0385504209 0786868716 0671250671 0786881852 0061097314 0842329242 0375719180 0842329218 0842329250
89851,0316666343 0375707972 0446605239 0316769487 0375706771 0060987103 0446310786 0671021001 0452260116 0060502258
89852,0553580221 0671024248 0451156609 0345384466 0440206154 0671042858 0345337662 0451188462 0345313860 0553582755
89867,0451524934 0451172817 0380002930 0451177096 0451526341 0553250426 0671041789 0451167317 0553572997 0451169514
89869,0345361792 0060502258 0316769487 0061015725 0445406518 0345387651 0439139597 0380789019 0439064864 0060930535
89870,0671027360 0385504209 0440234743 0446612545 0316777722 043935806X 0156027321 0425177173 0446609323 0140280553
89874,0316666343 0156027321 0316769487 0312278586 0316777730 043935806X 0385335482 0345339703 0345339711 0590353403
89891,0425152251 0804106304 0375725784 0385486804 0679781587 0061097314 0316769487 0671027360 0440236703 0440206154
89905,0312278586 0440207622 0312291639 0671670689 0671695169 0671534734 0671534718 0671020293 0440184053 0440170796
89911,0671027360 0312291639 0671759345 0553582763 0671534734 0671670689 0671695126 0671695142 0671695169 0671534718
89913,0375727345 0316666343 0060928336 0385335482 0452282152 0385504209 0316776963 0671021001 044023722X 0140293248
89917,0385720106 0446672211 0060175400 038550120X 0316569321 0060391626 0345443284 067976402X 0060199652 0060959037
89922,0439139597 0345361792 0385484518 0439136350 0451188462 0684853507 0451142934 0684853515 0451167317 0671042858
89945,0440211727 0440234743 0060928336 0440213525 0440224764 044021145X 0316601950 0440241073 0312195516 0060930535
90049,0316769487 0440213525 0440206154 0066214122 0060392452 0440236673 0060502258 0671004107 0446605239 0671021001
90072,0330332775 0451172817 0440206154 0451167805 0140071814 0330367358 0749397543 0446610399 0451202341 0099771519
90075,0316693200 0385504209 0316969680 0385503822 0316693235 0316602906 0316693006 0385511612 0142001740 0385510438
90088,0060928336 0451172817 0451176464 067102423X 0451167317 0451188462 0451169514 0345439104 0451180232 0140298479
90105,2253063339 2253044903 2070360024 2266023039 2290311782 2205054252 2253057843 2070408507 2253152846 2253005274
90134,0140067477 0385486804 0062502182 0156027321 0441172717 0380789019 0316779423 0440998050 0451163966 0449212602
90137,0312971346 0312966091 0061009059 0671001795 0312980140 0345339681 0312265867 0312265840 0312265859 0312983867
90146,044023722X 0446672211 0440241073 0440211727 0440236673 0440224764 044021145X 0440221471 0316284955 0440220602
90170,0316666343 0312278586 0446672211 0439064872 0316284955 0670892963 0316969443 044900371X 0451166892 0452282152
90174,0439136350 0439139597 0439064864 0439064872 059035342X 0439139600 0060392452 0590353403 0439136369 0804106304
90176,0440206154 0312924585 0345370775 0316769487 0345417623 0425143325 0345380371 0345353145 0553560735 0425109720
90192,0060928336 0671021001 0385504209 0440211263 0375707972 0679429220 0385335482 0451169530 0446605239 044021145X
90198,0345337662 0345370775 0312924585 034540288X 0440206154 0345313860 0345384466 0345391055 0345378490 044022165X
90232,2253063339 2266023039 2290311782 2070360024 2253057843 2205054252 2070408507 2253005274 2277260029 2264027134
90277,2253150711 2253044903 2070360024 2266023039 2290311782 2205054252 2253057843 2253005274 2070408507 2277260029
90279,0140298479 0385335482 0060928336 0060930535 0140293248 0312278586 0446310786 0060976845 0385484518 0446605239
90286,0316666343 0142001740 0345391055 0684814994 0553279378 0312305060 0099747200 0312195516 0671036505 0440207770
90300,0345339703 0385484518 059035342X 0439064864 0684874350 0446310786 0439136350 0440219078 0439136369 0345339738
90311,0385505833 044023722X 0385484518 0679781587 0312305060 0446672211 0446610399 0446519138 031242227X 0452282829
90322,0553271636 0316284955 0156027321 0553279556 0385335881 0553284789 0449219364 0449221482 0440414806 0385722206
90358,0440206154 0316769487 0316666343 0345353145 0345339681 0316096199 0345378490 0446607657 0446364193 0312924585
90391,0312195516 0316666343 0316776963 0375726403 0385722206 0312305060 014029628X 0060934417 0316284955 014025448X
90417,0446672211 0316666343 0060976845 0446605239 0671021001 044651652X 044021145X 0375706771 0060930535 0440226104
90423,0446310786 0380789035 0345413369 0345339681 059035342X 0553375407 0385720106 0452264464 0439064872 0786868716
90467,0440222656 0446364193 0345380371 0440206154 0446601241 044023722X 0312195516 0345417623 0553572997 0440211727
90471,0375700757 0380018179 059035342X 044651862X 0439064872 0671250671 0399144463 0553375407 0446532231 0316666343
90481,3442541751 3150000017 3492045170 3423202327 3423201509 325722575X 3257229534 3423202947 3426029553 3442092981
90517,0446672211 0316666343 0060928336 0375707972 0312195516 0375706771 0060976845 0671021001 0385265700 0312278586
90614,0385503822 0316693006 0385504209 0316603570 0385510438 0446612790 0399150897 0316693200 0446607657 0316969680
90616,0385504209 0671027360 043935806X 0385510438 0399150897 0151008116 0525947299 0312278586 0446530891 0385337116
90620,0312976275 0449213943 0375700757 0440211727 044023722X 0671001795 0451153553 0446606189 0312966091 0553279378
90635,0452282152 038082101X 0425144429 0312274920 014029628X 0060915544 0553279378 0330262130 0091867770 055321313X
90653,059035342X 0439136369 0439139600 0345337662 043935806X 044651652X 0439136350 0439139597 0316769487 0671003755
90657,0345417623 0440234743 042513525X 0449006522 0425151867 0553580221 0345386108 0345384369 0345353145 0345378490
90694,0380789019 0553572997 0425152251 0312980159 0070212570 0441003257 0451169530 0312974256 006101351X 0060934719
90731,0440498058 0684848783 006101351X 0425144429 0446679593 0394820371 067102423X 0345353145 0451196716 0345441036
90743,0439139597 0439136350 043935806X 0446310786 0590353403 0316769487 0345342968 0451524934 0451526341 0060929871
90766,0440236673 0070212570 0786817070 0091867770 0375703055 0440206154 0316284955 0446605239 0671617028 0375703861
90776,0671027344 0446310786 0440180295 0380814021 0684801523 0316769487 0064400557 0345342968 0553208845 0451163966
90784,0345351525 0345337662 034538475X 0345384466 0380789019 0345397819 0380789035 0345409671 0062502182 0440206154
90793,0316666343 0156027321 0375725784 0312282990 0316776963 0385504209 038572179X 0375703861 0446670251 0151008116
90829,3442541751 3150000017 3492045170 3423202327 3423201509 3423202947 3257229534 325722575X 3426029553 3257227809
90830,3442541751 3150000017 3423202327 3423201509 3257229534 3423202947 325722575X 3426029553 3257227809 3442092981
90839,3442541751 3492045170 3423202327 3423201509 3150000017 3423202947 3426029553 3257229534 325722575X 3257227809
90915,0446672211 0385484518 0446605239 0671021001 0316284955 0452282152 0671510053 0316899984 068484267X 067976402X
90936,0140293248 0312278586 8806143042 880781210X 0385335482 014028009X 006101351X 8845215989 8845237303 8806166484
90971,0312195516 0142001740 0679781587 0375707972 0385504209 0060930535 0671003755 0060928336 0312291639 0345443284
91001,0552137030 0552124753 0330332775 0099771519 0590660543 0552131075 0552131059 0552996009 0552131067 0590112899
91002,0375504397 0670855030 0684867621 0525941908 0385497466 0670844527 0385424736 0316969680 0385490992 0451156609
91012,0385335482 0743418174 0312291639 0140293248 0312278586 0060096195 0385335830 0140298479 0385504209 0385730586
91017,0446612790 0446611212 0446610038 0446612545 0446608815 0671027360 0446364193 0553578693 0446605484 0446607657
91023,0679781587 0440211727 044651652X 0440226430 0440224764 0060928336 0140293248 0399143947 0385335482 0446673544
91026,0440211263 0440222656 0440235596 0385504209 0440204194 0440221595 0446605239 0446611867 0316666343 0452282152
91047,051513287X 0515131229 0373218192 0515130389 0515132020 0515128554 0671027360 0515128546 0515126772 0515133973
91058,0385504209 0142001740 0156027321 043935806X 0385484518 0452282152 0452282829 0375726403 0375727345 0312983271
91061,014028009X 0140293248 0060977493 0060976845 0312422156 0140298479 880781210X 0156012197 0375504613 002542730X
91085,0375700757 0375705856 0316781266 0449213943 0446606189 0312976275 0553578685 0345348036 0452282152 0064408647
91103,0440226430 0446672211 0142000205 0440211263 0446605239 0385265700 044023722X 0316601950 0425167313 0375727345
91113,0060928336 0316666343 0060987529 0446672211 0312983271 0743418174 0345384466 0452282152 0312278586 014028009X
91119,0451156609 0451167317 0451176464 0451180232 0451172817 0451160525 0451177096 0451153553 0451188462 0425105334
91130,0060976845 0312966970 0312980140 0061009059 0312971346 0312976275 0316601950 0312265867 0312983867 0671001795
91165,0380789035 0345413350 0786817070 0671510053 0345384466 0671003755 0385474016 0440226430 0345313860 0380813815
91184,0439139597 0679745203 059035342X 0446310786 0439064872 0684801221 0425152251 0345387651 0142000663 0156012197
91203,0385504209 0316569321 0440236673 0671027360 0316096199 0316666343 0671021001 0440234743 0060096195 044023722X
91244,0345338588 0446611867 0345322215 0345322231 0345339681 0380752859 0345318854 0399144463 0316096199 0345347536
91258,0142001740 0156027321 0060938455 0385722206 0452282152 0312195516 0449005615 0062502182 0679781587 0385504209
91263,0385504209 0385486804 0142001740 0156027321 0345342968 0385722206 0060987103 0060921145 0671003755 0679745203
91266,0380753006 0380814803 0553561537 0380762587 0380756293 0440237556 0380820854 0671737791 0380750872 059035342X
91341,0316666009 0399143947 0399142851 0399146253 0385503822 0385508042 0385511612 0553802496 0684195305 0446527033
91342,0515131229 0515128554 051513287X 0515121843 051512608X 051512317X 0515132187 0373218397 0515136530 0515133973
91390,0060928336 0679746048 0316284955 0671021001 0440226430 0060976845 0385335482 0385335881 0452269571 0743418174
91423,0345417623 0345339703 0440225701 0345339738 0553296981 0590353403 0345339711 0345354613 0446611867 0439136350
91425,0312195516 0316666343 0060928336 0316284955 0446672211 0060976845 0671003755 0743418174 0142001740 0375725784
91428,0060928336 0064407675 0060987103 0316777730 0380002930 0380813815 0316776963 0312291639 0316769487 0380977788
91449,0316666343 0553280341 0449003795 0385504209 0553271636 0156027321 0449219461 0449221482 0452282152 0553280368
91478,0316601950 0375707972 0446672211 0060928336 0671021001 0375727345 0385720106 0312195516 037570504X 0671003755
91491,042510107X 0425180964 0425109720 0425116840 0425143325 0425170349 0345380371 0425122123 0425083837 0440224675
91532,0679429220 0375727345 0517556278 0684874350 0312195516 0060392452 0316569321 044651862X 0385504209 0440214041
91576,0312274920 0330367358 0099771519 0330332775 0590660543 0590112899 0749395990 0140298479 0380977788 0380789035
91627,0060959037 0060928336 0452282829 0060915544 0316776963 0804106304 0385720106 0385484518 068484477X 0451191145
91631,0385335482 0446310786 0060502258 0312278586 0375700757 038079487X 0345370775 0385720106 0142001740 0375707972
91633,0446611867 0440226430 0375703063 0385504209 0671027360 0316666343 0142000205 0345350499 0440180295 0385505833
91634,0375727345 0316666343 0060934417 0312305060 0142004235 0316096199 0375726403 0385265700 0142001740 0452282829
91647,0446610038 0553279912 0440226430 0380718332 0425154092 0449223604 0446607657 0380717018 0345413881 0446606189
91685,0440234743 0446359866 0385486804 0553579606 0446604844 0380731851 0446608890 0440206154 044023722X 0425182878
91692,0061009059 0671001795 0380731851 0312966091 0553280341 0312983867 0312980140 0553571656 0553280368 0553271636
91719,0385424736 0385490992 0345370775 0345313860 0385508042 0451526341 0316769487 0440214041 006016848X 0375727345
91751,0385508042 0385490992 0385503822 0385424736 0385493800 0385472951 0385511612 0316666009 0316969680 0316693006
91761,0446672211 0312195516 0142001740 0385720106 0345443284 0452282152 0452264464 068484477X 0375702709 0060934417
91777,0451184963 0446672211 0385335482 0671003755 0451177096 0609804138 0345444884 0670858692 0385424728 0553296981
91792,0312291639 0671670689 0671695169 0671695142 067164257X 0671695126 0385504209 0671534734 0671759345 0671534718
91832,0316284955 0060915544 0452282152 0446310786 0446605239 0452264464 0060959037 0440498058 0671617028 0671021001
91838,0345342968 0446310786 0553572997 0380977788 0345361792 0060934417 002542730X 0060921145 0684801523 0375725784
91875,0385504209 0312278586 0316096199 0316969680 0316601950 0060928336 0446531332 0060976845 0671027360 0671021001
91882,0671003755 0385722206 0316284955 0452282152 0449005615 0142001740 0671510053 0385474016 0060958022 0060934417
91931,0679781587 0385498802 0385486804 067976402X 0375703861 0312195516 0316601950 0425152251 0446672211 039592720X
91937,0385492081 0671027387 0441172717 0452264464 0425083837 0345417623 0060916508 0345354613 0553275976 0425158632
91962,0099771519 0671510053 0552124753 000649840X 0330332775 0552131067 0679781587 0140293442 0140620338 0070212570
92005,0091867770 0312278586 0330367358 0316666343 0552998001 0330332775 0440206154 0552998486 068484267X 0099771519
92048,0452282152 0060502258 0345417623 0060987529 0385722206 0060976845 0060959037 0312291639 0385504209 0060938455
92079,0312291639 0446610038 0316777722 0312278586 014028009X 0440215625 0452269571 0440204887 0553575384 0380002930
92132,0515132020 0515126772 0515128546 051513287X 0515131229 0373218397 0373484410 051512608X 0515121843 0373244487
92152,0142001740 0312305060 0385722206 0449005615 0452282152 0385498802 0345361792 0671510053 0671003755 0156027321
92156,0060928336 0375706771 0375707972 0671021001 0142000205 0446394521 0385265700 0425167313 0060976845 0060987561
92184,0385503822 044023722X 0385504209 0385490992 0446605239 0385510438 0385505833 0446531332 0446608955 0316969680
92208,0330367358 0156027321 0099771519 0590660543 0590112899 0330332775 0552137030 0060938455 0552131067 0515133302
92215,0552131067 0380789019 0380789035 0451524934 0552998001 0062502182 0380002930 0553572997 0099771519 0330262130
92278,0440241073 0316601950 0440234743 0440236673 0312195516 0440224764 0440225701 0316666343 0446364193 0440211727
92316,0060502258 0345417623 059035342X 0345391802 0451524934 0316769487 0060929871 0439136369 0316666343 0156027321
92336,0553569910 0440224675 059035342X 0786868716 0151008116 0316666343 0345353145 0380731851 0446610542 0316969680
92346,0385722206 0060915544 0060934417 0345427637 0385720106 0316601950 0553273914 0060921145 0380730138 0060916508
92388,0316666343 0345387651 0099771519 0679781587 0316284955 0345337662 0070212570 068484267X 0345313860 0804106304
92390,0440225701 044023722X 0440241537 0425180638 0440234743 0425182908 0440224764 0440236673 0385504209 0425182878
92398,0385490992 0385497466 067102423X 0375504397 0670868361 0440214041 0451177096 0385424728 0451180232 0451163524
92399,0451163966 0446310786 0316769487 0140067477 0451526341 0590353403 0553296981 0380789035 0380002930 059035342X
92405,0515132020 0515128546 0373218397 0515126772 0446612545 051513628X 0515121843 051513287X 0515131229 0515128554
92486,0312305060 0028604199 0375504613 006050918X 0452280621 0553572997 0385334923 0552998486 0553213148 0312274920
92498,0375726403 0060959037 0345424719 038572179X 006000438X 0316666343 0385265700 0312422156 0375706410 0060934417
92524,0345384466 0312195516 0345313860 0345351525 0449212602 0316284955 0345370775 0060928336 034538475X 0380002930
92534,0345337662 034538475X 0345370775 0345351525 0345384466 0439136369 0439064872 0345313860 0345339703 0345397819
92547,0446611867 014025448X 0553274295 0310205719 0070212570 0316769487 0842329269 084232920X 055321313X 0842329161
92561,0440226430 0440998050 0345378490 002542730X 0380012863 0553573136 0440211263 0399501487 0446605239 067150987X
92570,044651652X 0312976275 0345370775 0425154092 0446606189 0451167716 0553268880 0312983867 0451526341 0749397357
92571,0375706771 0312278586 0671003755 0446672211 0316601950 0385335881 0062502182 0679746048 038533334X 0439064872
92637,0786868716 0679429220 0671708635 0842329129 0399144463 080410526X 0345361792 0679781587 006016848X 0385484518
92648,0380789035 0345413350 0441790348 0345370775 0441003257 0142001430 0446667900 0345337662 0425175405 0553560735
92652,0399144463 0786881852 0609804138 0671708635 0446611212 0385492081 0451526341 0316569321 0553272535 0446610038
92658,0553580221 042513525X 0425144429 0345386108 0425124347 0425107469 0425153975 0451181379 0553582755 0425181103
92659,0345387651 0385504209 0316777730 0385335482 0380002930 0375727345 0743418174 0380727501 0451163966 0767905385
92664,0440220602 044022165X 0440224764 044021145X 0440213525 0440214041 0440211727 0440236673 0440225701 0345337662
92674,0375706771 0060928336 0312195516 0375727345 0385484518 044021145X 0440215625 0345361792 0316601950 0380018179
92693,0439064872 059035342X 0345339711 0345339738 043935806X 0439139600 0385504209 0439139597 0439136350 0439064864
92696,014025448X 0070212570 0140257934 0312195516 0345438329 067976402X 0140270590 0452282152 0671027360 0671510053
92724,0385504209 0452282152 0312195516 0312305060 0375726403 0385722206 0060959037 0156027321 0375727345 0449005615
92798,0312195516 0060930535 0142001740 0140298479 0452282152 0060392452 0446672211 0375707972 0316284955 0684872153
92804,0316769487 0385730586 0345387651 0609804138 0345361792 0446610038 0399144463 0553279912 0399501487 042511774X
92810,0684872153 0312995423 0345447867 0553582127 0316601950 0066214122 0345413873 0440206154 0553578022 0671011367
92851,044021145X 0345339681 0446310786 0345353145 0345342968 0440224764 0440211727 0385484518 0345370775 044651652X
92853,000649840X 0330367358 0552996009 0590660543 0552137030 0552998486 0552999458 0091867770 0590112899 0552996181
92861,0679746048 0446670251 0060977493 006000438X 0385512104 0316096199 0446606812 0060987103 0316781266 0385335881
92865,0312195516 0380789019 0441569595 0440206154 0440224675 0679781587 0449212602 0375725784 0345313860 0345350472
92869,0515131229 0515132020 0515128554 051513287X 0515128546 0515126772 0515133973 0515121843 051512317X 0373218397
92883,0316666343 0156027321 0380789019 0385486804 0316776963 0449911519 0380789035 0553582747 0670031909 0553582755
92901,0316666343 067976402X 0345391802 074343627X 0380789019 055356160X 0446612545 042516098X 0446612790 0316284955
92909,3442541751 3150000017 3492045170 3423202327 3423201509 3257229534 3423202947 3426029553 3257227809 3442092981
92938,0446606812 0060987103 0552137030 0060977493 0552124753 0446605239 059035342X 0330332775 0330375253 0061097314
92979,0671003755 0375707972 0142001430 0375706771 0385486804 0385720106 0553572997 0452282195 068484477X 0140244824
93018,0552124753 0552131067 0552131059 0552128481 0552137030 0552131075 0552134627 0552134651 0552134619 0552142379
93034,0060928336 0385504209 0385484518 0380012863 0671027360 0312195516 0062502182 0156027321 0679735771 080410526X
93039,043935806X 0671027360 044023722X 059035342X 0439064872 0439139597 0375725784 0439136369 0140298479 067976402X
93046,0440222656 0316601950 044023722X 0375506039 0452282152 0671021001 0375700757 0440224624 0375726403 014028009X
93047,0385504209 0061092177 0061059072 034536676X 043935806X 0064400557 059035342X 0312195516 0553268880 0440498058
93085,0440226430 044021145X 0451156609 0425175405 0425180638 0451167317 0451176464 0380718340 0425147622 0440224764
93092,0440226430 0446605239 0375727345 0440222656 044022165X 0452264464 0385484518 0440213525 0440241413 0385730586
93105,044023722X 0316666343 0345417623 0385511612 0060502258 0385505833 038550120X 0385490992 0446611212 0385508042
93114,0684874350 0345350499 0375727345 059035342X 067976402X 0316601950 0345368932 0345337662 0345335465 0060175400
93116,0446672211 0316666343 0440226430 0312983824 0140293248 0385265700 0375706771 014028009X 0440213525 0060915544
93130,0345353145 0345338588 0380752859 0345378490 0380759489 0345370775 0345337662 034540288X 0380752891 0380752867
93141,0345348036 0345339681 0804106304 0684872153 0385484518 0345417623 0060915544 0446310786 0804114986 0553279378
93147,0099771519 000649840X 0330367358 0091867770 0749397543 0330375253 0552124753 0099279274 0099747200 0671727796
93161,0684874350 0679429220 0374199698 0060391626 0679781587 0451166892 0060977493 0553250531 0385424736 0375413634
93179,0440214041 044022165X 0440234743 0440225701 0440211727 0380018179 0440221471 0425155404 0451176464 0440222656
93194,0064407667 0064407675 0060987103 0316769487 0380789019 043935806X 0380789035 0064407691 0553375407 0439139597
93241,0142001740 0385504209 0060930535 0156027321 0312305060 0312195516 0679781587 043935806X 0375726403 0439139597
93245,0452282152 0316666343 0142001740 0312282990 0375705856 0385504209 0151008116 0316776963 0312195516 0156027321
93257,0312195516 0452282152 0060930535 0452282829 0060915544 0060921145 0060928336 0142001740 0385720106 0316601950
93269,0060987103 0441304834 0671708635 0525947647 0345337662 0553575384 0553573403 0425181685 0064407667 0441005748
93308,0515136530 0515135062 051513628X 0515131229 0515132020 0515130389 0373218397 051513287X 0515121843 0515126772
93335,0316776963 0385504209 0156027321 0312282990 0312421273 0142001740 0375725784 0385503954 0375726403 0385512104
93355,0671027573 0671027581 0515136379 051513628X 0515136530 0380820854 0380814803 0380811065 0451207947 0345370775
93358,0345313860 044651652X 0446516538 0553272535 0385505833 0142004235 0671041789 0316602906 0385484518 0140185216
93363,0312195516 0345417623 0553213148 0679781587 044023722X 0345370775 0684872153 0786868716 0671250671 0380018179
93364,0440206154 0345370775 0316776963 0316769487 0380789035 0375727345 0446532231 0446605239 0060976845 0451526341
93370,0385335881 0312265867 0060934417 0451526341 0446606812 014100018X 042511774X 0312966091 0684801523 0671693816
93377,0385492081 006101351X 0375700757 0684874350 0446606812 0553375407 059035342X 0786881852 0140119906 0684848783
93386,0440206154 0316666343 0804106304 0767900383 0446610399 0375727345 0060921145 0060502258 0380731851 0316284955
93421,0060928336 0385503822 0316969680 0316693006 0452282152 0142001740 0316969443 0679781587 0446672211 0316601950
93426,0446611867 0312983824 0446608955 0385335881 0440226430 0140298479 0385336179 0385335482 0312980159 0312966806
93427,0316666343 0060987103 0316096199 0385335482 0316781266 014028009X 0140293248 0425167313 0385336179 0446670251
93453,0316693006 0446612790 0446607657 0446531332 0440241073 0316666343 0385503822 0385504209 0142001740 0316602906
93483,0446606812 0671027360 0440211727 0312278586 0451526341 043935806X 0446605239 0440213525 0446610399 0385730586
93513,042513525X 0425158616 0446604089 0553576798 0380710218 0446609404 0425107469 0425169863 0446364762 0446364193
93518,059035342X 0446672211 0439136369 0439064872 0446605239 0312995423 0312195516 0515130389 0440241073 0385484518
93562,0440241537 0446610038 0061009059 0425182878 0440241073 0446612790 0312980140 0312983271 0446611212 0380731851
93565,0679781587 0312195516 0142001740 0679429220 0060976241 0525947647 0060392452 0375725784 0440235162 0345342968
93591,0312924585 0345313860 0140293248 0345413873 0553280414 0345413903 0380820889 0452268060 0440223202 0515128821
93595,0440206154 043935806X 0440224675 0385265700 0451169530 0439136369 0060987103 0060987529 0380789019 0425155404
93615,0385484518 044651652X 0446364193 0316666343 0316969680 0786868716 0440234743 0440214041 0786881852 0385493800
93629,0446605239 044021145X 044022165X 0553572997 0440226430 0375707972 0070212570 0671250671 0440222656 038548951X
93630,0446612790 0515131229 0446612545 051513287X 0446610038 0515132020 0316666009 0446607657 0440226430 0316693006
93631,0446672211 0316666343 0671021001 0375706771 0375707972 0385484518 0316284955 0060928336 0142000205 0425167313
93636,0345337662 0345313860 0345351525 034540288X 0345370775 0345378490 0345369947 0345409671 0440206154 0345404319
93691,0345337662 0142001740 0345351525 0316666009 0345350499 0345313860 0452282152 034538475X 0312305060 0316969680
93698,0440211727 0684872153 0679781587 034540288X 0385492081 0440206154 006101351X 068484267X 0446672211 0440222656
93701,0312265859 0385503822 0385508042 0449003795 0385490992 0553280341 0385505833 0425192725 0312966091 0440236703
93711,0156027321 0316666343 0671027581 0316096199 0060987103 0062502182 0140067779 0385335881 0316168688 0399149155
93726,0446310786 0316769487 0439136350 0330332775 0439064864 038549081X 0451163966 0671021001 0671041789 0679746048
93732,0385492081 0345361792 0452282152 067976402X 0142001740 0671510053 0553572997 0375727345 0345443284 0385484518
93740,0099771519 0091867770 0446610038 0552996009 0747546290 0330332775 0440224675 0446607657 0684862719 0451166892
93769,0385492081 0515115649 0553560247 0671510053 067976402X 0060930535 0553574671 0446672211 0446605239 0553574663
93770,006101351X 0446310786 0345361792 0385492081 0679781587 0684874350 0679429220 0684848783 0440215625 0679746048
93790,0679781587 0525947647 0446605239 0060938455 0786868716 0399501487 0671027360 0440219078 0399144463 0316769487
93794,0312983271 0312995423 0425192725 0515130389 0671027360 0515135062 0385504209 0446612545 0440241537 0449003787
93800,0440241073 044023722X 0440224764 0446679593 0449907481 0446364193 044022165X 0446607657 0609804138 0345361792
93837,0786881852 0385730586 0440224675 0553272535 0440226104 0440204887 0316601950 0743418174 059035342X 0446606812
93855,0684872153 0316666343 0345387651 080410753X 0060928336 0452282152 067976402X 059035342X 0440206154 0151008116
93871,0440224764 044023722X 0440221471 0440241073 0440236673 044022165X 0425154092 0440234743 0440214041 0380731851
93872,0446605239 0446610399 0451526341 0446310786 0312278586 059035342X 0440213525 0671021001 0440226430 0440211727
93903,0440226430 0440235596 0446611085 0312278586 0142000205 880781210X 0451203771 0060502258 0440212561 8806166484
93968,0061009059 034541389X 055357230X 0345413903 0671027360 0380718340 0441003257 0316779237 0312282990 0380817691
93985,0385504209 0399150897 0385510438 0316603570 0385511612 0385508042 0316602906 0316693006 0345452550 0316603287
94023,0552124753 0552137030 0552131067 0552131059 0552128481 0552131075 0552134635 0552134643 0552134651 0552134619
94087,0312195516 0452282152 0375727345 0446605239 0345443284 0060930535 0446608955 0375707972 0440211263 0060938455
94094,0312195516 0452282152 0142001740 0060928336 0060930535 0446672211 067976402X 0375727345 0452282829 0060976845
94100,0671021001 0312966806 0312278586 0440213525 0440226430 0440221471 0316666343 0440241073 0385336179 0060915544
94153,0156027321 0142001740 0316666343 0786868716 0316096199 0060934417 0060502258 0743418174 0385504209 0449911519
94173,0316601950 0440211727 0446672211 0399501487 0316777722 044651862X 0671510053 0440214041 0140293248 0670865796
94194,0330332775 0552124753 0552996009 0552137030 0590660543 0330367358 0349101779 0552996181 0552999458 0091867770
94209,0553572997 0062502182 0449212602 0156027321 0553208845 0684874350 0425152251 0553277472 0446310786 0345427637
94213,0385504209 044651652X 0151008116 0142001740 0156007754 0375700757 0684874350 0385722206 0345387651 0385484518
94241,8408043641 8432206407 8445071416 8433969978 0451204530 8420616893 8477204055 8423310353 8478884955 0140298479
94242,8408043641 0060987103 8433969978 0440226430 8432206407 8445071416 8477204055 0060977493 0441003257 038529929X
94248,0380789035 0439064872 0345342968 0380789019 0312983271 0439136369 051513287X 0062502182 0451524934 043935806X
94263,043935806X 0385508042 0671027360 0590353403 0439064864 0064471047 0439139597 0439136350 0064407667 0439139600
94264,0385511612 0385505833 0385490992 0385508042 0385497466 0345417623 0316693235 038550120X 0316693200 0316666009
94290,0316769487 0380789019 0312924585 0380778556 0380977788 0451526341 0553279912 0618002227 0671021001 0679723161
94307,0439064872 043935806X 059035342X 0439139600 0439139597 0439136350 0439064864 0590353403 0345339681 0345339738
94334,0671027360 0380731851 0671027387 0446612790 0066214122 0446667900 0446611638 0345413903 0553578693 0440241073
94347,0385498802 0345370775 0375725784 0385722206 0345424719 014028009X 0312243022 0449912558 044021145X 0060929871
94362,0316666343 0446531332 0452282152 0312278586 0316781266 059035342X 0060987103 0446606812 0142001740 0446605239
94366,0425175405 0425154092 0446610038 0446364193 0425147622 0446601241 0440224764 0380718332 0380718340 0380717018
94376,0345351525 034538475X 0345384466 0440234743 0440221471 0440220602 0060928336 0345369947 0446672211 0345409671
94385,0440235596 0451203771 0440222656 0452282152 006101351X 059035342X 0440122090 0440226430 0440221595 0385484518
94396,0345353145 044021145X 0440220602 044022165X 0345417623 044023722X 0345380371 0440234743 0345370775 0446610038
94445,0380789019 0345413350 0345348036 0804106304 0345337662 0380789035 0441004326 0345335465 0671021001 0385486804
94455,0385504209 0060938455 0380789035 0525947647 0064407667 043935806X 0671027360 0385479565 0142001740 0062502182
94474,0553250531 0515126772 0449212602 0515128546 0312195516 051513287X 0515131229 0553280945 0553289411 0553268880
94494,0385504209 0142001740 0312195516 0385335881 0140298479 0312305060 044023722X 0060928336 0060976845 0385336179
94495,0385504209 0671027360 0385508042 0385511612 0385503822 0316693006 0671027387 0316602906 0399149155 0553802496
94513,0312278586 0312195516 0446672211 0380814021 0345337662 014100018X 0440219078 0440414806 014131088X 059035342X
94519,0451180232 0451156609 0553582755 0316666343 0440241073 0451167317 0345353145 0451177096 0451142934 0440236673
94529,0316666343 0446672211 0440226430 0671021001 0446310786 0312278586 0316899984 0385265700 0316284955 0375702709
94547,0451169522 0345361792 067102423X 0099245027 0451169530 0451161343 0451184963 0375725784 0553296981 0140177396
94630,0061009059 0312966970 0312966091 0449212602 0060392452 0312971346 0060987103 0312195516 0380002930 0345413350
94639,0312278586 0312195516 0385504209 0446672211 0316096199 0679781587 0316769487 0316601950 038572179X 0316284955
94651,044022165X 0060915544 0440234743 0440225701 0553296981 0671510053 0425175405 0553275976 0449907481 0804106304
94691,0060938455 0060392452 0446532231 0671027360 0316788228 0316782505 0345339681 0380731851 0684874350 0684872153
94730,0316666343 0385486804 0553375407 0451524934 0316769487 0316779423 0060392452 0679746048 0140042598 0375725784
94737,0804106304 0375727345 044661193X 044022165X 0385265700 0060928336 0385505833 0345348036 0061009059 0446519138
94744,0553582755 0671021001 0060928336 0446672211 0446608955 067102423X 0312990456 0439139600 0345413350 0385720106
94768,0091867770 0330332775 0552996181 0552996009 0060392452 0552998001 0312195516 0099771519 0330367358 0552137030
94781,0425154092 051513287X 0440224764 0515131229 0425175405 0440221471 0515126772 0515128554 0515128546 0515132020
94787,0439064872 0439136350 0439139597 0345339681 0671024248 0439136369 0439139600 0380731851 0312983867 0439064864
94804,043935806X 0439139600 0439136369 0439064872 0439139597 044651652X 0345384466 0060928336 0385505833 0440236673
94815,0316769487 0679723161 0345342968 2253063339 0671250671 0060929871 2253150711 2070360024 0140620338 2253044903
94818,0316666343 0064407667 0060934417 0156027321 0312278586 0440414806 0671027360 0446605239 0385504209 0553296981
94843,0446611085 0345350499 044021145X 038542017X 0743227441 0553574574 0440226104 0385324138 0553268880 0060915544
94853,0380002930 006016848X 034540288X 0140293248 0061020710 0345313860 0064407675 0440235596 0441003257 0747532745
94865,3442541751 3492045170 3423202327 3423201509 3257229534 325722575X 3423202947 3426029553 3257227809 3442092981
94886,0345337662 0156027321 0375700757 0385486804 0142001430 0345339703 0312195516 0786881852 0446532231 0345427637
94897,0553572997 002542730X 0142001430 0156528207 0385418493 0345427637 0553562738 0743227441 0671510053 0385512104
94923,0345370775 0446605239 0671004107 0553572997 0060987103 0385505833 034540288X 038550120X 0345353145 0316089699
94931,0345417623 0345370775 0345353145 0345378490 0440206154 0345402871 0316666343 0066214122 0345391055 044023722X
94944,0312966091 0061009059 0312971346 0312966970 0312265867 0671027360 0060930535 0385504209 0345339681 0671001795
94951,0553560735 0345353145 0345348036 0441790348 0345417623 0061020710 0553573403 0671004107 044661193X 0553262505
94952,0345353145 0062502182 0345378482 0385486804 044021145X 0553572997 0345380371 0345378490 0345391055 0345348036
94965,0316666343 0440211727 0446604801 0446612790 0316693006 0446611212 0440220602 0446605484 0385504209 0440214041
94971,044022165X 0440220602 044021145X 0440213525 0440211727 0440214041 0440224764 0440226430 0451184963 0451156609
94978,0385335881 0385336179 0312278586 0140293248 0312291639 0316777730 0446310786 0679746048 0446673544 0385730586
94984,0156027321 0385722206 0316666343 0375725784 031242227X 0671027360 0142001430 0312305060 0679781587 0671027387
94985,0440220602 043935806X 038082101X 0451167716 0060929871 0439064872 0439136369 0971880107 8432206407 0439139600
94997,0439136369 0439064872 0446610038 0060987529 0375725784 0553580221 059035342X 0446608815 0671042262 0553572997
95010,0440224764 0312195516 0440214041 0151008116 0440211727 0553280414 0684874350 0679781587 0449212602 044021145X
95025,0553296981 0156027321 0375725784 0671027360 0380789019 0316777730 0345339703 0140067477 0142001805 0140293248
95043,0380789035 0671041789 0440224675 0345313860 0451160525 0345384466 0060392452 0451169530 0060987103 0312924585
95060,0140293248 0385335482 0312278586 014028009X 8806143042 880781210X 0312422156 006101351X 8845215989 8845237303
95072,0380789035 0380789019 0060987103 0345342968 0399501487 0345361792 044661193X 0441790348 0385492081 0060987529
95095,0345348036 0060502258 0446310786 0440211727 0099771519 0553211404 0156528207 0553279912 0060915544 0380012863
95098,3442541751 3492045170 3423201509 3423202327 3150000017 3426029553 3257229534 325722575X 3423202947 3257227809
95131,038079487X 0446672211 0375700757 0375727345 0345443284 0452282829 0375707972 0385720106 0375702709 0060959037
95141,3442541751 3492045170 3150000017 3423201509 3423202327 3426029553 325722575X 3423202947 3257229534 3442092981
95173,0312195516 0060938455 0316666343 0312291639 0385504209 0743418174 0375725784 0156027321 0679781587 0312278586
95193,0452282152 0156027321 0142001740 0671027360 0312195516 0060930535 0060938455 0316666343 0316284955 0385510438
95207,0440224764 0743418174 0380789035 055356451X 0446611867 044022103X 0440223202 0060928336 0515128546 0316776963
95226,0786868716 0786881852 0385484518 0804106304 0446605239 044651652X 0553375407 044651862X 0380018179 0446606812
95238,0061009059 0440206154 0440224675 014023313X 0671250671 0316780375 0316569321 0312976275 0375706771 0395083567
95250,0385504209 0142001740 0671027360 043935806X 0452282152 0060934417 0060930535 0151008116 0375725784 0449005615
95261,0060938455 0060392452 0375707972 0671021001 0345370775 0064407667 0385730586 0060934417 0671004107 0552137030
95269,0451156609 0440211727 0451167317 0451176464 0140298479 0440213525 0440224675 0451180232 0451153553 044023722X
95287,0345370775 0440414806 0553279912 0316168815 0312195516 0060987103 034540288X 0449212602 0385335881 0449221504
95301,0316666343 0552137030 0552124753 0552131067 0552128481 0552131075 0552131059 0064407667 0552145424 0552134619
95311,0316666343 0156027321 0380977788 0552137030 0446310786 0312195516 0099771519 0345361792 0552998486 0380789035
95316,0446610038 0684874350 0671693816 0345439104 055357258X 0553574663 0312966970 034543479X 0446601241 044922046X
95336,0140293248 0312278586 8806143042 0385335482 014028009X 0060502258 0312422156 8845215989 0553582747 8806166484
95353,0312983271 0440211727 0439064872 0316777722 0440419468 059035342X 002542730X 0316601950 0140298479 043935806X
95359,0316569321 0446364193 0385730586 0064407667 0440180295 0440206154 0671027344 0345313860 034538475X 0440224675
95360,0316666343 0312195516 0452282152 0060930535 0671003755 0345342968 0060502258 0345361792 0385265700 0316601950
95393,0312966091 0312980140 0671001795 0312990456 0312986343 044023722X 0060928336 0312265867 0312306326 0312265859
95396,0156027321 0385504209 0060921145 0345342968 0060930535 0375726403 0156028778 0679734775 0385486804 0060934417
95452,0385504209 0671027360 0156027321 0671027387 0316666343 059035342X 0375725784 0446532231 0312282990 0804106304
95492,0440414806 0064407675 0440219078 0553274295 006101351X 0440998050 0446608955 0385335881 0064407683 0060930535
95506,0385722206 0679781587 0142001740 0449005615 0060987103 0060934417 0375700757 0060959037 0375705856 0452282152
95508,0425182908 0316602906 0446612790 0446611212 0446610038 0345413903 0440241537 0399150897 0553582747 0345452569
95509,0425147622 0070212570 0446611212 0425154092 0345361792 0446667900 0446364193 0385492081 0425163407 0446605484
95525,0316769487 0440180295 0060929871 0441569595 0451524934 0451163966 0552124753 0349101779 0446310786 0451526341
95527,0441003257 0446679593 0671003755 0345342968 044022165X 014025448X 0440241537 0515127221 0060930535 0440234743
95574,0316693006 0316666343 0671027360 0316693235 0312278586 0684874350 0156027321 0446530891 0399149155 0316969680
95593,0156027321 0099771519 0091867770 0330332775 0552996181 0552996009 0749395990 0552998486 0552124753 000649840X
95658,0060915544 0671021001 0679745203 0671510053 014028009X 0684872153 0449907481 0345361792 0345378490 0425152251
95738,0140293248 0312278586 880781210X 8806143042 0385335482 0060502258 006101351X 8845215989 8806166484 8845237303
95741,0446672211 0316666343 0060930535 014028009X 0440226430 0446605239 0679781587 0060976845 0142001740 0446310786
95781,0375725784 0316769487 0060987529 0441003257 0380789019 0060502258 0345361792 0380002930 038572179X 0060977493
95800,0385722206 0553273914 014029628X 0385498802 0142001740 0399146431 0385486804 0060175400 0060976845 0375412530
95866,0140293248 0156027321 2070360024 0553296981 0312305060 2253063339 0786817070 2253044903 0316769487 0380789019
95888,2253063339 2253150711 2253044903 2070360024 2266023039 2290311782 2253057843 2205054252 2070408507 2253005274
95902,0679781587 0060173289 014025448X 0452282152 068484477X 0440241073 8408043641 0399501487 0399144463 0312422156
95903,0451177096 0451190521 0553268880 0451190572 0451190556 0380002930 0380731851 0316284955 0060938455 0553250531
95907,0060930535 0060987103 0312195516 0316666343 0375707972 0316284955 0452282152 0060959037 0345361792 0060915544
95909,0671027360 0385335482 038079487X 0312995423 0385336179 0671027387 0385335881 0385504209 0446610399 0553584383
95913,3442541751 3150000017 3492045170 3423202327 3423201509 3257229534 3426029553 3423202947 325722575X 3257227809
95915,034540288X 0440222656 0446604801 0099771519 0451166892 0345380371 0446610038 0345370775 0446364193 038549081X
95921,0316666343 0156027321 044023722X 0385504209 0099771519 0446532231 0091867770 0743418174 0425192725 0330332775
95923,0446605239 0385335482 0446608955 0679746048 0345370775 0385730586 044023722X 0385335881 0060096195 0439064872
95932,0140067477 0679429220 0446672211 0345361792 0312195516 0440226430 0064400557 0679731148 0441304834 0671041789
95933,0156027321 0316096199 0385504209 0316666343 0743418174 0316776963 0375725784 0142001740 0151008116 0060930535
95954,0316569321 0679429220 0385503822 0060391626 0590353403 0439139597 0060199652 038550120X 0679781587 0375504397
95991,0440222656 0553279912 0449223612 0060502258 044023722X 0449221504 044021145X 0399147195 0345387651 0446359866
95995,3442541751 3423201509 3423202327 3492045170 3150000017 3423202947 325722575X 3426029553 3257229534 3442092981
96019,0099771519 0552124753 0552137030 000649840X 0590660543 0552996181 0590112899 0091867770 0099279274 0552998001
96053,0142001740 0385504209 0316601950 0446611212 0449003795 0446612790 0345417623 0380731851 0399149155 0385503822
96054,059035342X 043935806X 0439136369 0385484518 0446608955 0439139600 0446310786 0316769487 0385504209 0679781587
96055,0061009059 0312971346 0312976275 0671001795 0312983867 0312990456 0312195516 0312983271 0060976845 0312986343
96063,0380018179 0375707972 0446606812 0440206154 0684872153 044021145X 0553268880 0804106304 0671027360 067976402X
96096,0440180295 0684801523 0380778556 0451526341 0553574574 0316769487 0451163966 0345361792 0156628708 0553296981
96103,0440224764 0440214041 0440211727 0440220602 044022165X 044021145X 0440234743 0440221471 0440236673 0440241073
96115,0312195516 0312278586 0385504209 0156027321 0316096199 0316284955 0312305060 0679781587 0142001740 0446672211
96194,0446364193 0446606189 0425180638 0425163407 0380718340 0446610038 0446605484 0380718332 0440224764 0425175405
96237,0142001740 0312305060 0312291639 0385722206 0385512104 0060959037 0151008116 0375705856 0449005615 0060958022
96290,0060928336 0671021001 0440224764 0743418174 0449219364 0440226430 0446672211 0679746048 0449221482 014028009X
96320,0440211727 0440220602 0446364193 0440224764 0440213525 0440234743 0440221471 044022165X 0425154092 044023722X
96335,0684874350 0671617028 0380002930 0060921145 0679781587 0440236673 0446310786 0375700757 0553296981 0316776963
96346,0345342968 0446310786 0679745203 0345339681 0425152251 0679781587 0440180295 0060929871 0345350499 0446604666
96357,0449212602 0440211263 0671021001 0385492081 0440213525 0312195516 044021145X 0451524934 006101351X 0060916508
96363,0099771519 0552998486 0552996181 0349101779 0552124753 0330332775 0140620222 0380977788 0091867770 000649840X
96385,067088300X 0671003755 0446310786 0375700757 0451163966 0451526341 0060915544 0140185216 0312278586 0446606812
96402,0440206154 0451524934 0441790348 0345313860 0312924585 0441172717 0671004107 0345351525 0375700757 0812550706
96430,0671027360 0345413903 0446611212 0446612790 0449003795 0440241073 0345452569 0425182908 0312966970 0440241537
96440,0060930535 0060938455 0316769487 0345313860 0345351525 0553277472 0446532231 0609804138 0345337662 0312966970
96444,0142001740 0380789035 0380789019 0316602906 0425175405 0425121631 0425147622 0316666009 0440206154 0060938455
96448,0440220653 0440414806 0064401847 0380698714 0380814021 0312195516 0553274295 055321313X 059035342X 0553213148
96473,0439064872 067976402X 059035342X 0786881852 0312278586 0060915544 0671727796 067169507X 044022103X 006099486X
96474,0316666343 0451156609 0451172817 0451167317 0156027321 0425107469 0425144429 0425128164 0425115801 0451177096
96475,0312278586 0385335482 0140293248 0671027360 0060928336 0060976845 038079487X 038572179X 0060987103 014028009X
96493,0552124753 0552131075 0552137030 0552140295 0552145424 0552134627 0552140287 0552134635 0552134651 0552134643
96521,0156027321 0385722206 0316776963 0452282152 0743418174 0553262505 0142001740 0312305060 0449911519 0385504209
96528,0375726403 0156027321 0375412824 0345445848 0375727345 0140293248 0385498802 0060958022 0142001740 0449005615
96529,014028009X 044023722X 0671689746 0060928336 0671739735 0515107662 0380762595 0446519138 0671744216 0380756250
96545,0064407667 0345361792 0060987103 0312421273 014025448X 0385492081 0312195516 0553572997 0385722206 0316779237
96554,0380789035 0151008116 0385504209 0375706771 0140293248 0345424719 0446310786 0345361792 0316776963 0140298479
96608,0312195516 0316666343 0553213148 0345417623 0312201656 0451524934 0380018179 0380977788 0671617028 0316769487
96611,0060987103 0060987529 0679781587 0375700757 038079487X 0316776963 0375726403 0316769487 0060930535 0446670251
96659,000649840X 0743418174 0385335482 0330332775 0552137030 0749395990 0316096199 0552998486 0142001430 0552124753
96679,0142001740 0312291639 0385335482 0385504209 0446672211 0446310786 0312195516 0345342968 0060930535 0679781587
96718,0380002930 0345361792 0553280414 0553274295 044021145X 0684801523 0440180295 0679723161 0446310786 0671003755
96744,0440211727 0440214041 0440220602 042510107X 0345417623 0553260111 0425083837 0425116840 0425109720 0345380371
96771,044021145X 0440220602 0440221471 0440211727 0440241073 0345353145 0440224764 0345417623 0345380371 044022165X
96776,0451172817 0451167317 044021145X 0553572997 0446364193 0451156609 0451147367 0440998050 0451160525 0553274295
96843,0679781587 0345353145 0446604801 0316666343 0316601950 0446608815 0804106304 044023722X 0385492081 0671023616
96869,0345370775 0440206154 0679723161 0060929871 0140298479 0345380371 0156007754 0375700757 0060930535 068484267X
96876,0743418174 0552996009 0330332775 0091867770 0099771519 0099747200 0552998001 0552998486 068484267X 000649840X
96880,0345313860 0345337662 0553580221 034538475X 0345351525 0671021001 0316666343 0316284955 0553580191 0553582747
96900,059035342X 0064407667 0380814021 0439064872 0439136369 0552124753 0553213148 0345391802 0060987529 0064407675
96913,0451524934 0679745203 0684801523 0156007754 0060929871 0345342968 0316777722 0385722206 0449911519 0399146431
96925,0399146431 0345361792 0060173289 014023313X 0375414053 0449911519 067976402X 0060090367 014025448X 0380820293
96936,0446611867 0515131229 0515128546 051513287X 0452282829 0515132020 0515126772 0515128554 0375706771 0385505833
96951,0441790348 0671250671 0312995423 0684833395 055357258X 0061015725 0385490992 0312265859 0671510053 0449005615
96954,0312195516 044021145X 0440213525 0316601950 0440236673 0440234743 044023722X 0449212602 0440241073 0446601241
96970,0142001740 0385722206 0060930535 0312195516 0671003755 0385504209 0060959037 0156027321 014029628X 0452282829
96989,0156027321 0452282152 0385504209 0312291639 0312305060 0312195516 0385722206 0679781587 0449005615 0345339703
97005,0671510053 0345348036 0375700757 0446606189 0446354732 0156528207 0440224705 0449002632 0425080021 0446611212
97044,0446605239 0312195516 0440222656 044023722X 0446672211 0385504209 0440241073 0316666343 0446531332 059035342X
97050,0451160525 0439425220 0399501487 0440498058 0330332775 0553573136 0451142934 0425128164 0451163524 0425124347
97055,0316666343 0684872153 059035342X 0446606812 0679746048 0345387651 080410526X 0452282152 0060928336 0440206154
97122,0671003755 0375726403 0385486804 0142001430 0375725784 0375703861 0140293248 0375706771 0671041789 0452269571
97160,0345438329 0312995423 0553574671 0345445848 0553574663 0425171493 044922046X 0061092614 0425182010 0142001805
97179,0385484518 0312278586 0553250426 0425169863 0553250531 0425158616 0425109720 0425163407 0425172546 0345387651
97198,0679781587 051513225X 0373790473 0373790961 0373272847 0440211727 0515135216 0505523752 0373244800 0743422732
97208,0385504209 0142001740 0060930535 0375726403 0671027360 0452282152 0060987561 0312305060 0060934417 014025448X
97272,0060502258 0553560247 055357258X 0451182979 0553574663 044922046X 0553574639 0380784491 055356773X 0380780860
97290,0312971346 0312966970 0312976275 0312983271 0312966091 0312990456 0671001795 0312265840 0671027360 0385504209
97324,0679723161 0684801523 0060929871 038082101X 0345342968 0684801221 0060929790 0553296981 0140119906 0140293248
97343,043935806X 0375706771 0316284955 0345313860 0440215625 0312195516 0440212561 0140067477 0345397819 0345337662
97368,0316769487 0316601950 0375703055 0312278586 044021145X 0440226104 038542017X 067976402X 0440212561 0142000205
97381,0440221471 0440214041 0425143325 0440220602 042510107X 0425116840 0425083837 0440211727 044021145X 0425109720
97415,0440498058 0380002930 0440940001 0380789035 0345413350 0061020710 0064407667 0449208672 0380977788 059035342X
97423,0425154092 0425163407 0380710218 0425175405 0380718340 0425169863 0446601241 0425180638 0440206154 0425158616
97428,0679746048 0375706771 0671003755 0671021001 0385335881 0385335482 0440226430 0060928336 0452269571 0446672211
97486,3442541751 3150000017 3492045170 3423201509 3257229534 325722575X 3426029553 3257227809 3442092981 3404148665
97515,0375726403 0156027321 0312195516 0316776963 0671003755 0385498802 0060934417 0375725784 0385722206 0385484518
97587,0515130389 0446610038 0446608815 0515131229 0515132020 0515135062 0446611867 0440241537 0446612545 0446606189
97598,3442541751 3150000017 3492045170 3423202327 325722575X 3257229534 3423202947 3426029553 3257227809 3404148665
97639,0552124753 0552131067 0552128481 0552131059 0552131075 0380789035 0380789019 0552140295 0552145424 0552134643
97653,0142001740 0553574671 0553578316 0679429220 0449003795 0449005615 0140293248 0515134384 0449003787 0553574639
97694,0140293248 0316284955 0316666343 0743418174 0385504209 014028009X 0440236673 0312195516 0385335881 0385335482
97721,044023722X 0316666343 0440224764 0440241073 0440234743 0446672211 0553582747 0553582755 0553580221 0553580191
97754,0316666343 0061009059 0312966970 0060976845 0312983271 014028009X 0316096199 0671001795 0312976275 0399144463
97831,0330332775 0156027321 0099771519 0385512104 0451166892 0590660543 0440414806 0062502182 044023722X 0312274920
97833,0552131067 0552137030 0380789035 0552131059 0552131075 0552134627 0064407667 0552140295 0552134643 0552134635
97848,0312195516 0679781587 0440224675 0439064872 0385486804 0385504209 044651652X 059035342X 0440206154 0312278586
97874,0671027360 0385504209 0440212561 0679746048 080410526X 0804106304 0446519138 0446605239 0060502258 0375707972
97906,0060513640 0505524090 0505525526 050552354X 0312980159 0505523752 0380820854 0515135216 0505523728 042518630X
97945,0439136369 0439139600 0380789035 043935806X 0439139597 0446608955 0439136350 0439064864 0345342968 0066214122
97952,0440206154 0099771519 0330332775 0749395990 0552998486 0440236169 0446670251 0552143774 0091867770 0316096199
97972,0380977788 0552137030 0441569595 0590660543 0316569321 0345351525 0316769487 0552131067 0064407667 0345313860
98026,0553582755 0451180232 0671041789 0671024248 0553582747 044023722X 0451156609 0451177096 0671042858 0451188462
98104,0345413903 0446611212 0553582747 0446612790 0345452569 0446611808 044661064X 0440241073 0671027360 0446611778
98135,0345417623 0440206154 0312924585 0440214041 0446607711 0440213525 0380710218 0446359866 0440211727 0425143325
98159,0380789035 0671510053 0345413369 0385492081 0385484518 0060392452 0553375407 0062502182 0440226430 0380789019
98207,0312195516 0449212602 0156027321 0553375407 0446364193 0671708635 0440215625 0140067477 0684833395 0070212570
98254,0440998050 0312291639 0345342968 0553274295 0446608815 0553582763 0061015725 039480001X 0345339681 059035342X
98256,0449212602 0743418174 0553279912 0345417623 0441172717 0449223612 0345333926 0399147195 0345350499 0553579606
98263,0060959037 0679429220 0671003755 0060930535 0375706771 0679781587 0385720106 044651862X 0060915544 0345361792
98297,0316666343 0679781587 055321313X 0553213180 0553269224 0140620109 0552124753 0345436911 0316096199 0552996181
98320,0440221471 0440211727 044021145X 0440224764 044023722X 0440214041 0440234743 044022165X 0440236673 0446364193
98322,044922046X 0553560247 0553574663 0553574639 0553572040 0425154092 0425169863 055356773X 042516098X 0425163407
98344,0345342968 0060502258 0440180295 0399501487 0446310786 0375706771 0312924585 0345370775 0440206154 0140042598
98356,0345313860 0345384466 034538475X 0385504209 0345339681 0380789019 0345339703 0446532231 0439136369 0671004107
98373,0380789019 0380789035 0316779423 0441304834 0446604666 0515128546 0345350499 0671027360 0345369947 0679735909
98391,0671003755 038550926X 0345313860 0446606812 0345337662 0452264464 0312983824 0060987561 038542471X 0451410947
98392,0553380095 0451172817 0553579754 0385199570 0553572997 014028009X 0452279178 0385505833 0425180638 0140143505
98422,0671021001 0060928336 0061009059 0316601950 0312291639 0451156609 0385335482 0385335881 0451167805 0451180232
98428,8433969978 8445071416 8432206407 0312924585 8478884955 8477204055 8420616893 0156013924 8478886451 8401328942
98440,0345342968 0345339681 0451526341 0140067477 0345348036 0451524934 0345370775 0590353403 0553274295 0345339738
98443,0064407667 0385505833 0440414806 0440220653 0064407675 0385503822 0553296981 0345339703 0440940001 0064407683
98468,0345339703 0345339738 0345339711 0345342968 0385484518 0316666343 0316769487 0451524934 0439136350 0385504209
98474,0684872153 0060392452 0345339703 0345370775 0440213525 0060938455 0316168815 006019491X 059035342X 0679746048
98484,0345387651 0452264464 0553296981 0440180295 0440498058 0345342968 0345339681 0451163966 0440226430 0553208845
98525,0345342968 0446310786 0345348036 0440219078 0060915544 0399501487 0553279378 0440180295 067088300X 0061009059
98535,0375707972 0316601950 0375726403 0375727345 0380730138 0142000205 0452282829 0312278586 0385265700 038533334X
98547,0385335482 0375706771 0440212561 0446610542 0440241162 0380718340 0312971125 0373483694 038079487X 0312980159
98574,0446610038 044651652X 0385424736 0385503822 0316693251 0446607657 0385490992 0312265859 0345384466 0316693200
98575,044021145X 0451184963 0451163524 0441003257 0380789035 0060987529 0061009059 0451180232 0451137965 0060987103
98596,044021145X 0440214041 0446672211 0440213525 0451176464 0451137965 0451172817 0451153553 0451177096 0670858692
98628,0671027360 0156027321 0312195516 0316666343 0060938455 0385335881 044023722X 0440241537 0452282152 0446608955
98633,0440241073 034541389X 0446611212 0312983271 0312966970 0425182886 0440241537 0345413903 0312976275 0515130044
98647,0064400557 068484267X 0446364762 0671250671 0380710218 0060938455 0425158616 0156006529 0440215625 0684874350
98655,0142001740 0140254544 067976402X 0140257934 0140265686 0060502258 0452282152 0375727345 044022165X 0345417623
98656,3442541751 3150000017 3492045170 3423202327 3423201509 3257229534 3423202947 325722575X 3426029553 3257227809
98668,0099771519 0385722206 0552996181 0142001430 0740723367 0749397543 0330367358 0330332775 038572179X 0749395990
98686,0439064872 0316666343 038529929X 0670892963 0440206154 0671027360 0671011367 059035342X 0316569321 0345413881
98707,3442541751 3150000017 3492045170 3423201509 3423202327 325722575X 3257229534 3426029553 3423202947 3257227809
98722,0440241073 0446610038 0440234743 0446601241 0446364193 044023722X 044022165X 0440221471 0446604801 0446605484
98723,0312983271 0061009059 0385335881 0312966091 0312971346 0312966970 0671001795 0312265867 0553280341 0316666343
98741,0446605239 0439064872 0446606812 0786868716 0446610399 0446611867 0553296981 0440219078 0385484518 0064407667
98757,0440234743 0553569910 0446612545 0425182878 0440241073 0440224764 0671004573 0553571885 0446607711 044661064X
98758,0451160525 0440226430 0671041789 0440236703 0451163524 0446604666 0380789035 0425124347 0451156609 0553579754
98783,0345384466 0345370775 0345409671 0345350499 034540288X 0060921145 0345339711 0345339738 0060928336 0345378490
98787,0316666343 0385335482 0446310786 0375725784 0316284955 0671021001 0452282152 0060928336 0375727345 0156027321
98860,0425175405 0425158616 0425180638 0553572997 0061009059 0380789035 0440221595 0375700757 0449003787 0451184718
98861,0440241073 0345417623 044023722X 0446611212 0440241537 0312995423 0440234743 0425191184 0440225701 0425180964
98865,0375727345 0142000205 0375707972 0060959037 0671021001 0380730138 0316601950 0446672211 0316899984 0140244824
98887,0345342968 0441102670 0451524934 0399501487 0060929871 0345339681 0316776963 0316769487 0439136369 0451163966
98904,0440206154 0440224675 0451167317 0312924585 0451160525 0385335482 0671042858 0451188462 0425105334 0060928336
98923,0440213525 0440214041 044023722X 044021145X 059035342X 0440211727 0316769487 0440224764 0451526341 0440241073
98930,0385504209 0156027321 0345339703 0440234743 0345337662 0345339711 0142001740 0345313860 0345339681 0316776963
98943,0345313151 0345322231 0345318854 0345314255 0345335511 0345335651 0441569595 0345358805 0380752891 0345338715
98958,0452282152 0060987103 0375725784 044023722X 0451166892 0142001430 0446364193 0060930535 0375726403 0671027360
98988,0375727345 0316666343 0312278586 0385504209 0316601950 0671021001 0142000205 0451526341 043935806X 0316096199
99001,0345339738 0345339703 0312265867 0671693816 0345353145 0345339711 0316777730 0385335482 059035342X 0345339681
99026,0380789035 0345313860 0441003257 0060987529 0345337662 0452282152 0385492081 0061020710 0441790348 0312291639
99032,0345313860 0345337662 0345351525 034538475X 0312195516 0345397819 0142001740 0671027360 0060928336 0141000198
99051,0345417623 0441172717 0345465083 0440206154 0140298479 034541389X 0446611867 0345335465 0446605239 0440224675
99067,0446605239 0446607657 0440222656 0373825048 0786868716 0440212561 0446611867 0446610542 0316168815 042518286X
99068,0385335482 0385336179 0312278586 014028009X 0140298479 0385335830 0743418174 0140293248 0060096195 0385504209
99090,8408043641 8433969978 8432206407 8445071416 0553274503 8401328942 0156013924 8477204055 8420616893 0684859335
99102,0142001740 0375726403 0375727345 0345438329 0060934417 0446610038 0446607657 0440234743 0553560247 0316782505
99108,8408043641 8432206407 8445071416 0312924585 8433969978 8478884955 8420616893 8477204055 8478886451 8420441708
99115,0449003795 0449223612 0142001740 0312980140 0553280368 0449219461 0553280341 0449221512 0553560247 0553271636
99126,059035342X 0439064872 0439136369 0060928336 0385504209 0439139600 0345370775 0440206154 0671027360 0345350499
99146,0385504209 0312421273 0446532231 0316776963 0380731851 0312282990 0525947647 0312422156 0671027360 0060938455
99165,0312924585 0345370775 0060502258 0060929871 0440222656 0345342968 0345337662 0345380371 0553572997 0446365386
99193,0446610038 0449003795 044023722X 0385504209 0446608815 044661162X 0446612545 0425154092 0446612790 0380718332
99196,0671510053 0440234743 0380727501 067976402X 0425185710 0446675059 0553572997 0345438329 0446679593 0446604666
99204,0425154092 0425175405 0425147622 0380718340 0380718332 0446608815 0446364193 0446604801 0425158616 0446601241
99222,0312195516 0060934417 0156027321 0345438329 0312305060 0446675059 0385492081 0316601950 0671003755 0316780375
99227,0446605239 0446606812 0671250671 0804106304 0786868716 0684848783 0066214122 0684874350 0553573136 0689817851
99242,0552124753 0552131067 0552131059 0552137030 0552131075 0552134627 0552996009 0552140295 0552134635 0590660543
99252,0446672211 0440211727 044023722X 0440224764 067976402X 0671021001 0440213525 0446605239 0316666343 0440234743
99268,0312195516 0385504209 0679781587 0449212602 034536676X 0060987529 059035342X 0312282990 0842329129 0345337662
99281,0312195516 0385504209 0452282152 059035342X 0312305060 0060392452 0385722206 0345370775 0316666343 0451524934
99298,0385504209 0375700757 0060930535 0375706771 0060928336 0679781587 0446672211 0449212602 0316666343 0060938455
99312,0842329218 0842329250 0842329129 0064471055 0786868716 0439064872 0064471071 0345370775 0439139600 0842329285
99313,0312305060 0449005615 0385722206 0312195516 0452282152 0375700757 0345361792 0375726403 0156027321 0316776963
99314,0446672211 0060928336 0671021001 0375706771 0316601950 0060930535 0671510053 0452282829 0142000205 0385484518
99322,0440215625 051512219X 0440212561 0671744216 0671737821 0312195516 0553574108 0380762595 0671032992 0553565060
99328,0446672211 044023722X 0375726403 0156027321 067976402X 0142000205 0446610038 0316781266 0316666343 0385492081
99347,0316601950 0142000205 0440226430 0671021001 0345435168 0375706771 0671038184 0671003755 0385420161 0060987561
99386,068484267X 0671510053 0316601950 0312265859 0312966091 0452282195 0312265867 0312980140 0385265700 0312986343
99390,043935806X 0553572997 0380789019 0552137030 0345350499 0380789035 0345342968 067976402X 0385504209 0440222656
99434,043935806X 0156027321 0590353403 0385504209 0439064864 0439139597 0316666343 0439136350 0451163966 0446670251
99441,0380789035 0684833395 0345342968 0425152251 0441569595 0553213695 0451191145 0345350499 0316769487 0451163966
99469,038082101X 0060977493 0452282152 8408043641 0060930535 8433969978 0060927216 8445071416 044023722X 0140119906
99521,0312966970 0312980140 0312976275 0312990456 0312971346 0312983271 0312966091 0312983867 0446611212 0446608890
99523,0316601950 0375727345 0671021001 0142000205 0060987561 0671038184 0440226430 067976402X 0060959037 0449907481
99528,0060928336 0316284955 044023722X 0679746048 0679781587 0060976845 0385474016 014028009X 0671021001 0440226430
99616,0440998050 014131088X 0345337662 0316776963 0590353403 0440439884 0316769487 0440487617 0385729332 0553250426
99630,0060392452 0684872153 0316666343 0440226430 0446532231 0142001740 0316776963 0449907481 068484267X 0804106304
99641,0452282195 039480029X 044651862X 0684874350 0425107469 0394800028 044021145X 039480001X 0064400557 0394800133
99644,0446611212 0446610038 0440241073 0446607657 0446605484 034541389X 0345413903 0553578693 0440241537 0312966970
99648,0553250426 0553280945 0345337662 0609610597 0345384466 0312195516 0684874350 0446520802 034538475X 0345370775
99720,0316666343 0439136369 0439139597 0439136350 0446605239 0439064864 0446525502 0345443284 044651652X 0446608955
99738,0385504209 3492045170 3423202327 3423201509 3423202947 3257227809 3426029553 3442092981 3404148665 3257228007
99946,0385484518 0140067477 0452282829 0679746048 0141000198 068484267X 0060959037 0451202341 0316899984 0385265700
99954,0345353145 0345370775 0446672211 0440224764 044022165X 0440211727 0345378490 0440225701 0440241073 0060392452
99955,0679781587 059035342X 0385486804 0440219078 044922046X 0425152251 0439139597 0446608955 0446310786 0553296981
99996,067976402X 0142001740 0385504209 0312195516 0440211727 0440241537 0446672211 0679781587 0062502182 0449005615
99997,0446672211 0316284955 0142000205 0375727345 0316601950 0375706771 0671003755 0316899984 0312278586 0385265700
100004,0439136369 0439139600 0345339711 0345339738 0345339681 0385504209 043935806X 0439139597 0439136350 0439064864
100009,0671027360 0440206154 044023722X 0446532231 0345402871 0440241073 0060938455 0316769487 0345417623 0440224675
100053,067976402X 0312305060 038079487X 0671003755 0060987103 0156027321 0312278586 0060928336 0060959037 0060976845
100066,0312195516 0452282152 0312305060 0671617028 039592720X 0375700757 0385504209 0553572997 0449212602 0060934417
100088,0440221471 044023722X 0099771519 0440234743 0156027321 044022165X 0440211727 0440236673 0451526341 0061015725
100098,0312195516 0679781587 0440206154 0440211727 0060938455 0060930535 0345413873 0060392452 0452282152 0312924585
100115,0385484518 0679781587 0440220602 0440211727 044023722X 0440236673 0786881852 0440222656 0142001740 0385492081
100119,0446605239 0345370775 0446310786 0440211263 059035342X 0452282152 0679746048 0345387651 0440206154 0345361792
100175,0375706771 0679746048 0671021001 0671003755 0446672211 0385335881 0425167313 0440226430 0385335482 0971880107
100194,3442541751 3492045170 3150000017 3423202327 3423201509 3257229534 3426029553 3423202947 325722575X 3257227809
100223,0385503822 0440226430 0316969680 0385511612 0446364193 0385508042 0385505833 0385490992 0440222656 0446607657
100227,0439064872 0439139600 0439136369 0590353403 0345339681 0440226430 0446608955 0060928336 0446310786 0316666343
100251,0345351525 0345313860 034538475X 0345384466 0345369947 0345409671 0312195516 0449212602 044651652X 0446672211
100256,0446672211 0671021001 0316601950 0142000205 0060928336 0440226430 0671003755 0385484518 0385265700 0060976845
100264,0312971346 0312966091 0446611085 0446610038 0385508042 0312983867 0312265859 0440234743 0446364193 0385503822
100345,0060987103 006016848X 0385335482 0440212561 0441003257 031242227X 0671027360 0345361792 0671727796 0446670111
100355,0345459202 055329315X 0375727345 0380814803 0312971125 0425181464 0671737821 0553561537 0553574108 0380815583
100361,0316769487 0380002930 0451524934 0446532231 0140067477 0345370775 0312305060 0451191145 059035342X 043935806X
100393,044023722X 0440236673 0446605484 0440220602 0440241073 0440241537 0440211727 044021145X 044022165X 0440224764
100454,0345337662 034538475X 0345351525 0345313860 0345404319 0345397819 0345409671 0060928336 0449212602 0140067477
100459,044021145X 0440226430 067976402X 0446672211 0425175405 0375706771 0316601950 0425147622 0345443284 0446601241
100471,0060928336 0446672211 0316666343 0380730138 0142000205 0452282829 0312195516 0316899984 0385505833 0060930535
100494,0552137030 0060938455 0452281881 0552124753 0380977788 0060392452 0553572997 0380789035 0064407667 0590660543
100506,0446672211 0316601950 0316666343 0425167313 0425162443 0385265700 0671038184 0316781010 0670865796 067976402X
100519,0316776963 0312282990 0525947647 0375725784 0440236673 0345402871 044022165X 0380789019 0441172717 0312421273
100568,0440214041 0440211727 0440213525 0440221471 0440220602 044022165X 0345380371 0440224764 0345337662 0553250426
100575,0385504209 0375707972 0553275976 043935806X 0449907481 038533334X 0060934417 080410526X 0671250671 0375700757
100578,0316096199 0316666343 0345339703 0345337662 0786868716 0440236673 055321313X 0452282152 034538475X 0440220602
100590,0345353145 0345370775 0066214122 0345380371 0345391055 0345378490 0440206154 0345354621 0451524934 0345342968
100594,0345337662 0345313860 034538475X 0345351525 0345409671 0345361792 034540288X 0345422384 0060930535 044651652X
100610,0060930535 0446612790 0425163407 0449221490 0425175405 0449003795 0446607657 0312990456 0449003787 0446611212
100644,0316666343 0449003795 0553280368 0449219461 0380789035 0142001740 0553279912 0553279556 0552137030 0552124753
100648,0312195516 0316776963 0142001740 0060976845 0060959037 0060987561 0142004235 014028009X 0316284955 0375700757
100668,0345417623 0345370775 0345353145 034540288X 0345380371 0440220602 0345391055 0345378482 0440206154 044023722X
100681,2253063339 2070360024 2253150711 2253044903 0345387651 2253057843 2253005274 2205054252 2070408507 2266023039
100694,0345353145 034540288X 0316769487 0345378482 0345380371 0451524934 0345378490 0312924585 0399501487 0440206154
100697,0380789035 0380789019 0061020702 0441003257 0446611212 0380002930 0446610038 0552124753 0553582747 067976402X
100782,0330332775 0316666343 0552137030 0552124753 0330367358 0552134619 0552131075 0552131059 0385335482 0552998486
100783,0385486804 0449219461 0553280341 0449221512 0449219364 0449223604 0553280368 0061009059 0449221482 0553279912
100815,0060976845 0452282152 0671021001 0446672211 0380789019 0142000205 0316601950 0060987561 0316666343 0345443284
100832,0142001740 0156027321 0316666343 0060976845 0312195516 0312305060 0385484518 0140298479 0385504209 0312274920
100846,0312195516 0142001740 0446605239 0061009059 0312971346 0312980140 0375700757 0312966970 0670892963 0446606812
100887,0385486804 0316096199 0446607657 0743418174 0399501487 0425179885 0312983271 0446611212 034538475X 0446610038
100903,0425154092 0440224764 0425180638 0425175405 0425147622 0425163407 0380718332 0425158616 0446672211 0375706771
100906,0440221595 0553375407 0156007754 0385420161 0060938455 0671250671 0394820371 0140042598 0060916508 0553296981
100942,0316666343 0440211727 0312195516 0140298479 0316601950 0446670251 0345370775 0440206154 0142001805 0060392452
100964,0380718340 0684874350 0425147622 0425154092 0684195984 0399145087 0425163407 0425169863 0399146253 0399143947
100984,0842329129 0842329250 0842329277 084232920X 0842329285 0842332251 0842329161 084233226X 0345339681 0310205719
101035,0156027321 0743418174 0345438329 0385504209 0316666343 0316096199 0452282152 0385336179 0142001740 0316569321
101041,044023722X 0440241073 0446607657 0446611212 0345353145 0345417623 0446601241 0446364193 0446608815 0440220602
101081,0440206154 034540288X 0446607657 0804106304 0679746048 0446606812 0446394521 0060502258 0446611867 0316969680
101091,0452282152 0156027321 0385722206 0060934417 0449005615 0060987103 0452283205 0312305060 0312195516 0060930535
101141,0440241073 0312995423 0061015725 0671027360 0440234743 0385504209 0446611212 0446612790 0440241537 0440236673
101150,0452282152 0385722206 0142001740 0060915544 0060934417 0312305060 0142001430 0060930535 044023722X 0312195516
101172,0385722206 0156027321 0553296981 0142001740 0385504209 0312305060 014023313X 0553273914 0786868716 0553211404
101191,3442541751 3150000017 3423202327 3492045170 3423201509 3423202947 3257229534 325722575X 3426029553 3257227809
101196,0142000205 0375707972 0671021001 0385265700 0452264464 0316769487 0375702709 0060915544 0375700757 0316666343
101209,0375727345 0345339681 0439139597 0679751521 0142004235 0425172546 0440241537 0345339703 0553272535 0345339711
101214,044021145X 0345391055 0140430725 0345380371 0451183665 0312274920 0345402871 0380012863 0440214041 0440220602
101226,0385503822 0446672211 0385505833 0316666343 0671510053 0385490992 0316601950 0385484518 0385472951 0375727345
101234,0671003755 0385504209 0060502258 0679781587 0316769487 0375706771 3150000017 0375700757 0971880107 3257229534
101242,006101351X 0064407667 0142001805 0375707972 0446310786 0385504209 0440414806 0449212602 0345387651 0449223612
101304,0385504209 0671027360 0385510438 0316693006 0316666343 0385511612 0316602906 0316693200 0316603287 0446530891
101305,0375725784 0312282990 0385722206 0060987103 0452282152 0156027321 067976402X 0385492081 0316666343 038572179X
101336,0671003755 0316666343 0446672211 0385484518 0312278586 0060928336 0060502258 0440224675 0375707972 0312291639
101381,0345417623 0385504209 044023722X 0440213525 0440234743 0446604801 0440241073 0385511612 0671027360 0440221471
101422,0060928336 0142001740 0312291639 0385335881 044023722X 0451203771 0060976845 0140293248 0553271636 0312980140
101449,0060928336 0316284955 044023722X 0679781587 0060976845 0060959037 014028009X 0679746048 0375703055 0425167313
101513,0671027573 0312980159 0553578022 0446610399 0553579606 0553582143 051513628X 0446611212 0312983271 043935806X
101517,0060987103 0060987529 0446610038 043935806X 0451207521 0515135062 0142000205 0385265700 0060502258 0451208765
101550,0062502182 067168390X 014028009X 0345348036 0446607657 0446604666 0380012863 0679723161 0743418174 0060391626
101559,0140298479 0385720920 0671041789 0393319296 0439139597 043935806X 0345313860 0060976845 0140067477 038549081X
101566,0515128546 0515128554 0515126772 031298328X 0373218397 051513628X 0515132020 0515135062 051513287X 0373218192
101606,0440234743 0380789035 044651652X 0671510053 0440224764 0440241073 0062502182 006101351X 067976402X 0399501487
101614,0553560247 055357258X 044651652X 0345337662 0440226430 0316969680 044922046X 0743418174 0345387651 0380718340
101620,0671001795 0312983867 0440241073 0312990456 0440234743 0440214041 0312291639 0440220602 0312986343 0553279912
101666,0385504209 3442541751 3257227809 3257229909 0440212561 3423201509 3423202327 325722575X 3257229364 3150000017
101667,3442541751 3150000017 3492045170 3423202327 3423201509 3257229534 325722575X 3423202947 3426029553 3257227809
101681,0316096199 014028009X 0425152251 0316666343 0385512104 0743418174 0684872153 0804106304 0446670251 002542730X
101696,0345337662 034538475X 044651652X 0345313860 0440222656 0345351525 0385484518 0345397819 0553250426 034540288X
101699,0316769487 0345370775 0312924585 0399501487 0451169530 0345342968 0440206154 014038572X 0446310786 0451155750
101704,3442541751 3150000017 3492045170 3426029553 3423202327 3423201509 3257229534 325722575X 3423202947 3257227809
101731,0380789035 0060987103 0060392452 0671027387 0452282152 0061020710 0380789019 0380813815 0671027360 0441003257
101739,0316666343 0345417623 0316769487 0345361792 0345339681 0553580221 067102423X 0425144429 0440224675 0425107469
101741,044023722X 014025448X 0440236673 0440234743 0440221471 0671027360 0385504209 0440225701 0440224764 0446672211
101744,0440221471 0440214041 0440224764 0440211727 044021145X 0440234743 0440213525 0440236673 0440241073 044023722X
101796,0385486804 0345337662 0679746048 0446670251 0971880107 044651652X 0316969680 0385335482 0316693006 0743418174
101824,0060938455 0312278586 0060392452 0064472795 0385730586 059035342X 0385729340 0312971346 0061009059 0385335482
101851,0060976845 0316601950 0452260116 0380789035 0140298479 0670880728 0451454243 0449006522 0618129022 0446606812
101874,0515136530 051513628X 0515131229 0446611867 0515130389 0515128554 0515126772 051513287X 0515132020 0515128546
101876,0375707972 0446310786 0345387651 0345370775 0446364193 0440206154 0446672211 0446601241 0440211727 0440234743
101882,0446611867 0140293248 0385484518 0385504209 0446608955 0786868716 0446610399 0440211263 0446606812 006101351X
101887,0515135062 0515130389 0446611808 0515131229 0515128546 0373218397 0446612545 0373218036 0515128554 0515126772
101900,0618173870 0345361792 0440234743 0553279912 0425092917 0553272535 0151008116 0385474016 0385504209 042510107X
101988,0156528207 0140042598 0345337662 0156628708 0316769487 0375700757 0060987049 0590353403 0312305060 0140440046
102019,0345353145 0345380371 0446359866 0345370775 0345417623 044021145X 0345391055 0345378482 044022165X 0440213525
102029,0385504209 0671027387 0446608955 0446610399 0553296981 0066214122 0312995423 006101351X 0515136379 0156027321
102032,0316666343 0142001430 0452282152 0345370775 0312305060 068484267X 0385722206 0375727345 0671041789 0060987103
102033,0553296981 0345370775 0345342968 0345339703 0060930535 0553274295 0446365386 0060929871 0345339738 0385504209
102034,0671510053 0385474016 0446310786 0425152251 002542730X 0399501487 0385486804 0345342968 0060502258 0385479565
102117,0316601950 0446672211 044023722X 0060928336 0452282829 0312278586 0446606812 0440213525 0671041789 0380730138
102129,0440241073 0671027360 0684872153 0679781587 0316666343 0446606812 0446610038 0440234743 0440236673 0440211727
102130,0671011367 0425180638 0345413873 0446601241 0312976275 0446612790 0425182908 0380817691 0446610038 0061009059
102154,0060928336 0312291639 0375700757 0877017883 0060976845 0671003755 0446605239 0553277472 0345313860 0375706771
102158,0316666343 0316096199 0330332775 0099771519 0552996009 0156027321 0330367358 0552996181 000649840X 0552998001
102164,0440222656 059035342X 0345370775 0440226430 0671021001 0439064872 0451203771 0440223202 0440204194 0786868716
102169,0440212561 0385504209 0385486804 0440217563 0156027321 0671004549 0440215625 3257227809 0671867172 0671867156
102189,0842329129 0842329218 0842329242 0842329250 0312195516 0316666343 0380018179 0842332251 0842329269 084232920X
102196,3442541751 3150000017 3492045170 3423202327 3423201509 3257229534 325722575X 3423202947 3426029553 3257227809
102220,0440234743 044023722X 0440211727 0440221471 0345417623 0425143325 0440225701 0440206154 044022165X 0446364193
102227,3442541751 3150000017 3492045170 3423201509 3423202327 3426029553 325722575X 3257229534 3423202947 3442092981
102232,0446672211 0140298479 0440226430 0060928336 0440211727 0671021001 0060976845 044651652X 0446670251 0385335482
102253,8408043641 8445071416 8432206407 8433969978 8478884955 8420616893 0375726403 8477204055 0151008116 8478886451
102262,0446310786 0060502258 0451524934 0451526341 0425152251 0553208845 0451163966 0441569595 0399501487 0440180295
102275,0440241537 0446612545 0671027360 0446611212 044022165X 0440235162 0446610038 0312966970 0345438329 0671004530
102284,0446610038 0446612545 0380789019 0446607657 0425182878 0446611212 0446612790 0446608815 0446611638 0553582143
102322,3442541751 3150000017 3492045170 3423202327 3423201509 3257229534 3423202947 3426029553 325722575X 3257227809
102335,0385492081 0060930535 0671510053 0451166892 0671027360 0440234743 0060987103 044023722X 067976402X 0446394521
102349,0553568701 0684874350 0380717018 0440213525 0425147622 0446610038 0380718340 0425154092 0425175405 0425169863
102359,0385199570 0385424728 0684867621 0553250426 0670813028 0670858692 0743211383 0140298479 0399501487 0446515078
102375,0099771519 0330332775 000649840X 0156027321 0091867770 0452264464 0312274920 0552998001 0552998486 0330367358
102399,0671003755 0446310786 0440211727 044021145X 0345342968 0345337662 0060915544 0684801523 014028009X 0671021001
102430,0142000205 0446672211 0671003755 0316601950 0140244824 0375727345 0316666343 0451202341 0380730138 0345443284
102505,0439139597 0439064864 043935806X 0439139600 0590353403 0439136369 0439064872 0345361792 059035342X 0060977493
102518,0451166892 0099771519 0330332775 0312278586 0060958022 0385512104 0091867770 0552996181 000649840X 0140265988
102532,0679781587 0451163966 0316789089 0671027360 0345439104 0060173289 8472236552 068484477X 0070212570 0451179285
102542,0451524934 0441003257 0451526341 0441569595 0399501487 0345342968 0060502258 0553572997 0316769487 0399144463
102564,0515131229 051513287X 0316666009 0446611867 0515135062 0446605239 0316693200 0316693006 0316693235 0515126772
102571,0385504209 0684872153 0671027360 0446532231 0060392452 0446605239 0804106304 0385335482 0671021001 0060930535
102581,0345386108 0345378490 0345353145 0425107469 0425124347 0345384369 0425153975 0553580221 0345391055 0553580191
102642,0060934417 0452282152 0156027321 0064400557 059035342X 0312195516 0440414806 0060987103 014131088X 0060987529
102647,0446672211 0440998050 0440224764 0345391802 034540288X 0446610038 0425163407 0345353145 0380717018 042513525X
102668,0385335881 0142001740 0385336179 0061009059 0140298479 0060928336 0312278586 0312983271 0385730586 0140293248
102676,0062502182 0142001740 0060915544 0385508042 0380012863 0385722206 0671001795 038550120X 0060392452 0060928336
102702,0425178579 0440211727 0439136369 0312979983 043935806X 0312278586 0439139600 0345339738 0451411137 0312980159
102705,0060930535 0375707972 0385265700 0385720106 0671038184 0452282829 0671510053 068484477X 0440226430 0375727345
102719,0425158616 0425147622 0345413350 0425169863 0345413369 0425163407 0425175405 0425154092 0440215625 0345350499
102758,0671510053 0345348036 0312976275 0375700757 0446606189 0446604666 0380002930 0449005615 0312265859 0312980140
102772,0515132020 0515131229 0312966970 051513287X 0515128546 0312983271 0425178579 0425150984 042517140X 0515126772
102832,0553272535 0451524934 0440219078 0140042598 0451526341 0399501487 0385498802 0374129983 0380018179 0060916508
102842,0375727345 0385505833 067976402X 0449907481 0142000205 0380730138 0316601950 0385265700 0142001740 0060987561
102844,0440226430 0440224764 0440221471 0671011367 0425175405 0553568701 0380710218 055356451X 0425154092 0440236673
102891,0439064872 0439136369 0439139600 0385504209 043935806X 0446608955 0439139597 0312195516 0439064864 0345370775
102899,0446610038 0330332775 0099747200 0446612790 068483376X 0330367358 0804106304 080411109X 0446606812 0553560735
102939,0609804138 0385335482 0061009059 014029628X 0345438329 0671001795 0345445848 0743418174 0375760911 0312265859
102945,0345370775 0440206154 0671021001 0060928336 0312983271 0399501487 0440236703 0316769487 0140298479 0385335482
102955,0385484518 0375706771 006016848X 044651652X 0385335482 059035342X 0684874350 0440226430 080410526X 0380018179
102967,034540288X 0345417623 0345391055 0440222656 0452264464 0345380371 0446672211 0345339681 0553213148 0312274920
103024,0553280341 0553271636 0449219364 0553284789 0553279556 0449221504 0553280368 0449221490 0449221512 0449221482
103028,0375700757 0425152251 0385484518 0060502258 0345342968 0671250671 0553375407 0671003755 0786868716 0345378482
103116,0425152251 0552124753 0316769487 0385486804 0375707972 0552134651 0552131067 0099771519 0552131059 0552128481
103144,0440241073 0142001740 044023722X 0440234743 0064407667 0380789019 0061015725 0345313860 0440225701 0099771519
103150,0312195516 0671027360 3442541751 0385504209 3423201509 3492045170 3257229534 0060934417 325722575X 0671014196
103160,0684862719 0553296981 0446679593 0385484518 006101351X 0140293248 0684874350 0375502025 0679866957 0451169530
103251,0385492081 0156027321 0425180964 042510107X 0425143325 0385504209 0425172546 0425179885 0425133540 0425147584
103277,0312195516 0316666343 0743418174 0375726403 0345438329 0316096199 0446675059 0446672211 0142001740 0140293248
103304,0316601950 0345439104 0553250426 0380730138 0385335482 0452282829 0142001740 0671038184 0385484518 0316780375
103315,0440234743 0440211727 0440221471 0440236673 0440214041 044021145X 0440213525 0385424728 0060502258 0385504209
103336,0312195516 0385504209 0452282829 0446672211 0375706771 0375727345 0671021001 0375726403 0316601950 0345351525
103348,0671027360 0345417623 0385484518 0380789035 059035342X 0064400557 0446310786 0679429220 0345413350 0440211727
103445,0440221471 0440220602 0440234743 0440241073 042510107X 0440236673 0425180964 0425147584 0425170349 0440211727
103467,0446611212 0446610038 0446608815 0345413903 0425182878 0446612790 0446601241 0446609404 0440234743 0312291639
103490,0380789035 0345342968 0399501487 0380789019 0060987103 0441790348 044661193X 0385492081 0451526341 0440180295
103496,0312966970 0312983271 0446610038 0312976275 0312971346 0446612790 0312966091 0061009059 0312983867 0671001795
103515,044023722X 0060392452 0316666343 0060928336 0316284955 0452282152 0060977493 0446605239 0679781587 0439064872
103541,3442541751 3423201509 3492045170 3426029553 325722575X 3423202327 3150000017 0552145424 3257229534 3423202947
103577,059035342X 0439139600 043935806X 0439139597 0439136350 0439064864 0440206154 0385504209 0385479565 0345339681
103624,0449219461 0449219364 0553280341 0553271636 0553284789 0553279556 0449223612 0449221504 0449221490 0553279912
103630,059035342X 0446605239 0064472272 0440414806 0064400557 0345353145 0440998050 0345342968 0553296981 0312291639
103656,0345342968 0684801523 0316769487 0425152251 0446310786 0062502182 0060929871 0451524934 0440180295 0451163966
103699,0440226104 0312195516 0060928336 0375706771 0449212602 0316569321 006016848X 0446394521 0451526341 0375707972
103733,0316666343 0425189031 0671004530 0156027321 0316690619 038550120X 0425183971 0446531332 0515131229 0452282829
103811,0375727345 0375726403 0316284955 0345443284 0060928336 0316776963 0743418174 0316096199 0142000205 0151008116
103816,0375706771 0312980159 0060502258 0451524934 0553272535 0345391802 0671003755 0062502182 0767905180 0440180295
103828,0446672211 0671021001 0385335482 0316601950 0060928336 0375706771 0060976845 0312243022 0452282829 0060502258
103849,0312195516 0446672211 0345435168 0060976845 0671001795 0316601950 0061009059 0345438329 0312980140 0140254544
103867,0452282152 0142001430 0671510053 0451203771 0345436911 0345439104 0060173289 068484477X 0449002632 0449005615
103935,0380789019 0446611212 0446607657 0385486804 034541389X 0316666343 0553582526 0446364193 0446612790 0446612545
104051,0385504209 0671027387 0385508042 0385510438 0316666343 0312265859 0385503822 0312966091 0385511612 0061009059
104058,0385504209 0316666343 0671027360 0060392452 0385335482 0743418174 0440220602 0142001430 0345445848 0451524934
104059,0515128554 0515126772 0515128546 0446610542 0515131229 0373483503 0553586122 0060987103 0385475721 0440236673
104082,2253063339 2253150711 2253044903 2070360024 2266023039 2205054252 2290311782 2253057843 2253152846 2070408507
104098,0446310786 0316666343 0425152251 0385498802 0446610038 0380789035 0385492081 0345342968 0399501487 067976402X
104113,0684801523 0446672211 0316666343 0345337662 0671617028 0452269571 0553573136 0140481389 0060987529 0446670251
104123,044023722X 0345417623 0345370775 0061009059 0312971346 0312983271 0312966970 0451156609 0312990456 0060502258
104125,0140298479 0141000198 014028009X 0316601950 0375727345 0385335482 0060928336 0446672211 0449003795 0449219364
104144,0380731851 0515130389 0312980140 0449003795 0446611212 0312983867 0451206525 0553578022 0446612545 0446612790
104160,0449221512 0449221482 0449223612 0449219461 0380718340 0449221490 0553271636 0449219364 0449221504 0553284789
104168,0385424736 0385505833 0312274920 0385484518 0380977788 0345380371 0441569595 0316776963 0553280341 0452280621
104211,0425154092 0446608815 0380718332 0425180638 0425175405 0425147622 0446612545 0449003787 0446607657 0446605484
104212,0842329129 0842329218 0316666343 0439064872 0842329242 0842329250 0842329269 0743436210 059035342X 0842329277
104236,0156027321 0441790348 0553562614 0441003257 0345378482 0345417623 0671004107 0060938455 0553281747 0441172717
104243,0316693006 0316969680 0425175405 0425163407 0385508042 0316693235 0316969443 0425154092 0316602906 0385503822
104268,0375725784 0375727345 0142001740 0312422156 0380813815 0345339711 0151008116 0679781587 0451181379 0743418174
104278,0312979983 0440212561 0312980159 051513628X 0505525526 0553572997 0060513640 0385720106 0060959037 0451411137
104311,0380789035 0140293248 0312278586 0312291639 0385336179 0385335881 0385335482 0446670251 0345353145 0345438329
104334,0440226430 0451203771 0446605239 0440222656 0440212561 0446679593 0440223202 0553582526 0446607657 0515131083
104337,0385504209 0452282152 0671027360 044023722X 0156027321 0312291639 0060934417 0060502258 0142001430 0142001740
104362,0671027360 0385504209 0671027387 0553582747 0452282152 0345417623 0380813815 0142001740 0441003257 0060392452
104399,0684874350 0312291639 0451172817 0451155750 0671670689 0553582763 0451156609 0451167317 0671695126 0440998050
104404,0316969680 0316666343 0316693006 0385503822 0385504209 0385508042 0316693235 0446527793 0316666009 0452282152
104413,0441790348 0452282152 0142001430 0553262505 0553562614 0312282990 0671004107 0345370775 0553281747 0066214122
104429,0440213525 0440221471 044021145X 0440220602 0070212570 0345339681 0140254544 044022165X 0842329129 0440236673
104437,044022425X 044021145X 0553250531 0446611085 0553268880 0553289411 0380002930 038542017X 0553574574 0312195516
104443,0375700757 0312976275 0671510053 0449213943 0446606189 0375705856 0312274920 0553578685 0440967694 038542471X
104447,0440215625 0440217563 0515131229 0515128546 0515128554 0515126772 0515132020 0446611867 051513628X 0515136530
104451,0375727345 044023722X 0060930535 0440234743 0451166892 0345387651 0345370775 0671510053 067976402X 0425180964
104469,0446611212 0446610038 0446612790 0446607657 0449003795 0345413903 0440241537 0446605484 0425182878 034541389X
104505,0441304834 0441000916 0345423402 0441004520 0441005241 0060928336 0345350499 0345384466 0441008534 0345313860
104517,0345313860 0345384466 0345337662 034538475X 0345351525 0345404319 0345409671 0345422384 034540288X 0345350499
104527,8408043641 8432206407 8433969978 8445071416 8423309142 0316769487 0440224675 0156013924 8420441708 8420616893
104532,0446532231 0060938455 0671027360 0440206154 0385504209 0316777730 0316666343 0316284955 0671021001 067976402X
104539,0971880107 0062502182 038533334X 0375706771 0385335881 0061091316 0316666009 0671880314 051513287X 0385336179
104550,0446310786 0451526341 0440224675 002542730X 043935806X 0345370775 0590353403 0316769487 0439136350 0345380371
104569,0399150897 0385510438 0385504209 0385511612 0385508042 0316602906 0316693006 0316603287 0553802496 0316693200
104588,0316769487 0345342968 0446310786 0439139597 0590353403 0451526341 043935806X 0440224675 059035342X 0671027344
104604,0062502182 0375725784 0312282990 0345368754 0451524934 0060977493 0140119906 0802130208 0316769487 0060929871
104607,0345339681 0060392452 067976402X 0671510053 0440498058 0446310786 0380727501 0553296981 0440226430 0446605239
104636,0312195516 0440217547 0380018179 0425158616 0440221315 0446363251 0446601241 0316666343 0440234743 0671793489
104657,0440414806 043935806X 0385730586 0316769487 0385336179 0312278586 0553296981 0099771519 0590353403 0684801523
104665,0440224764 0345339681 0345378490 0385484518 0440213525 0440220602 0440224675 0439064872 0451172817 0553250531
104683,0316769487 0060392452 0316666343 0345417623 0156528207 0671004107 0451524934 0671708635 0684833395 0446532231
104705,0671004549 0671867156 0671793489 0671867091 0671568175 0671758896 0671867113 0316284955 0425158616 0440200989
104757,3442541751 3423201509 325722575X 3423202327 3257229534 3492045170 3423202947 3150000017 3426029553 3257227809
104759,0451526341 0446310786 0060502258 0316666343 0553279912 0451524934 0345342968 0380018179 0553280368 0449221512
104796,044021145X 0312195516 0345380371 0452282829 0440211263 0446672211 0671021001 0446605239 0671003755 0060959037
104812,0446310786 0440180295 0316769487 0064400557 0345339681 0064472272 0684801523 0380977788 0553279378 0380789035
104862,0440226430 0446611212 0446608815 0446609404 0446612545 0449003787 0446610038 0440236703 0425178765 0316284955
104864,0156027321 0385722206 0060977493 039592720X 0385504209 0345350499 0375725784 0452260116 0553208845 0553277472
104880,0385504209 0679781587 0671027360 0439064872 059035342X 0385484518 0142001740 0553375407 0553296981 0446310786
104883,0385504209 0142001740 0375727345 0671510053 0151008116 0385722206 0671027387 0385486804 0452282152 0449005615
104925,0440241537 0671027360 0440241073 044023722X 0312995423 0446612790 0385504209 0446612545 0671027387 0449003795
104939,044023722X 0060987103 0060930535 0440236673 0316096199 0061015725 0440241537 0671027360 0440234743 0060959037
105012,0440215625 0440217563 044022425X 0446611085 0446611867 0060915544 0446609323 0553250426 0452284449 0446607657
105028,0440206154 0451169530 0060987103 0380789035 0316769487 0345348036 0553273914 0316096199 0451156609 0451526341
105054,0439139600 043935806X 0439139597 0439064872 0439136350 0345370775 0451184963 0440214041 0451188462 044022165X
105058,0316666343 0671021001 0375727345 0440222656 0345417623 0446364193 0345361792 0142000205 0316601950 0316769487
105098,3442541751 3492045170 3150000017 3423201509 3423202327 3257229534 3426029553 325722575X 3423202947 3257227809
105100,0552124753 0552131067 0349101779 0552137030 0552131059 0552128481 0590660543 0552131075 0552140295 0552134627
105101,0316666343 0142001740 0452282152 0060976845 0385504209 059035342X 0316776963 0156027321 0142000205 0446672211
105108,0316666343 0385484518 0786868716 0553272535 0062502182 0451524934 0451526341 0553279378 0375504613 0743418174
105114,0060928336 0446672211 0312195516 0440241073 067976402X 0375703055 0671510053 0375727345 0446608955 0142001740
105115,0312966970 0312971346 0312265859 0312966091 0399149155 0061009059 0312265867 0449223612 0553271636 0671001795
105124,0440224764 0440214041 0440241073 044021145X 044022165X 0440221471 0440220602 0440236673 044023722X 0440213525
105128,059048351X 0590568744 0590494457 0399144463 0590466194 0590483455 0590483552 0590568752 0590453653 059045370X
105160,0060987103 0060959037 0312195516 0375700757 0452282829 0553375407 0375707972 0060930535 0316769487 044651862X
105187,2253063339 2253150711 2253044903 2070360024 2266023039 2290311782 2253057843 2205054252 2253005274 2070408507
105195,0452283205 038082101X 0552149519 0749399570 0140275290 0385493800 0385424736 0060198133 0099740516 0753804700
105214,0316776963 0380789035 0060934417 0375727345 0142000205 0345361792 0140067477 014029628X 0446672211 0446516538
105221,059035342X 0439136369 0439064872 0439139600 0345413377 0440414806 0380789035 0345413350 0553296981 0446310786
105227,8408043641 8432206407 8445071416 8433969978 0452282195 8478884955 8423310353 8420616893 8423309142 8477204055
105262,0140293248 0446611867 0312282990 0451169530 0345465083 0380978415 0452268060 0399501487 0345337662 0060930535
105286,0786881852 006101351X 0684874350 0312195516 0439064872 0385484518 0380789035 0140254544 044651862X 0451191145
105295,0060502258 0671027360 0312995423 0060987103 0345417623 0385504209 0441172717 0671004107 0515132020 0385418493
105298,0836204387 0836218221 0836218523 0836218256 0836218787 0836218620 0836217691 0836218353 0836220889 0062502182
105313,0385335482 0312278586 0316666343 0140293248 0316284955 0060928336 0316781266 0440226430 014028009X 0345438329
105317,0060928336 0446672211 0375727345 0060976845 0385265700 0671021001 067976402X 0375706771 0452282829 0380730138
105324,0375727345 0316096199 0375726403 0446607657 0446610038 0142001740 0440226430 0316666343 0446364193 0446611212
105335,0440224764 0446610038 0425180638 0446607657 0440226430 0446611212 0425175405 0425154092 0446601241 0425182878
105358,0316601950 0312195516 0375702709 0316666343 0440236703 0142001740 0345446860 038550120X 0312265859 0385486804
105360,006101351X 0446605239 044651862X 0451172817 0345353145 0070212570 0679781587 0425169863 0446610038 067164257X
105374,0151008116 044022165X 039592720X 0375725784 0451169530 0316776963 0142001740 006099486X 0451524934 0553272535
105381,0345342968 006101351X 0439064872 0385486804 0380789035 0066214122 0385492081 0440235162 0440178002 0380813815
105423,0375700757 0312976275 0449213943 0375705856 0452282152 0440211727 0671510053 0312274920 0312966091 0671001795
105450,0349101779 0380789035 0345424719 0312243022 0375703055 0439139600 0552131067 0440211727 0552124753 0446672211
105476,0345417623 0312924585 0451524934 043935806X 0060929871 0345370775 0156027321 0345353145 0440206154 0375725849
105503,0671027360 0553250426 038079487X 0451169530 0553580302 0441102670 0441172717 0451191153 0425180964 0553560735
105517,044021145X 0446310786 0440226430 0151008116 0553580221 0070212570 0671510053 0440211727 0671042858 0345370805
105535,0553213148 0142001740 0061009059 0553213180 0064407667 0553213156 055321313X 0345339681 0380018179 0553213164
105536,0345342968 0316769487 0345391802 0684801523 0440180295 0440219078 0451526341 059035342X 0425152251 0380002930
105562,0140293248 0425175405 0316769487 0385479565 0142000205 0316781266 0679429220 0425169863 0425154092 0440206154
105572,0385504209 0451524934 0156027321 0385722206 0553211404 0684801523 0316769487 0375707972 0671027360 0451526341
105576,067976402X 0385484518 0316789089 0452282152 0385722206 038550120X 0452282829 0142001740 0316781142 0385490992
105596,0140143505 0671027360 0553572997 0440221595 0451197399 0684803860 0380002930 0380717018 0440215625 0449208672
105627,0671027360 0385504209 0312195516 0156027321 0380789035 0553279556 0553271636 0553250426 0449003795 0312966970
105649,0515128546 0515132020 0515126772 0142001740 0515136530 0373218397 051513287X 043935806X 0515135062 0515128554
105677,3442541751 3492045170 3150000017 3423201509 3423202327 3257229534 3423202947 325722575X 3426029553 3257227809
105714,006101351X 0446606189 0060922532 0425175405 0380789035 0394223802 0380002930 0060915544 0446610038 014028009X
105718,0679781587 0316284955 0446605239 0060928336 014028009X 044023722X 0375703055 0553574574 0385504209 0385474016
105745,0440206154 0312924585 0671003755 0142001740 0060938455 8432206407 0440211263 0440224675 0679781587 8445071416
105769,0380789035 0441569595 0380789019 0440206154 0345361792 0451172817 0345313860 0451169530 0345339681 0375725784
105795,0440211263 0380789019 0671021001 0380789035 0553582747 0385720106 0451203771 0452282152 0552124753 006101351X
105813,044651652X 0440225701 0439136369 0590568744 059048351X 0446672211 0440213525 0439064872 0440221471 044021145X
105840,8408043641 0140298479 0099771519 0330367358 8432206407 0156027321 0552124753 8433969978 0451163966 0345439104
105851,8433969978 8432206407 8445071416 8478884955 8477204055 8420616893 0312924585 8420441708 8478886451 0156013924
105869,059035342X 0439136369 0439139600 043935806X 0439139597 0439136350 0439064864 0345339681 0590353403 0385484518
105874,0375703063 0440226430 0375726403 0375702709 0671003755 044651862X 0375707972 0060915544 068484477X 0452282829
105881,0312195516 0385504209 0452282152 044021145X 0553572997 0345342968 0679723161 002542730X 0449212602 0156027321
105904,0440234743 0440224764 0440225701 0380718340 0425180638 0061015725 0425163407 0140293248 0451176464 0440221471
105937,0679781587 044023722X 0060938455 0452282152 0316666343 0156027321 0142001740 0375703861 0449005615 0374199698
105956,0345337662 0316769487 0345370775 0345351525 0446605239 0345409671 0060928336 044022165X 044021145X 0671004107
105968,0380820854 0380820846 0060511508 0380753006 0671737791 0380762587 0671744216 0060092963 0060002050 0553561537
105974,067976402X 0671027360 0804106304 0671027387 0452282152 0553560735 0345417623 0671510053 0380789035 0385474016
105979,0440211727 0060928336 014028009X 0385335482 0440226104 0425162443 0440225701 0385498802 0316776963 0671021001
105987,0671021001 0316666343 0375727345 0316601950 0060976845 0312195516 0316284955 0142001740 0446672211 0385484518
106007,0380789019 0380789035 0441003257 0312983271 0061009059 0142001740 0385505833 0345350499 0440212561 0452282152
106018,0316777722 0060928336 0385504209 080410526X 044651652X 0786868716 0446519138 0671003755 0804106304 0385484518
106028,0385335482 0380012863 0446532231 0312278586 0671693816 0425163407 0671727796 0385512104 006101351X 0452260116
106059,0425182878 0446609404 0446610038 0425132048 0425158616 0515131229 055356451X 0425174271 0425121631 0312983271
106078,0316666343 0385335482 0312278586 0440213525 0446608955 0345370775 0399501487 0385335881 0060976845 059035342X
106086,0440414806 0345370775 0553296981 014034294X 0345339703 0316096199 034540288X 0440237688 0451169530 044048474X
106114,0060928336 0060930535 0446672211 0316601950 0140293248 0312195516 0375706771 0316666343 0140298479 0671003755
106128,0515131229 0440226430 0515133973 051513287X 0515130389 0440222656 0515132020 0440235596 0515126772 0671014196
106131,0385504209 0671027360 0156027321 044023722X 0061015725 031242227X 0060930535 0380731851 0446532231 0312291639
106173,0440235596 0440226430 014028009X 0440211263 0451203771 0446611085 0440212561 006101351X 0671021001 880781210X
106179,8408043641 8432206407 8445071416 8433969978 8477204055 8420441708 8420616893 0140298479 0312924585 8478884955
106198,0375727345 044023722X 0060930535 0345387651 0440206154 0316601950 0446394521 0671041789 0440224675 0440234743
106208,0440226430 0446611867 0385335881 0440211263 0446608955 0440222656 0316769487 044023722X 0446610399 0385335482
106225,0345353145 0440211727 0345417623 0440226430 0345391055 0446606812 0312274920 0385472951 0385722206 038550120X
106280,0446672211 0062502182 0553572997 0449212602 0440226104 0446605484 0345427637 0446612790 0452269571 002542730X
106282,0440211727 044022165X 0440213525 044021145X 0440220602 0440234743 0440221471 0440222656 0440225701 0440224764
106294,0440226430 0446608815 0446610038 0446604801 0446607657 0446601241 0446605484 0446611212 0440234743 0446603716
106302,0380731851 0399150897 0380725827 0312990456 0312265867 0312966970 0316603570 0312976275 0399149155 0380723638
106331,0060959037 0345361792 0060915544 0060930535 0060987103 0671003755 0684872153 0671038184 0452282829 0060199652
106338,0060977493 067976402X 0345361792 031242227X 0345424719 0060959037 0156027321 0385494149 0375726403 0452269652
106369,0553284789 0449223612 0553280368 0449223604 0449003795 0449003787 0061009059 0312966091 0671001795 0312971346
106388,0316284955 0316666343 0446672211 0140293248 0671021001 0345443284 0060928336 0385505833 0440224764 0446605239
106402,0425180964 0425177173 0425109720 0425116840 0439136369 0425143325 0345342968 042510107X 0425147584 0156027321
106406,0312278586 0446605239 0452282195 0345378490 0446606812 014029628X 0671003755 0446672211 0446608955 0385720106
106417,0515128554 051513287X 0515128546 0515131229 0515132020 0515121843 051512317X 0515130389 0373218397 0515135062
106434,0836218221 0836218256 0836218620 0836218353 0836218787 0439064864 0836217691 0439139597 0836218833 0836220889
106503,0142001740 0671027360 0312983271 0449003795 0312995423 0399147195 0425171493 0385504209 0060502258 0441172717
106534,3442541751 3150000017 3492045170 3423202327 3423201509 325722575X 3423202947 3426029553 3257227809 3442092981
106538,0380753006 0380750872 0515107662 0380756293 051512219X 0380756277 0380899825 0380814803 0380756285 0380757478
106553,0312195516 0380789035 0375700757 0061009059 0380813815 0312980140 0385486804 0312291639 0312976275 0312966091
106632,0345339681 059035342X 0345339703 0439064872 0440206154 0439136350 0439136369 0345339738 0553260111 043935806X
106682,0446310786 0440487617 059035342X 0440226430 0440401585 0439064872 0064400557 0064471047 0439136350 0553375407
106685,0552124753 0552137030 0552128481 0552131067 0380789035 0552134627 0552140295 0552134635 0552134643 0552145424
106715,0060502258 0312983271 0385335482 0385335881 0385336179 0140293248 051513287X 043935806X 0446672211 038079487X
106768,059035342X 043935806X 0380789035 0451176464 0439136350 0345342968 0345339681 0399501487 0345353145 0316769487
106803,0060929871 0451169522 0316769487 0440224675 0345342968 0399501487 0140042598 0451163966 0515131229 0451524934
106816,0345337662 0446672211 002542730X 0312195516 0385504209 044021145X 0679735771 0446520802 0743418174 0345384466
106821,0375700757 0449003787 0312995423 0449221512 0425180638 0671027360 0060930535 0440236703 044023722X 0440241537
106845,0060930535 0142001740 0452282152 044023722X 014025448X 0385504209 0671027360 0440241537 0345439104 0312195516
106846,0316284955 0312195516 0452282152 0375700757 044023722X 0446672211 0449005615 0385265700 0679781587 0142001740
106848,0345370775 0440213525 0440222656 044021145X 0312195516 0345380371 0345342968 0671021001 0380002930 0345391055
106849,0425153975 0345384369 0380718340 0553580221 0425115801 0345386108 0425121259 0425107469 0553580191 0425175405
106862,0060930535 0385504209 0316601950 0345439104 0452283205 0142000205 0452282152 0671027360 0375707972 0142001430
106893,0552137030 0099771519 0552124753 0330332775 0345313860 0552131067 0552996009 0590660543 000649840X 0552998486
106895,0375700757 0375706771 0375727345 0446605239 067976402X 0375707972 0316769487 038079487X 0142000205 0060977493
106946,0060392452 0446532231 0385504209 0679781587 0316666343 0452282152 0316777730 0156027321 0316769487 0316776963
106950,0446610038 0345368932 0425180638 0345368991 0446364193 034529873X 0345335465 0345370775 0425175405 0345384911
106954,2253063339 2253150711 2253044903 2070360024 2266023039 2290311782 2070408507 2253057843 2205054252 2253005274
106988,0440234743 0060938455 0451191145 0449003795 0399144463 0671708635 0553573136 0061009059 044023722X 0312966970
107021,0312983271 0312983867 0312966091 0312990456 0671001795 0312306326 0061009059 031298328X 0312265840 0440214041
107042,3442541751 3150000017 3492045170 3423201509 3423202327 3426029553 325722575X 3257229534 3423202947 006099486X
107044,0552124753 0552137030 0380789035 0552128481 0380789019 0552131075 0552134627 0552140295 0552140287 0552134635
107099,014028009X 0440220602 0375725784 0446604801 0451172817 0671041789 0440226430 0679735771 0446364193 0440213525
107140,0385503822 0385508042 0385511612 0385497466 0316969680 0385505833 0385472951 0385424736 0385424728 038550120X
107208,0316769487 0375707972 0060987561 0375706771 0385484518 0345443284 0446672211 0375727345 0060502258 0060959037
107214,044023722X 0670868361 0670839531 0679781587 0440213525 0679446486 0385335482 0684853515 0684872153 0670844527
107234,0345417623 0060502258 044023722X 0553279378 0142001740 0380731851 0312278586 0140293248 0060959037 0312195516
107244,044022165X 0345370775 0446359866 0345378490 0449221504 0440214041 0345391055 0440220602 0449219364 0440221471
107258,0446310786 0385504209 0446672211 0060915544 0345342968 0312195516 0140244824 0316284955 0060921145 0679746048
107265,0385335482 0385335881 0385336179 0060096195 0743418174 0373250126 038550926X 0060085452 014028009X 0375727345
107270,0553280341 3442541751 0553284789 0449223612 0449219461 0449221512 3423202327 3423202947 3492045170 0449223604
107283,0156027321 0316776963 0316666343 0385498802 0440221471 0312282990 0060958022 0060929871 0679723161 0451524934
107288,0345337662 0345384466 0345351525 034538475X 0345369947 0345313860 0312924585 0440206154 0345397819 0060928336
107301,0553280368 0553271636 0679781587 0553279912 0449221504 0060928336 0312274920 0446310786 0345439104 0060173289
107324,0452282152 0385504209 0142001740 0312195516 0060934417 0312305060 0385722206 0142001430 0060930535 0375726403
107326,0345342968 0380789019 0441003257 0553572997 0380002930 0441569595 0156027321 0440222656 0316776963 0451524934
107333,0385504209 0385484518 0553272535 0060928336 0440226430 0316601950 0316776963 0385265700 0060976845 0375726403
107342,0553274503 8408043641 8432206407 8445071416 8433969978 0440235596 8433925180 0671003755 0151008116 8477204055
107382,0060938455 0446532231 0671027360 0316666343 0440206154 0316777730 0380789035 0525947647 067976402X 0380813815
107394,0399147195 0439139597 0142001740 0590353403 0439136350 0060391626 0399149155 0684853507 0380018179 0670880728
107431,0671027360 0156027321 0060930535 0312282990 0151008116 0316776963 0316777730 0142001805 0060938455 0312195516
107453,0345337662 0345313860 0671534718 0671695169 0345351525 0671534734 044651652X 034538475X 0671695142 0451153553
107491,0440226430 0743418174 044651652X 0316776963 043935806X 0140293248 0142000205 014028009X 0375706771 038550926X
107510,0345353145 0440234743 0380718340 042513525X 044022165X 0425154092 0345391055 0425155404 0345386108 0440225701
107514,0345370775 0440414806 0590634275 0440998050 039480029X 0394800133 0064471047 0440407524 0440220653 0385730586
107523,0451156609 0451172817 0451160525 0451176464 0451180232 0451170385 0451188462 0451168615 0451184963 0451137965
107540,0440211263 0446611867 0446672211 0440222656 0440223202 0446605239 0553296981 0440235596 0553213148 0345370775
107592,0060938455 0385504209 0312983824 0553576089 0440222656 0345434471 0440211263 0345413873 0060194448 0446611611
107594,0446310786 0671510053 0679429220 0425152251 0140119906 0671003755 0684848783 0345337662 044651862X 0553296981
107616,0553572997 0060916508 006101351X 0385492081 0345427637 0385722206 0385498802 0553272535 0440234743 0375727345
107645,0679781587 0451179285 0345439104 068484477X 0671027360 0451163966 059035342X 0060173289 0440222656 0140298479
107664,0446672211 067976402X 0679745203 0425152251 0140119906 0345350499 0671510053 0446608955 0439064872 068484267X
107675,044651862X 0345370775 0385504209 034540288X 0345417623 0060928336 0425083837 0399501487 0446605239 0385484518
107697,0345337662 0553375407 0312195516 0552131067 0684874350 044651652X 0552996009 0385486804 0140071814 0330332775
107718,0671021001 0375706771 0060502258 0385335482 0345350499 0316666343 0385504209 0446532231 0609804138 043935806X
107726,0439064864 0064400557 0440498058 0439136350 0380002930 0590353403 0553211404 0439139597 0140067477 0440226430
107748,0439064872 043935806X 067976402X 0316569321 0609610597 0439136369 0671027360 0375726403 0439139597 0553582747
107773,014028009X 0440226430 0440235596 0312278586 0679429220 0140293248 0142000205 0312983824 8806143042 880781210X
107780,0671027360 0316777730 0440206154 0060392452 0380789035 0380727501 0449912558 0060987529 0380789019 0441569595
107784,044651652X 042513525X 0440235596 0440211263 0671027360 0440212561 0316601950 0385265700 0312195516 043935806X
107852,0515132020 051513287X 0515126772 0515131229 0515128546 0515128554 0373484003 051512317X 0515121843 0373484224
107865,051513287X 0515131229 0515132020 0515128554 0515126772 0515128546 0515135062 0515136530 051512608X 0373218397
107889,0451156609 0451172817 0451160525 0451163524 0451169530 0451176464 0670855030 0670868361 0451177096 0670835382
107921,0553280341 0449221482 0449219364 0449219461 0553279556 0553271636 0553280368 0553284789 0449223612 0449221490
107951,0345339681 0345339703 0060977493 0345378490 0345339738 0316284955 0671001795 0446606812 0060916508 0553250531
107984,0316693006 0385510438 0385511612 0316603570 0316603287 0385503822 0671027360 0316602906 0525947299 0385504209
108005,0316666343 0375726403 0142001740 0312195516 0385504209 0375727345 0679781587 0743418174 0142000205 0385265700
108104,0316666343 0385504209 0385511612 0385510438 0786868716 0316602906 0316969680 0316693006 0385484518 0385508042
108123,0380731851 0060938455 0345438329 0142001740 014029628X 0345391055 0609804138 0385504209 0345445848 002542730X
108130,0060928336 0060976845 043935806X 0064407675 0061009059 0060987103 0316569321 0312195516 0375703055 0671027360
108141,006101351X 0385504209 0440241073 0440241537 0446605239 0446611867 0553212451 0440215625 0553569155 0446604666
108143,0440221471 0440211727 044023722X 044022165X 044021145X 0440213525 0440241537 0440236673 0440225701 0440214041
108155,0312195516 0375700757 0440235596 0312305060 0316776963 0385722206 0440221595 0553279378 0316666343 0345337662
108158,0385504209 0312195516 0312278586 0446531332 0316969443 0316096199 0316969680 0679781587 0142001740 0316693006
108182,0515131229 0515132020 0515126772 0515128554 0142001740 0515128546 0373484410 0515135062 0385504209 0373218397
108197,059035342X 0439136369 0439064872 043935806X 0060928336 0439139597 0439136350 0064407675 0439064864 0064407683
108213,0060934417 0151008116 0142001740 0316666343 0156027321 0375726403 0385722206 067976402X 0446310786 0375725784
108228,0140067477 0380002930 0399501487 0451163524 0618002219 0451160525 0440213525 0451526341 0380789035 0451190548
108243,0439136369 059035342X 0439064872 0439139600 0345350499 0316666343 0385504209 0446608955 038549081X 0345339703
108261,0316666343 0399149155 0385510438 0316693006 0316969680 0316603287 0385508042 0446531332 0142001740 0440236703
108267,0385503822 0316969680 0142001740 0316666009 0385504209 0385508042 0316693235 0316602906 0385510438 0385511612
108271,0671021001 0446672211 0316666343 0142000205 0385265700 0425167313 0375706771 0316601950 0375707972 0440226430
108272,0156027321 0312305060 0385498802 0385722206 0375707972 0345436911 0060930535 0312422156 0375703055 0385265700
108275,0425175405 0425169863 0425154092 0440224764 0380718332 0425147622 0425163407 044023722X 0060977493 0425158616
108285,0440234743 0440214041 0345313860 0440225701 0440241073 0345337662 0425163407 0440220602 0345391055 0316666343
108336,0553572997 0385504209 0345391810 0679723161 0451524934 0345342968 0060929871 0345391829 0553208845 0451163966
108352,0385504209 0345342968 0446310786 0380002930 0142001740 0446605239 0679746048 0399501487 0140293248 0060502258
108379,0345370775 0671004107 0446532231 0060392452 0451524934 0525947647 0441569595 0060938455 0345342968 034540288X
108392,0060928336 0679781587 0446672211 0671510053 0140293248 0060930535 0684874350 0425152251 0440226430 0385486804
108405,0515133973 0515131229 0515130389 0515135062 0515132020 0515136379 0515136530 0446611867 0425183971 0440206154
108478,0440211727 044021145X 0440236673 044651652X 0385472951 0385508042 0440234743 0385490992 0440214041 0385424728
108480,0515131229 0515132020 051513287X 0515126772 0515128554 0515130389 0515121843 0515133973 0515136530 0515132187
108481,0316666343 044023722X 0316284955 0553582755 0385504209 0446610038 0671004573 031298328X 0671867172 0380718340
108485,0060928336 0316601950 0316666343 0440226430 0385265700 0375727345 0060976845 0316284955 0312291639 0385335482
108487,0553572997 0385420161 0316601950 0156027321 0385486804 0679751521 0553268880 0060916508 0553377868 0375758992
108525,0060928336 0316284955 0060976845 0439064872 0679746048 0385335881 0425147622 0385335482 0060959037 0060977493
108535,0316666343 0156027321 0060928336 0452282152 0375727345 0316601950 0671027360 0060930535 0375700757 0449005615
108563,0553582755 0553582747 0440241073 0553580191 0671041789 0345386108 0060928336 067102423X 0553579754 0425144429
108600,0671880187 0553279912 0449221490 0786881852 0670030643 0452284295 0385722206 0156528207 0385472951 0345370775
108622,0671027360 0312195516 0060930535 0385504209 0060987103 0375725784 0060987529 0375700757 0345313860 0156027321
108685,0375726403 0142001740 044023722X 0156027321 0060977493 0060987103 0385722206 039592720X 0312305060 0671003755
108700,0671027360 044023722X 0385504209 0440241073 0061015725 0312995423 0142001740 0446611638 0446612545 0440234743
108706,3442541751 3423202327 3492045170 3150000017 3423201509 3423202947 3257229534 3426029553 325722575X 3442092981
108726,8408043641 0312291639 0312924585 8445071416 8432206407 0375726403 8433969978 0151008116 0515131229 0440224675
108747,0671011367 0446610038 0062502182 0671003755 0440241073 0440211727 0425152251 0553578022 0345413903 0425182878
108752,0679781587 0446610038 0446612790 0316666343 0553579983 0553582143 0786868716 0553571818 0553578693 0425152251
108753,0345370775 0345353145 0440234743 0345417623 0345380371 044021145X 0440221471 034540288X 0440220602 0440224675
108763,0440211727 044022165X 0440213525 044021145X 0440224764 0440234743 0440221471 0440220602 0440236673 0440225701
108773,0684874350 0449212602 0142001740 0385484518 0385504209 0399149325 044651862X 0786881852 0451197399 0553250426
108799,0380789035 0441790348 0316666343 0441003257 0312983271 0446610038 0345423402 0380789019 0441010512 0312306326
108827,0316769487 0684801523 0671021001 0345342968 0385335482 0446605239 0671003755 0451524934 0452264464 0312278586
108836,0385484518 0140119906 0380012863 0684874350 0553375407 0553573136 059035342X 0439064872 044651652X 0441790348
108849,0425167313 0446672211 0316601950 042516098X 0385335881 0060391626 0375706771 0671021001 0449219364 0061091316
108950,0316601950 0375706771 0345443284 0440226430 0671021001 0316666343 0385265700 0060928336 0375707972 0380730138
108997,0446672211 0375726403 044023722X 0156027321 0142000205 0446610038 0060959037 0316781266 0142001740 0440241073
109012,0375706771 0345438329 0140293248 0060391626 0156027321 0385335482 0590494457 0446610038 0451172817 0446672211
109013,0446672211 0440214041 0060391626 0786881852 0842329129 0385484518 0440226430 044021145X 0440213525 0440211727
109014,0440241073 0446612790 0446611212 044023722X 0671027360 0446610038 0446364193 0446605484 0446608815 0385504209
109033,0446610038 0446605484 0446611212 0446612790 0446364193 0316693006 0446606189 0446679593 0375727345 0446601241
109040,2253063339 2253150711 2253044903 2070360024 2266023039 2253057843 2290311782 2205054252 2070408507 2277260029
109049,0385484518 0439064872 0451526341 059035342X 0786881852 0679781587 0060502258 014025448X 0385490992 0452281903
109084,0671027360 0385504209 0060930535 0156027321 0452283205 0312305060 043935806X 0142001740 0142001430 0060987103
109107,0671021001 0060929871 0684801523 0451524934 0679746048 0385335482 0451526341 0446310786 0446670251 0345342968
109115,0446672211 0312278586 0060928336 0316666343 0316601950 0671021001 0446605239 059035342X 0060930535 0375707972
109122,0316666343 0060928336 0452282152 0385504209 0316284955 0446672211 0060934417 0316601950 0156027321 0060959037
109135,0060976845 0060930535 0385504209 0060928336 0345339681 0345339738 0316776963 0156027321 0375727345 0312305060
109180,0385505833 0385503822 0380730138 0316601950 0446672211 0142000205 0385490992 0385484518 0375706771 0316899984
109223,3442541751 3150000017 3492045170 3423202327 3423201509 325722575X 3257229534 3423202947 3426029553 3442092981
109228,0060976845 0446670251 0142001740 0671003755 0811801802 0345313860 0811802981 0446363251 0451163966 0060987561
109247,8408043641 8432206407 8445071416 0671003755 8478884955 0452282152 8433969978 8477204055 8420616893 0312924585
109276,0142001740 0060934417 0312305060 044023722X 0385722206 0452282152 0375726403 0385492081 0061097314 0385498802
109278,0446672211 0316776963 059035342X 0345337662 0345342968 0060391626 014028009X 0743418174 0553279912 0553280341
109287,0446605239 0786868716 0140119906 044651862X 0385484518 0425175405 0060928336 0345443284 059035342X 0439136350
109317,8408043641 8433969978 8432206407 0151008116 0671003755 8445071416 8478884955 8420616893 8477204055 8401328942
109333,0380789035 0441569595 0062502182 0425152251 0380977788 0345427637 0671004107 0385720106 0345350499 0375725784
109349,0446610038 0449219364 0312980140 0449223612 0312966091 0553280341 0312971346 0449003795 0449221490 0061009059
109357,0316666343 0316601950 044023722X 0385335482 0671021001 0316781266 0446670251 0060915544 038082101X 0440213525
109363,051513628X 0425183971 0515131229 0425189031 0515135739 0425148297 042518630X 0515136379 0515136530 0515133973
109367,042518286X 0399143947 0345384350 0380731851 059035342X 055356451X 0440211727 0425153975 0064472272 0425144429
109388,0345370775 0345380371 0440219078 034540288X 0385492081 0345378482 0345342968 0345378490 0345391802 059035342X
109403,0060392452 0060987049 034536676X 0140042598 0441790348 0345391802 0156007754 0425130215 0375700757 0316779423
109405,3442541751 3257227809 3423201509 3423202327 3492045170 3257229909 0385504209 3426029553 325722575X 3257229364
109416,059035342X 0345370775 0439136350 043935806X 0553274295 0440498058 0439139597 0440414806 0064472272 0439064864
109422,0345337662 0345384466 034538475X 0449221490 0345313860 0345351525 0449221504 0553280341 0345404319 0446672211
109427,051513287X 0515132020 0515128546 0515128554 0515126772 0515131229 0373484003 0373244487 0373218397 0373218192
109461,0345342968 0385504209 0345339703 0060502258 0345339681 0375727345 0385505833 0345361792 0156027321 0446310786
109491,051513287X 0373218192 0515133973 0515128554 0515128546 0373218397 0515135062 0515132187 0515121843 051512608X
109502,0316666343 0446672211 0060928336 0385504209 014028009X 0316601950 0060938455 0375703055 0156027321 0140293248
109516,0385335482 014028009X 0679746048 0671027360 0385504209 0440206154 0060976845 0446670251 0140298479 0441569595
109519,051513287X 0515131229 0515132020 0515128546 0515121843 051512317X 0373218397 0515130389 0515135062 0373244487
109520,0099771519 0330332775 0156027321 000649840X 0375703861 0091867770 0552137030 0349101779 0552998486 0749395990
109562,0385504209 034541389X 0316693006 0446612790 0446609404 0345413903 0449003795 0671027360 0316603287 042514755X
109574,0345361792 0061097314 044023722X 0385484518 0451169530 006099486X 0380012863 0671021001 0553279378 0345348036
109605,0345313860 0345337662 0345413350 0345351525 0064407667 034538475X 0609804138 0060930535 0345397819 0345335651
109631,0440211263 0553582747 8408043641 0380789019 8445071416 8432206407 8433969978 0671021001 0671510053 0140298479
109639,0552124753 0380789035 0061057649 0061020702 0061059072 0552131067 0552128481 0552131059 0552131075 0441003257
109700,0312995423 0156027321 0142001740 0671027387 0440241537 0061015725 0452282152 044023722X 0385510438 0066214122
109741,3150000017 3442541751 3423202327 325722575X 3423202947 3492045170 3442092981 3423201509 3257229534 3426029553
109779,0380002930 0451156609 0399501487 0451184963 044021145X 0451172817 0451137965 0345339681 0345342968 0446310786
109780,0345337662 0312195516 0060938455 0345439104 0060930535 0060392452 014028009X 0316780375 0385479565 0316777730
109783,0316666343 0060502258 0440206154 0099771519 0446532231 0804106304 0316769487 0552998486 0679735771 0091867770
109864,0312195516 0316666343 0142001740 0312291639 044023722X 0060959037 0316601950 0375726403 0446672211 0060934417
109899,0440221471 0446605239 0515131229 0440226430 044021145X 044023722X 0142001740 0385335881 0446364193 0440224764
109901,0446310786 0451160525 0316769487 067102423X 0451168615 0425105334 0451169514 0451190491 0670844527 0345342968
109921,044023722X 0440241073 0345417623 0380731851 0440234743 0440236673 0316769487 0312995423 0440225701 0671027360
109949,0425184226 0553212621 0743237188 0345342968 0425147584 0440224675 0425143325 0425109720 0316769487 0399149325
109955,0140293248 0345438329 0060930535 0385335482 0451203771 0440211263 0345370775 0140177396 0441003257 0446605239
109971,0446611212 0345413903 0446612790 0440241073 0345413881 0553582747 0449003795 0446605484 0425178765 0425182878
110019,0316601950 0446364193 0375707972 0316769487 0446672211 0425180638 0440226430 0425154092 0671003755 044651652X
110029,0385335482 0679781587 0446610038 0553280341 0375700757 0312291639 0553271636 0449221490 0449221504 0743418174
110040,0446605239 0385504209 0385508042 0316769487 0446606812 0060502258 0446310786 0451524934 0345348036 080410526X
110076,0440211727 067976402X 044021145X 0440213525 044022165X 0452282829 006099486X 0767900383 0679444815 0446672211
110093,0312291639 0385505833 0375727345 0316776963 0312305060 0142001740 0385484518 044023722X 031242227X 0380731851
110110,0060929871 0451524934 0316769487 0345342968 0451526341 0393312836 0451163966 0393319296 0446310786 0451191145
110112,059035342X 0439136369 0345353145 0425153975 0425128164 0553580221 0425115801 0345384369 0425124347 0345386108
110128,0061009059 0345370775 0449005615 0312966970 0312976275 0060976241 067168390X 0385512104 0375705856 0525947647
110160,0446612790 0399150897 0671004530 0425175405 0316693006 0679781587 0553582755 0345413903 0446611085 0399149155
110165,0060928336 0316601950 0060930535 0439064872 0446672211 0060959037 0452282152 0316666343 0439139600 0679781587
110208,0345370775 0345380371 0345417623 034540288X 0345378490 0345378482 0345402871 0345354621 0446359866 0451183665
110214,0316601950 0670813028 067102423X 0452279178 0670858692 0670813648 0670844527 0670855030 0345444884 0375504397
110227,0670835382 0670839531 0451526341 0060929871 0451524934 0452279178 0670858692 0590353403 0451169514 0670868361
110235,0385504209 0393319296 0385498721 0060929871 0375725784 0399501487 0671021001 0345313860 0385722192 0316284955
110265,0439064872 059035342X 0786868716 0671708635 0439136369 0439139600 0385484518 0439136350 038542017X 0671250671
110266,0385484518 0446310786 0345339703 043935806X 0345339738 0345339711 0316666343 0439064872 0440224764 0590353403
110267,0385504209 0140280553 059035342X 0312195516 067976402X 0142001740 0060173289 0446608955 0060976845 0425143325
110308,0385492081 0375726403 0385486804 042516098X 0425192725 0380725827 0515095826 0375727345 0060934417 0425178951
110317,0345384466 0385503822 0312278586 0060987529 0446601241 0140298479 0440224675 034538475X 0345378490 0385505833
110349,0385504209 0345387651 0380018179 0316666343 0515128554 0515126772 0684872153 051513287X 031242227X 0553275976
110361,0156027321 0375726403 0312421273 0385504209 0316776963 0312282990 0312305060 044023722X 0385722206 0452283205
110367,2253063339 2253150711 2253044903 2070360024 2266023039 2290311782 2205054252 2253057843 2070408507 2253005274
110373,0425163407 0440214041 044021145X 0440211727 0440221471 0425109720 042510107X 0425083837 0440225701 0425170349
110382,0312195516 0345439104 0142001740 0060930535 0671003755 0452282152 0345351525 0345313860 0060175400 0440222656
110410,0345380371 0446364193 0446611212 0385492081 044021145X 0446610038 0446359866 0425182878 0425184226 0446605409
110440,0440221471 044022165X 034540288X 0142001740 0451203771 0553279912 0345417623 0452283205 0440220602 0671027360
110459,0375700757 0375705856 0452282152 0312976275 0446606189 0553578685 0449213943 0316781266 0064408647 0671510053
110483,0345335465 0385504209 0345337662 0345384911 0441005241 0345313860 0345339495 0312195516 0345368932 0345423402
110493,0446612790 0446611212 0345413903 0440241073 0446610038 0671027360 0553582747 0425182878 0440241537 0449003795
110558,0671027360 0440236673 0440225701 0440241073 044023722X 0440221471 0440224764 0440241537 0440214041 0312995423
110572,2253063339 2253150711 2253044903 2266023039 2070360024 2290311782 2205054252 2253057843 2070408507 2253005274
110609,0452282152 0156027321 0345439104 0060175400 0451156609 039592720X 0060173289 0142001740 0345339703 0385720955
110661,0452282152 0440241073 0440211727 0312195516 0345370775 0385504209 0440220602 0440213525 0446605239 0440221471
110700,0345353145 0345378490 0345380371 0345391055 0312924585 044023722X 0440220602 0440206154 044022165X 0345354621
110724,0553578316 0142001740 0316168815 0553578359 0446605239 0553574639 0425179184 0553574671 0515134384 051510566X
110746,0316666343 067976402X 0330332775 0345443284 0552996181 0142000205 0375703861 0385502532 0553271636 0671510053
110771,0345353145 0345370775 0345380371 0345378482 044021145X 034540288X 0345417623 0671004107 0345337662 0345391055
110783,0345361792 0440234743 0446606189 0440241073 014023313X 0060930535 0345387651 0440222656 0446604666 0345413873
110815,0345387651 0440226430 0553258001 0380018179 0060928336 0316776963 0375706771 0375700757 0345361792 0345443284
110820,0440236673 006101351X 0425116840 0440241073 0061015725 0553250426 0440234743 0425170349 0312995423 0440225701
110853,0385486804 0060987103 0385474016 0156027321 0804106304 0142001430 0060977493 044023722X 0671027387 0553375407
110887,044023722X 0671021001 0142000205 0446672211 0375706771 0452282829 0385265700 0671003755 0446610399 0060930535
110890,0439139597 043935806X 0439136350 0439139600 0590353403 0439064872 0439136369 0440225701 059035342X 044023722X
110912,043935806X 0316569321 0345439104 0061015725 0446672211 038550120X 0679781587 0452282829 0452282152 0609610597
110919,0316666343 0060391626 0670892963 0380977788 0671027344 0525934251 0679429220 0393317552 0446525537 0060915544
110934,043935806X 0345342968 059035342X 0060934417 0156528207 0449005615 0439136369 0380002930 0439139600 0312195516
110973,0060987103 0060987529 0451169530 0553580221 0670855030 0380789035 0451172817 0609610597 0553579754 0440217563
110979,0671867113 0671004573 0671004549 0316284955 0440226430 0671793489 0440213525 0671867172 0440200989 0671867091
110988,044022165X 0446364193 042513525X 0440225701 006016848X 0440221471 0425154092 0515131229 0440214041 044021145X
110993,0425175405 0425163407 0425180638 0425169863 0380718332 0380718340 0425147622 0425158616 0380717018 0440224764
111019,0684853515 0525941908 0449211479 0553148001 0385199570 0451124340 0380018179 0684867621 067102423X 0804106304
111027,0439064872 0345350499 059035342X 0345337662 0439136369 0553573403 0812551478 0312291639 0440215625 0446608815
111032,0375726403 0743418174 0060934417 0380731851 0385722206 0156028778 0449005615 0156027321 0316776963 0312305060
111035,0061009059 0385486804 0312976275 0070212570 0385479565 0312980140 0380018179 0441003257 0553268880 0446670111
111045,0446310786 0316769487 0345342968 0425152251 0440180295 0060987561 0380002930 0385484518 0441569595 0060976845
111133,044651652X 0345339681 0679781587 0446519138 0345361792 0070212570 0684872153 0060976845 0786868716 0345339703
111143,044023722X 0060959037 0060928336 0679781587 0452282152 0375702709 0452282829 0452260116 0375705856 0345439104
111166,0439139597 0439136369 0439064864 0439139600 0439136350 0671027360 0590353403 0449221490 0312995423 0449221482
111174,0452282829 0375727345 0060930535 0452282152 0142001740 0345351525 0449212602 0375412824 0345439104 0060959037
111190,0440236673 0440234743 0312983271 0446364193 0440225701 0440220602 0440224764 0316601950 0446607711 0440241537
111210,0142000205 0385265700 0553272535 0345404114 0553279912 0345392825 0553572997 0553268880 0375727345 002542730X
111228,0446604801 0440234743 0446610038 0446606189 0446608815 0446601241 0425154092 0446605484 0440226430 0446607657
111238,0316096199 0316666343 0439136350 014028009X 0439064872 0316569321 006093090X 0140298479 0590353403 0515120456
111241,0060928336 0440241073 0440213525 0440221471 0440211727 0345353145 0312924585 0440220602 044021145X 0425175405
111254,0316284955 0385335482 0375725784 0385335881 0316096199 0440235596 0446605239 0060392452 0671021001 043935806X
111261,0439064872 059035342X 0515131229 0515132020 0439139600 043935806X 0515135062 0515128554 0515126772 0671027360
111286,0452282152 0142001740 0156027321 0060934417 0385504209 0312195516 0142001430 044023722X 0375726403 0452283205
111288,0064472272 0064400557 0140067779 0345301110 0553279378 0316776963 0060915544 0380731851 0451183665 0060938455
111310,0345446860 0385492081 0440220602 0375726403 0316096199 0345361792 0345337662 0060934417 0373114516 0451210743
111358,0385503822 0385484518 0385505833 0312265859 0385508042 0446605239 0312995423 0345443284 0385490992 0312971346
111390,0316666343 0312278586 0451156609 0451526341 0671041789 067102423X 0446606812 0451184963 0451172817 0451177096
111434,0345361792 0060391626 0609804138 0140067477 0452260116 0449912558 0786881852 0062502182 0671001795 0345413350
111438,0142001740 0440235596 0440221595 0451203771 0452282152 0440223202 0375705856 0553579754 0316666009 0316569321
111444,0312195516 0452282152 0375706771 0140298479 0385484518 0060928336 0671021001 0060976845 0142001740 0060934417
111536,044023722X 0440236673 0060928336 0060930535 0440241073 038079487X 0440234743 0312195516 0060959037 0345353145
111550,0375726403 0316096199 0316666343 0375412530 0671027360 0312282990 0151008116 0374129983 0679781587 0385494246
111578,0312195516 0316666343 0142001740 0449005615 059035342X 0316284955 0671003755 0345335465 0380789019 0439064872
111582,0316601950 0446672211 0425167313 0425162443 0671038184 042516098X 0060391626 0375506039 0380730138 0684801523
111634,0553213172 055321313X 0312195516 0380018179 059035342X 0553213156 0439064872 0440211263 0375700757 0553269224
111637,0312195516 0060934417 0452282152 0385504209 0316666343 0375726403 0142001430 0375725784 0312966091 0385722206
111657,0804106304 0316284955 0440206154 068484477X 0375727345 0684865742 0671021001 0316666343 0345391055 0345370775
111704,0515131229 059035342X 0312924801 051513287X 0439064872 0515132020 0440226430 0425147622 0515120898 0440235596
111731,0439139600 043935806X 0439136350 0439064864 0590353403 0345339703 0345339681 0446608955 0064407667 0786881852
111733,0515132020 0515126772 0515135062 0515128546 0316666343 0316666009 0515128554 0385503822 0316969680 0142001740
111741,3442541751 3150000017 3492045170 3423202327 3423201509 3257229534 325722575X 3257227809 3426029553 3423202947
111747,0385486804 0425147622 0446359866 0312195516 0440204887 0316666343 0446610038 0425154092 0380718332 0316693294
111749,0684872153 0316780375 0684848783 0804106304 0679781587 0671617028 0804114986 0446606812 059035342X 0440211727
111816,0449003787 0553574671 0553560247 0553578316 055357258X 044922046X 0142001740 0425154092 0380723638 055356773X
111847,0440206154 0515126772 0515133973 0515131229 0312924585 0345391055 0385479565 051513287X 0515132020 0449006530
111888,0385492081 0385484518 0345424719 0345387651 0671510053 034540288X 0140067477 034536676X 0553258001 0060959037
111924,0312195516 0440235596 0316781266 0345446860 0786881852 0345443284 0345435168 0425147622 0425175405 0446611085
111926,0345361792 0385492081 0380002930 0385498802 014025448X 0064407667 0385474016 0449911519 0441003257 0553277472
111938,0345313860 0375706771 0345350499 0441569595 014023313X 0345337662 0156007754 0375700757 0316569321 0345351525
111944,0345353145 0345380371 0440180295 0345339681 0441569595 0345354931 0345314255 0345378482 0345391802 0345348036
111947,0451180232 0451156609 0451184963 0451176464 0345351525 0451177096 0451160525 0671027360 0345384350 0345417623
111953,0399501487 0385486804 0070212570 0345342968 014025448X 0670813028 0671894455 0446677450 038070613X 0345348036
111954,0446530077 0316666343 034538475X 0440220602 0446364193 0440236703 0446605484 0446610038 0316601950 0451160312
112001,0440235596 0345337662 0380018179 0515128554 0375702709 067102423X 0060928336 0451203771 0679781587 0515126772
112026,0316284955 0312278586 0385265700 0060928336 0671021001 0385335482 044023722X 0142000205 0375727345 014028009X
112069,0316666343 0385510438 0060934417 0684867621 0375504397 0385503822 0679781587 0449005615 0670868361 0316693200
112083,0375725784 0440235596 0446310786 0670892963 0060938455 0060502258 0316769487 0345387651 0316284955 0425152251
112088,0385335482 0060928336 0312291639 0140298479 0671021001 0142001740 0140293248 0316601950 044023722X 014028009X
112093,0446672211 055357258X 044651652X 0385722206 0060502258 0345351525 044021145X 0553572040 0553574639 0449221504
112109,0440234743 0446607657 0553579606 0446364193 0425172546 0446611808 0380710218 0446607711 0446611212 0446605484
112148,0452282829 0142000205 0375707972 0316899984 0060928336 0316769487 0446672211 0380730138 0375706771 0060930535
112169,0345339703 0385504209 0345339711 0345339738 0671027360 043935806X 0439064872 0061015725 0451160525 0439139597
112173,034540288X 0345380371 0345378490 0345353145 0425143325 0425109720 0345417623 0440206154 0440211727 0312924585
112199,0425147622 0425163407 0425154092 0345443284 0425158616 0440236673 042516098X 0425169863 0449219364 0553581554
112220,0345337662 0060502258 0345351525 0553250426 0345397819 0345384466 0385722206 0345313860 034538475X 0684874350
112227,0099771519 0330332775 0743225082 0060934417 0385730586 000649840X 0156027321 0452282152 0553280341 0330367358
112240,0061009059 0449221512 0449219461 0553279912 0553280341 0345413350 0061097853 0553268880 0449003787 0449219364
112243,0385504209 0385508042 0385503822 0316969680 0316693006 0316666343 0385505833 0316666009 0446531332 0385510438
112280,0156027321 0452282152 0142001740 0061097314 0345443284 0316096199 0316666343 0060391626 0385504209 0060930535
112298,0385504209 0312195516 0385722206 0312282990 0156027321 0060934417 0060938455 044021145X 0060915544 0385720106
112401,0552137030 0316666343 0671021001 0552131067 0552124753 0552128481 0380789019 0441003257 0552131075 0385492081
112402,0140293248 0380789035 0060930535 0316777730 0380002930 014028009X 0061092177 0060976845 0440241537 0312291639
112408,0316969680 0385508042 0316602906 0385511612 0316693235 0316693200 0385497466 0399150897 0316603287 0385503822
112412,0312195516 0671003755 0679781587 038542017X 0385498802 014023313X 0316666343 0060938455 0449005615 039592720X
112437,0515136379 0440212561 051513628X 0515136530 0312979983 050552354X 0671027581 0515135216 0060513640 0440215625
112477,0743418174 0439064872 0440226430 0316666343 014028009X 059035342X 0670880728 0439139600 0385335830 0440236673
112488,0440241073 0425180638 0446609404 044023722X 0375707972 0553279378 0425178765 0446605409 0553586122 0060915544
112502,0439064872 0380789035 0385492081 059035342X 044022103X 0439136369 0449219364 0064407667 0786881852 0064407675
112507,044651862X 0345387651 0671510053 0375727345 0446605239 044651652X 0452264464 0452282152 0684848783 0385484518
112512,0380789019 0060987103 0380789035 0441569595 0345342968 0380002930 0345361792 0451524934 0446310786 0060502258
112541,0312983271 0312980140 0316666343 0312983867 0553582747 0440224764 0671003755 0312966970 0312971346 0385505833
112544,0446610038 0446605484 0446612790 0446364193 0446606189 0425182878 0446608815 0425172546 0316601950 0446609404
112559,0679781587 0142001740 038079487X 0671867091 0671027387 0671036505 0671004573 0553296981 0316666343 0312305060
112590,044023722X 0440241073 0440236673 0440234743 0446610038 0061015725 0425180638 0446601241 0440225701 0312995423
112598,0439136369 0439139600 0452282152 0316666343 0312195516 0385484518 0060987561 0671021001 0316601950 0446672211
112643,0345337662 0345384466 0345313860 0312924585 0345351525 0451169530 034538475X 0345370775 0440220602 044651652X
112672,0452282152 0385722206 0312305060 0156027321 0142001740 0142001430 0553250531 0452283205 0385504209 0060958022
112709,0385335482 0385335881 0060928336 0385336179 0312291639 0743418174 0440235596 0440211263 0671021001 0440226430
112736,0385504209 0060502258 0140298479 0142001740 0345361792 0060928336 0380002930 0156027321 0684801523 0446394521
112761,0373484003 0373790899 0316666343 0515126772 0373790481 0515122734 0373218400 0440211727 0515120618 0373790473
112765,0446672211 0440226430 0060928336 0679429220 0385484518 044022165X 0380789019 0440224764 0345384466 0345337662
112818,0316666343 0446310786 0060928336 0312278586 0375706771 0316284955 0316769487 0446608955 0440226430 0385335482
112845,0446364193 0440221471 0446601241 0425180964 0425180638 0425175405 0446611212 0446607657 0440224764 0380710218
112856,0440213525 0440211727 0385486804 059035342X 0385512104 0452264464 0345354613 0440214041 0684874350 0671510053
112857,0375707972 0060938455 0609804138 038079487X 0060930535 0345439104 067976402X 044023722X 0385335482 031242227X
112881,0385335482 0312278586 0385336179 0316769487 0446670251 0312291639 0385730586 0064472272 014100018X 0345342968
112884,0140293248 0312278586 8806143042 880781210X 0385335482 014028009X 006101351X 8845215989 8845237303 8806166484
112914,0451176464 067102423X 0451156609 0553572997 0451172817 0451169530 0061015725 0451184963 0345444884 0425152251
112953,0451524934 0440180295 0060929871 0684801523 0446310786 0316777730 0345342968 0553296981 0140185216 0553208845
112977,0312278586 0316284955 0156027321 0316096199 0316776963 0743418174 0312195516 0446672211 0060934417 0449907481
112979,0060928336 0446605239 0385486804 0671617028 0385479565 0452282152 0345370775 059035342X 0060976845 0142001740
112986,0440221471 055329315X 0449005844 0312983824 0380710218 0553213148 0684874350 0440215625 0671737791 0553213180
113030,0671021001 0375706771 0671755064 0316601950 0156528207 0525947647 0060928336 0425152251 0679745203 0679781587
113062,044021145X 0312274920 0316782505 0061009059 0452282829 0060959037 0385722206 0440221471 044023722X 0743418174
113083,0553272535 0312195516 0375726403 0316601950 0449212602 0374129983 068484477X 0316777722 0515090174 0553268880
113155,0515136379 0373218397 067976402X 0515136530 051513628X 051511779X 0515121843 0373218192 0515124214 051513287X
113203,0380789019 0446364193 0060392452 0451524934 0345313860 067976402X 0345384466 0345351525 0316769487 0345350499
113241,0312195516 0316601950 0316666343 0060928336 0671021001 0679429220 0060391626 0375706771 0440241073 044651652X
113259,044023722X 0312291639 0446607657 0446612545 0446611867 0446612790 0446610038 0312995423 0142001740 0452282152
113266,0345339681 0345342968 0385486804 0380789035 0380002930 0441790348 0345348036 0441569595 0380789019 044021145X
113270,0452282152 067976402X 0446520802 0671510053 0385498802 0345443284 0375727345 0440222656 0671038184 0142001740
113277,0060930535 0345378490 0316666343 0425121259 0345353145 0373790473 0373790961 0373790198 0373691300 0373790481
113279,0440211263 0312195516 0140298479 0375700757 014028009X 0451172817 0553213148 0679429220 0440212561 059035342X
113292,0060987103 067976402X 0060922532 0345438329 0385722206 0345342968 0671510053 0060977493 0060987529 0142001430
113328,044023722X 0440241073 0440236673 0440225701 0440224764 0385504209 0345353145 0440211727 044022165X 0440221471
113334,0440226430 0446607657 0446612545 0440224764 0446612790 0446611808 0553582526 0373218397 0440206154 0440234743
113364,0385335482 0060928336 0140293248 014028009X 0316601950 0446605239 0440226430 0385335881 0743418174 0446608955
113435,0380718340 0375700757 0142001740 0425180638 0425154092 0425169863 0449003787 0425147622 0385722206 0425158616
113467,0345337662 0345313860 044651652X 0060930535 034538475X 0345351525 0440220602 0446601241 0385504209 0446607193
113475,044651862X 0394800168 0060173289 039480001X 039480029X 059035342X 0345392825 0394800133 0553272535 0316781142
113514,0099771519 0349101779 044023722X 0552124753 0590660543 0099727412 0330332775 0312274920 0552996009 0330375253
113519,0671510053 0060930535 0375727345 0345387651 0316601950 0142001740 0684872153 0385265700 0142000205 0449005615
113531,0440241073 0440241537 0440221471 0440225701 0446610038 0440224764 0440236673 0446611212 0425180638 0061015725
113537,3442541751 3150000017 3492045170 3423202327 3423201509 3257229534 325722575X 3423202947 3426029553 3257227809
113568,0385504209 0312195516 0679781587 0375700757 0679429220 0440127793 0151008116 0060938455 0452282152 0449005615
113602,0446612790 0425182878 0553582747 0446612545 0446610038 0446611212 0345413903 0399150897 034541389X 0440241073
113608,0553272535 0451524934 0440219078 0140042598 0451526341 0399501487 0385498802 0374129983 0380018179 0060916508
113612,3442541751 3150000017 3423202327 3423201509 3492045170 325722575X 3257229534 3423202947 3257227809 3426029553
113618,0060928336 0316601950 0375727345 0142000205 0375706771 0385484518 0452282829 0671021001 0385720106 0446672211
113624,0060959037 0452282152 0446611867 0440212561 068484477X 044021145X 0060921145 0446672211 0452264464 0060922532
113630,0440241073 0440236673 0440234743 0061015725 0440220602 0440213525 0345417623 0345353145 0440225701 0440211727
113633,0385504209 0142001740 0743418174 0060938455 0385336179 0316096199 044023722X 0385503822 0375726403 0316666343
113648,0312195516 0440414806 0316769487 0553296981 0060392452 0142001805 0345313860 0440236673 0671003755 0552996181
113657,0440226430 0671041789 0671021001 0446672211 0385335482 014028009X 006101351X 0440206154 0316284955 0440224675
113661,0452282152 0142001740 0060930535 0385722206 039592720X 0316569321 0452283205 0312305060 0375726403 0375707972
113663,0440226430 0425107469 0380718340 044021145X 0446364193 0425154092 0380718332 0451167317 0425169863 0380002930
113723,0345417623 0156027321 0385486804 0441569595 0062502182 0441172717 0399149325 0451191145 0451524934 0440236673
113752,0316693235 0316666343 0385503822 0316969680 0316693006 0743418174 0446531332 0385484518 0316693286 0316693294
113755,0440224764 0446611212 0446612790 0440226430 0446609404 0446612545 0446608815 0671011367 0446601241 0440221471
113778,0380731851 0345413873 0671042262 0316666343 0060934417 0425182908 0385730586 0380817691 0060938455 0425178765
113804,0440222656 006101351X 0440226430 0451203771 0446611867 0671021001 0786868716 044023722X 0446605239 0515131229
113817,0671027360 0060938455 0156027321 0385335482 0385722206 0440241537 0312422156 0142001740 0062502182 0312995423
113821,059035342X 0439136369 0439139600 043935806X 0439136350 0439139597 0439064864 0590353403 0345339703 0345339681
113904,044651652X 0679429220 0345384466 0345313860 0440235596 0671510053 0679746048 059035342X 0345439104 0440224675
113944,043935806X 0439064864 0439139597 0590353403 0440226104 044651652X 0385505833 0060502258 0440225701 0441005489
113955,0446679593 0440220653 055321313X 0345339703 0385505833 0440998050 002542730X 0345339681 0440414806 0446607657
113961,0842329218 0842329129 0842329242 0553250531 0842329250 0553250426 0842329269 0446605239 059035342X 0345370775
113966,0345337662 0440221471 0425083837 0425116840 0425180964 0425109720 0440224675 0345351525 0440236673 034538475X
113983,0446606812 080410753X 0345413350 0440211727 0375700757 0440214041 0440206154 0345348036 0345387651 0451207521
113989,0312278586 0385504209 0316096199 0743418174 0316693006 0316284955 0316602906 0446531332 0066214122 0316969443
114007,0440180295 0345391802 0316769487 0345342968 0553208845 0679746048 0441569595 0440224675 0345353145 0312924585
114016,0380789035 0446604666 0380789019 0671041789 0441569595 0345348036 0385492081 0671004107 0060175400 0399501487
114075,0316096199 0142001740 0316666343 0385335482 0312291639 0375700757 0060976845 0385484518 0142000205 0375705856
114078,0312274920 0380977788 0330367358 0380727501 0312995423 0749395990 0099771519 0553572997 0446604666 0446350982
114085,0842329218 0439064872 0439136369 0439064864 0439136350 0590353403 0345342968 0451526341 0439139597 043935806X
114089,0440211727 044021145X 044023722X 0440222656 0345380371 042510107X 0440220602 0425109720 0440214041 0452282152
114143,0446672211 0671510053 0451177096 0312291639 0446610399 0099771519 0609804138 0440206154 0671011375 0767900383
114178,0345417623 0553279378 0553582755 044900371X 014038572X 0446672211 067976402X 0446519138 0425175405 0671003755
114197,0064400557 0064400042 0064400026 0064400085 0064400077 0064400069 0440498058 0440940001 0312291639 0553274295
114200,0515128546 0515128554 051513287X 0515132020 0440224764 0440221471 0515131229 0515121843 0373484410 0425154092
114210,0312980140 0140298479 0553280368 0380789035 0312966091 0375727345 0452282152 0312195516 0399149325 0399149155
114216,059035342X 0439064872 0449221512 0440223202 0553284789 0385492081 0449219461 0425175405 0449221482 0449221490
114217,044023722X 0316666343 0440221471 0440213525 059035342X 0440214041 0452282152 0440224764 0060392452 0684872153
114218,0385315236 044651652X 0452282829 051511992X 0525941908 0375504397 0671673661 0451153553 0553292722 0684867621
114255,0446612790 0446611212 0553583468 0451206525 0345447840 0553578693 0553582135 0553578022 0553582747 0380731851
114258,0446672211 0316666343 0316769487 0671021001 0385484518 0679746048 0446605239 0316284955 0446608955 0312278586
114265,0312924585 044021145X 0440206154 0440211727 0345370775 0440214041 044022165X 0345378490 0345353145 0671041789
114279,0156027321 0330332775 0099771519 0330367358 0552124753 0590660543 0060934417 0552137030 0552998001 0552131067
114306,0425152251 0060502258 0385722206 044651652X 0679745203 0156007754 0451163966 0316769487 0060929871 0345424719
114365,0345337662 0446612790 055356160X 0553561618 0553582526 0440214041 0553250531 067976402X 0553292722 0446607657
114368,0440236991 0446525537 0515120006 039914840X 051511992X 0380775840 0440225698 0515120618 0553294903 0440236525
114378,0440211727 0345353145 044021145X 0440213525 0440224764 044022165X 0446605239 0451183665 0345380371 0425158616
114379,0385504209 0671510053 0385486804 0671027360 0156027321 068484267X 031242227X 0385722206 0312995423 0140293248
114413,051513287X 0515131229 0515132020 0515128546 0515128554 0515126772 0373218397 051512317X 0373244487 0515121843
114414,0440213525 014028009X 0312278586 0316769487 006101351X 0553572997 0375705856 0064407667 067976402X 0439064872
114444,0312924585 0345384466 0345353145 0345337662 0671024248 0553580221 0316601950 0446670251 0312278586 0345350499
114446,0552128481 0552131075 0552140295 0552134627 0552134635 0552996009 0552145424 0060392452 0552140287 0552147680
114452,0316769487 0446310786 0375706771 0375707972 0345342968 0671021001 0060929871 0451163966 0452269571 0375702709
114466,0553572997 0062502182 0140179836 0060915544 0553561618 0380002930 0385720106 039914840X 014131088X 0380730138
114483,0440217547 0440213282 0440224780 0440224853 0440226430 0446605239 0380018179 0440184053 0440235596 0440176484
114498,059035342X 0439139600 043935806X 0671027360 0439139597 0439136350 0439064864 0345339703 0156027321 0590353403
114544,0060976845 0452282152 0312291639 0140298479 0060959037 0345443284 0140293248 0375703055 038079487X 0380730138
114581,0439136369 043935806X 0440222656 0385335881 0440226430 0446608955 0439139597 0385335482 0439064864 0439136350
114583,0425154092 0425163407 0425158616 042516098X 0380718332 0440226430 0380718340 0345337662 0446601241 0380717018
114592,0345313860 0345351525 0345337662 034538475X 0380789035 0425143325 014028009X 0441569595 0345384466 0375703764
114601,0375700757 0345361792 0446672211 0449212602 0312195516 0060928336 0553258001 0345387651 0375706771 0385484518
114611,0446310786 0060976845 0312986343 0684872153 0446605239 0553566040 0060915544 0399149155 0140179836 0345424719
114629,0312291639 0385335482 0440213525 0684874350 0060096195 0452260116 0060928336 0452283205 0767900383 0609804138
114634,0345313860 0345337662 0345397819 0345409671 0345404319 0446670251 0345391810 0345422384 0060928336 044651652X
114643,0425163407 0425169863 0425147622 0425175405 0425158616 0380718332 0380717018 0425180638 0380710218 0440224764
114654,0060938455 0446610038 0312278586 0552143774 0316666343 0671250671 0786881852 0312966970 0553271636 0552996009
114655,0440234743 044022165X 0440214041 044023722X 0440221471 0380018179 0440224764 044021145X 0440241073 0440211727
114662,0060928336 0345417623 0671003755 0060976845 0385484518 0066214122 0671041789 0316601950 0786868716 0446606812
114695,0440241073 0440221471 0440236673 0440241537 0440234743 0440224764 0440220602 044022165X 044023722X 0425180964
114699,034538475X 0345384466 0877733759 0452260116 0060392452 0312195516 0060938455 068484477X 0553262505 0070212570
114700,0385484518 0786868716 0553279378 0679746048 0060928336 0439064872 059035342X 0786881852 068484267X 0553296981
114742,0345337662 0345370775 0312924585 034538475X 034540288X 0345351525 0440211727 0312195516 0345353145 0345380371
114785,0446606812 0385335881 0385336179 0060928336 0140298479 038550926X 0061009059 0385335830 0385335482 0440221471
114799,0385504209 0060929871 0142001740 0451524934 044651862X 0553375407 0684874350 0312195516 0451167716 0316779423
114813,0385504209 0671027360 0060938455 0060930535 0066214122 0452282152 0060928336 0446672211 059035342X 0061015725
114865,0345387651 0316776963 034540288X 0142001740 0380002930 0385484518 0385335482 0743224574 0316284955 0385493800
114868,0440211727 0671027360 0440225701 039592720X 0385335881 0142001805 0140293248 0064407667 0440214041 0679781587
114893,0553271636 0552996009 0449221512 0552137030 0449221482 0099771519 0345413873 0590660543 0449221504 0552124753
114983,0156027321 0312305060 0440180295 0316666343 0066214122 038542017X 0345417623 0345436911 0449212602 0440206154
114988,0671027360 0380813815 0385504209 006099486X 0380731851 0446604666 0380789019 0345413377 0375705856 0345348036
115002,0505525526 0061032093 0380814803 059035342X 0380789884 0380820854 0060001453 0312980159 0312979983 0505524090
115003,0142001740 0060959037 067976402X 0671510053 0385720106 0345350499 0446672211 0060928336 0312291639 0679745203
115006,0312421273 067976402X 0380788624 0679731725 0525947647 0671510053 0553277472 0385492081 0316777730 0440241537
115045,0440206154 0345370775 0316769487 0345353145 0552124753 0440224675 0552131059 0552137030 0345378490 0552128481
115062,0312278586 0446672211 0316666343 0375706771 0671003755 0671510053 0446605239 0316601950 0060928336 0375707972
115097,0440226430 0316666343 0441790348 0440211727 0060987561 0060958022 0385504209 0671727796 0060976845 0316777722
115120,0446605239 0446607657 0312278586 0380012863 0553560247 0345446860 0440204887 0385479565 0425147622 0446359866
115150,0452282152 0385504209 0142001740 0385722206 0312305060 0060930535 0375726403 0385486804 0142001430 0312195516
115161,0385335482 0449221512 0425182908 0375706771 0449223612 0060502258 0345387651 0425180638 0440225701 0449212602
115162,0671027360 0446532231 0060938455 0316777730 0679429220 0440211727 0670892963 0385504209 0385484518 0316666343
115180,0345337662 0345351525 0345313860 0345384466 034540288X 0345409671 0345397819 0345404319 0345378490 0425109720
115214,0156027321 0375727345 0385504209 0425177173 0140143505 0671027360 0142001430 067976402X 0385722206 0345417623
115224,0316666343 0316601950 0060928336 0312195516 0446672211 0671003755 0671021001 0385504209 0142001740 0060930535
115231,0345353145 0060929871 0345342968 0316769487 0451524934 0767905385 0316666343 0345391802 0345370775 0312966091
115286,0316666343 044023722X 0425182908 0385505833 0060934417 0316096199 0316776963 0449227421 0312291639 0440225701
115392,0380789019 0552137030 0345313151 0345338588 0345322231 0380752859 0330332775 0552998486 0345318854 0140298479
115410,0312195516 0316096199 0312278586 0446672211 0060928336 0316284955 0385504209 0385484518 0312199430 0440226430
115435,0316769487 0316666343 0451524934 0375707972 0375725784 0385479565 0380789035 0380789019 0425152251 0345370775
115473,0316769487 0140298479 0679781587 0312291639 0385335482 0140293248 0060976845 0446608955 0446670251 0312278586
115488,0446310786 0385504209 0316769487 0452282152 0156027321 0312278586 0345342968 0451524934 0345391802 0140119906
115490,034538475X 0345337662 0345313860 0345384466 0345351525 0060928336 0345404319 059035342X 0312195516 0140119906
115503,0425147622 0425154092 0425169863 0425163407 0380718332 0380717018 0425180638 0440224764 0380710218 0425158616
115537,0446672211 0440221471 0440222656 0316284955 0440235596 0312291639 0440234743 0345337662 044021145X 0440226430
115538,0330332775 0345384466 0099771519 0345361792 0142001805 0060930535 0684872153 0552996009 034540288X 0552998001
115552,0440221471 0345353145 0156027321 0345402871 0440213525 044021145X 044022165X 0140293248 0440236673 0345378482
115572,0345339703 0439139597 0449212602 0439136369 0345339681 0064471047 0345370775 0446310786 0440414806 0064471101
115589,3442541751 3492045170 3150000017 3423202327 3423201509 3426029553 3423202947 325722575X 3257229534 3442092981
115614,0439136369 059035342X 0439064872 0066214122 043935806X 0449006522 0671027387 0345417623 0553582747 0446608955
115678,0380789035 0441003257 0385492081 0060987529 0061092177 0380002930 0345342968 0441790348 0380816547 0441304834
115679,044023722X 0446610038 0425180638 0446610399 0061015725 0385503822 0385511612 0446612790 0312278586 0345370775
115682,0515102636 0380814803 0312983824 0671737791 0380820854 0515131229 0515133973 051512219X 0380820846 0373218036
115692,0385504209 0385511612 0385508042 0316969680 0316693006 0385497466 0316602906 0316693235 0385490992 0385424728
115700,0316666343 0060928336 0446672211 0316601950 0345361792 0671021001 0316284955 0671003755 0440226430 014028009X
115724,0316601950 014028009X 0141000198 0140293248 0446670251 0385335482 0060928336 0385336179 0312291639 0060930535
115751,0060931418 0345350499 0385504209 0142001740 0316284955 0312291639 0156027321 0446672211 043935806X 0375727345
115752,0380012863 0446605239 0440234743 0345348036 0446604666 0345443284 044022165X 0446607657 0553296981 0380002930
115754,0449912558 0151008116 0446532231 0385504209 0312282990 0060392452 0060934417 068483376X 0316776963 0156027321
115759,0446672211 0316569321 0515135062 0671510053 0316601950 0312195516 0446527033 0671027360 0553250531 0345439104
115778,0316601950 0399501487 0440220602 0451180410 0446608262 038572179X 0515131229 0446670251 0425178765 0440217490
115792,0671004107 0345313860 0441003257 0553262505 0441172717 0451169530 0441569595 0380789035 0345351525 0451524934
115833,0380789019 0062502182 0553572997 0156027321 0553375407 0060934719 0380977788 0316776963 0385486804 0380813815
115841,0440226430 0440235596 0440211727 0440204887 0440211263 0446523569 0670892963 0440224837 0375506039 0515136530
115847,0060928336 0316776963 059035342X 0060976845 0316666343 0385504209 0060987529 0060392452 0804106304 0060930535
115874,0552124753 0552128481 0552131059 0552134627 0552145424 0552140295 0552134643 0552134635 0552134651 0552134619
115875,0671041789 0060502258 0451166892 0451524934 0345402871 0345370775 0316666343 0449907481 0451172817 0316601950
115907,0312195516 0060928336 0452282152 0449212602 0060930535 0060976845 0316601950 0060938455 0312305060 0316569321
115929,0316769487 0440226430 031298328X 0671042858 0373218192 0446310786 0316776963 0375506039 0452282152 0060987561
115953,0060930535 0671021001 0316601950 0671510053 0060976845 067976402X 0385420161 0142001740 0671003755 0385497466
115956,0345413903 0446612790 034541389X 0446611212 0440236053 0446611638 0553578693 0446610038 0446611611 0671011367
115963,0446667900 0446605409 0425182908 0446602620 0446612790 0441172717 044023722X 0446611212 034541389X 0446604844
115971,0553260960 0553234811 0439064864 0345370775 0440222656 0590353403 0345417623 0345337662 0517580497 0439136350
115973,0316666343 0345342968 0375727345 0743418174 0345387651 0142001740 0060502258 0385484518 067976402X 0375504613
115997,0316666343 0441304834 0345350499 0345337662 0441000916 0441001971 0671003755 0345313860 0441002935 0441003745
115998,0553582747 0316666343 0066214122 0553580221 0345444884 0553579754 0345417623 067102423X 0425153975 0345386108
116005,0312291639 0446310786 0380789035 0440224764 044021145X 0142001740 0671004107 0399501487 0671027360 0385336179
116006,3442541751 3492045170 3423202327 3423201509 3150000017 3257227809 3257229534 3423202947 325722575X 3426029553
116031,0440236673 0440211727 014028009X 0060928336 0446670251 0375700757 0345313860 0440220602 0440213525 0440224764
116032,0385424736 0385490992 0385424728 0385472951 0385497466 0440214041 0440225701 0385508042 0440211727 0440236673
116041,0451176464 0553572997 038533334X 042516098X 0440206154 0446607657 0425154092 0345313860 0553273914 0446601241
116063,0439064872 043935806X 0439136369 0439139600 0439136350 0439064864 0590353403 0786881852 0345339681 0446608955
116070,0385720106 0380002930 0345427637 044021145X 0385504209 0380730138 0425152251 0345380371 0345404114 0553268880
116090,044023722X 0440221471 0440224764 0440236673 067976402X 0446672211 0060928336 0440234743 0440241537 0440214041
116122,0142001740 0345313860 0060938455 0345337662 0345351525 0375727345 0671004107 0812550706 0316776963 0446612545
116123,0312195516 0452282152 0671021001 0060930535 0316284955 0449212602 0142001740 0060915544 0452282829 0060391626
116167,0060928336 0316284955 0679746048 0671021001 0060976845 0440226430 0385498802 014028009X 044023722X 0679781587
116183,0671510053 0385720106 0553572997 0345427637 0671021001 0060915544 0684874350 0553375407 0385486804 006101351X
116186,044023722X 0679781587 014028009X 0375725784 0316284955 0374199698 0060392452 0060928336 0375703055 0449219364
116199,0515128546 0373484410 0515128554 0373484003 051513287X 0440226430 0373483503 0515126772 051512608X 0515122734
116210,059035342X 0439064872 0439139600 043935806X 0439139597 0439064864 0439136350 0786881852 0440235596 0064407667
116220,044023722X 0380718340 0446610038 0446607657 0425154092 0380718332 0425182908 0440225701 0425163407 0425147622
116249,0446605239 0345353145 0345378490 034540288X 0345378482 0399501487 0440206154 0385474016 0440219078 0671004107
116301,0345351525 0451524934 0553572997 0385504209 0345337662 034538475X 0553272535 0441569595 0345335511 0553213105
116313,0385504209 0312995423 0440241537 0061015725 0440241073 044023722X 0671027387 0345413903 0446611638 0515135062
116318,0452282152 0679745203 0380789035 0060915544 0425152251 067976402X 0345361792 0385722206 0060976845 0345342968
116391,0316601950 0316666343 0375706771 0375726403 0345443284 0385484518 0375700757 0452282152 0312195516 0316781266
116395,0316666343 0140298479 0140293248 0452282152 0312195516 0385335482 0804106304 0312305060 0345387651 0060976845
116408,044023722X 0060928336 0679781587 0385504209 0316284955 0452282152 014028009X 0060959037 0060930535 0446605239
116428,0312195516 0316666343 0060987103 0449005615 0385504209 0060959037 0312305060 044023722X 0060987529 0060921145
116433,0836204387 067976402X 0836218256 0836217691 0836218221 0316107018 0836218787 0316107387 0836220889 0836218620
116448,0451176464 0451156609 0451167317 0451188462 0451180232 0451184963 0425107469 0451153553 0380731851 067102423X
116521,0440206154 0312924585 0060987103 0345342968 0345384466 0345313860 0060930535 0380002930 0345370775 0345350499
116537,0440214041 0440213525 0440211727 0440220602 0385424736 0440221471 0446601241 0553572997 0385490992 0684874350
116549,0385504209 0312305060 0312195516 0156027321 0316666343 0316776963 0375726403 0385722206 0452282152 0060930535
116555,0446605239 0446611867 0446606812 0671014196 0446679593 0440226430 0446613436 0446610399 0446610038 0515133973
116582,0156027321 0316776963 0312195516 039592720X 0452282152 0142001740 0385722206 0553380095 0446516538 0060915544
116599,0316666343 0312278586 0060502258 0440207622 0373825013 0375756981 0446610542 051513287X 0451172817 0670241334
116669,0552137030 0552124753 0099771519 0330332775 0590660543 0330367358 0552131067 0060938455 0590112899 000649840X
116674,0446310786 0451524934 0451526341 0316769487 0345342968 0684801523 0440180295 0060929871 0425152251 0451163966
116676,0142001430 0451169530 0399501487 0142001740 0345465083 0385486804 0061009059 0156027321 0060930535 0449002632
116699,0312291639 0316769487 0375726403 0440226430 0151008116 0385265700 0385479565 8408043641 0380012863 0553576801
116705,0439064872 0439136369 0439139600 043935806X 0385504209 0439139597 0345339703 0345370775 0439064864 0439136350
116744,0060502258 0345378490 0060915544 0446606812 0316769487 0345446860 0060987103 0345417623 014100018X 0142000205
116758,0446672211 0375727345 0385265700 0142000205 014028009X 038079487X 0671021001 0385720106 0385505833 044023722X
116763,0425147584 0312983271 0425143325 044021145X 0440224675 0425109720 0425116840 042510107X 0425180964 0425163407
116769,0446310786 0316776963 0380002930 044021145X 059035342X 0312195516 0060915544 0060959037 0345370775 0446364193
116786,0425179885 0446607657 0312983271 0385486804 0061009059 0440998050 0440414806 0425182878 0449003787 043936213X
116816,0385490992 0385508042 0385472951 0385497466 0316693286 0316969680 0385505833 0440211727 0385511612 0316693200
116856,0440206154 0312924585 0451188462 0060929871 0060392452 067102423X 0451142934 0375504397 0345384350 0670868361
116866,0679429220 0425152251 006101351X 067976402X 0684874350 0060928336 0156528207 0385492081 0380789035 0380789019
116873,0385504209 0671027360 0671003755 0679429220 0060391626 0375707972 0440236673 0380789019 0375706771 0312995423
116897,0142001740 0452282152 0385722206 0385504209 044023722X 0156027321 0440211727 0312195516 039592720X 0440234743
116904,0446672211 0312195516 0446310786 0440226430 0060928336 0375700757 0312278586 0385484518 0316769487 0375706771
116931,034540288X 0446532231 0142001430 0440222656 0316168688 002542730X 0609804138 0060938455 0671021001 0671880187
116948,0061009059 0451191145 0553562614 0060392452 0312966091 0553262505 0345370775 0441172717 0316769487 0671004107
116950,0451524934 0345342968 0316769487 0440180295 0060929871 0451163966 0399501487 0679723161 0385335482 0385335881
116990,0142001740 0425175405 0425147622 0446605239 044900371X 059035342X 0345370775 0440212561 0425154092 0679746048
116999,0439064872 0380789035 0062502182 051513287X 0439136369 0451524934 0380789019 0440226430 0375706771 0515131229
117041,0060977493 0671510053 0312278586 067976402X 0060915544 059035342X 0440206154 0156007754 0385474016 0312243022
117092,0440221471 0440236673 044021145X 0440234743 0440211727 0440213525 044022165X 044023722X 0440214041 0440224764
117111,0440234743 0375727345 044021145X 0440214041 0440221471 0385504209 0060392452 0452282829 0140293248 0440213525
117115,0060921145 0060987103 068484477X 0060976845 0671003755 0060987529 0452282152 0060959037 002542730X 044021145X
117123,0316666343 0452282152 0345337662 0312983271 0316601950 0345417062 0446672211 0804106304 0425181685 0345435273
117132,0515131229 051513287X 0515132020 0515136530 0373218192 0515130389 0446605239 0373218400 0515136379 0515126772
117156,0671027344 0060938455 0312278586 0385335881 0316769487 0440180295 014100018X 0451524934 0385730586 014028009X
117159,044021145X 0446672211 0060977493 0385494149 0452269652 0684801523 0440214041 0671003755 067169507X 0140143505
117164,0446672211 0316284955 0385504209 0316601950 0679781587 0671003755 0060928336 0452282152 0449212602 0142001740
117196,0679745203 0062502182 0553375407 0380002930 0449212602 0060915544 0060987103 044651862X 0375504613 0316666343
117210,0380789019 0380789035 0380977788 0060976845 0345350499 0441000916 0345313860 0441002935 0552137030 044100069X
117241,0684872153 0316666343 080410753X 0060928336 0345387651 0452282152 059035342X 067976402X 0446606812 068483376X
117251,014028009X 0385730586 0060987529 0385335830 0385335482 0446670251 014100018X 0440224764 0373250126 0061009059
117255,0142001740 0312195516 0385722206 0375700757 0060915544 0375504613 0061009059 0312305060 0060916508 039592720X
117256,0425154092 0425163407 0446364193 0380718340 0440226430 0425158616 0380710218 0345387651 0380718332 042516098X
117318,0446672211 0060928336 0679781587 0060930535 0345443284 0375700757 0316284955 0440241073 0316666343 0375707972
117345,0060976845 0385504209 0316666343 0385335482 0140293248 0446670251 0316601950 0316096199 014028009X 0446672211
117384,0446611867 0345443284 0671708635 0553277472 0842329269 044651862X 0842329285 0140067477 0446605239 0842329277
117390,0316969680 0316666343 0316693235 0312278586 0446531332 0316603287 0385508042 0316602906 0316969443 0385510438
117396,0440206154 0345370775 0312924585 059035342X 0345353145 0385492081 0439136369 0446532231 0385479565 0316769487
117418,044023722X 0440236673 0440234743 0312195516 0446672211 0440211727 0316666343 067976402X 0142001740 0385504209
117489,0385511612 038550120X 0385490992 0446607657 0385508042 0316666343 0316693235 0316969680 0316693200 0446612545
117539,0385492081 0380789035 0446672211 0316769487 0060392452 0679429220 0345413350 0062502182 0440241073 0142000205
117543,0316666343 0385265700 0142000205 0316284955 0316899984 0440224675 0440226430 0375706771 0375727345 0345361792
117548,0446605239 0446606812 0375703063 0553279378 0345378490 0316569321 044023722X 0440241073 0345417623 0316096199
117553,0452282152 0440222656 0446612790 067976402X 0446608955 0060987561 0446531332 0446607657 0385498802 0671004530
117557,034540288X 0312924585 0345353145 0345378490 0440206154 0345417623 0345380371 0345391055 0345339703 0440224675
117577,0671021001 0316666343 0446672211 0060928336 0140293248 0316601950 0316284955 0312291639 0375706771 0446605239
117581,0060502258 0671021001 0316601950 0446670251 0380730138 0316666343 0064400018 0142004235 0679746048 0312278586
117593,0425175405 0425154092 0345313860 0425147622 0380718340 0345384466 0380710218 0425163407 0345353145 0345351525
117594,0440226430 044021145X 0440211727 0440221471 0804106304 0440220602 0446605239 0440214041 0316666343 0446532231
117676,0552124753 0552131067 0380012863 0452264464 0679720200 0552131059 044021145X 0552128481 0140440046 0441790348
117683,0330332775 0099771519 0446532231 0440206154 0552996009 068484267X 0099747200 0552998486 000649840X 0552998001
117700,0446532231 0060392452 0060987529 0385504209 0671027360 0679429220 0440241537 031242227X 043935806X 0316779423
117722,0064471047 0064471101 0375727345 0553574108 0380756293 0671744216 0671739743 0553289411 0671737791 0345370775
117724,0385504209 0060938455 0316777730 0142004235 0671027360 0312278586 0061015725 0385335482 0345348036 0441790348
117738,0425182878 0446610038 0446611212 0446607657 0446605409 0446607711 0446667900 0446604844 0312983271 0425182908
117852,0385504209 0345417623 0440213525 0385486804 0440220602 0345380371 0671027360 0440221471 0440214041 0345402871
117861,0312195516 0312278586 0316284955 0385504209 0446672211 0316601950 0446310786 0679781587 0316096199 0671021001
117873,0385722206 0156027321 0312305060 0385504209 0142004235 031242227X 0142001740 0375726403 0385721420 0312422156
117877,0446516538 0316569321 0440221595 037570504X 0399145087 0425175405 0425147622 0425163407 0380710218 0399142851
117912,0060915544 0671003755 067088300X 0452282829 044023722X 0375702709 0345348036 0312291639 0385265700 0156027321
117924,0316776963 0060977493 0375725849 0385722206 014029628X 0156007754 0449005615 0385494246 0312282990 038572179X
117925,0679429220 0316666343 0316569321 0446672211 0142000205 0385493800 0590353403 0060199652 0671021001 0679781587
117941,2253063339 2253150711 2253044903 2266023039 2070360024 2290311782 2253057843 2205054252 2253005274 2253152846
117963,0345417623 0385503822 0345402871 044023722X 0060987103 0440241073 0440236703 0425143325 0066214122 0446612790
118010,8408043641 8433969978 8432206407 8445071416 0312924585 8477204055 8478884955 8420616893 8420441708 8466307125
118101,0316969680 0385508042 0385511612 0316693006 0385504209 0312278586 0446531332 0316693235 0385505833 0316693200
118135,0553572997 0345391802 0452264464 044651652X 0345391810 0345342968 0385504209 0330262130 0330267388 0553213105
118228,0440241073 044023722X 0671027360 0671027387 0446672211 0060938455 0440236673 0679781587 0440211727 0671510053
118229,8408043641 8432206407 8445071416 8433969978 8478884955 8477204055 8420616893 8466307125 8420441708 8478884459
118275,0671027581 051513287X 051513628X 0515126772 0515127833 0515128554 0515124214 0515136530 0515136379 0515131229
118314,0312278586 0385335881 0385730586 0385336179 0385335482 0060096195 014131088X 0060928336 0609807900 0380814021
118320,0446310786 0451156609 0375706771 0671003755 0385504209 067102423X 0316769487 0451176464 0451526341 0440206154
118333,0440241073 0553296981 0440236673 0440234743 0671027360 0671003755 0553274295 0060502258 0440225701 0385504209
118340,0385722206 0060938455 039592720X 0060977493 0312305060 0156007754 0312282990 0349101779 006016848X 0552996181
118344,0446612545 0449003787 0440236703 0425182878 0449223612 0399149155 0440241073 0553279912 0449221504 0375727345
118414,0679781587 0440241073 0440214041 044022165X 0440211727 0440220602 0375707972 0440236673 0440226104 0440224764
118418,0446672211 0440236673 0440224764 0060976845 0312195516 044023722X 0671021001 0440234743 0060930535 0316601950
118422,0330332775 0099771519 0590660543 0156027321 0552996009 0312278586 0590112899 0552137030 0091867770 0552124753
118434,0385335482 0312291639 0385336179 0345439104 000649840X 0060502258 0671021001 0440221471 0451184963 0330332775
118484,0440234743 0345417623 0345353145 0345378490 0345391055 044023722X 044022165X 0345378482 0425175405 0440213525
118489,0312195516 0452282152 0142001740 0140298479 0385504209 0060928336 0156027321 0743418174 0141000198 0385335482
118524,0399144463 059048351X 0590483552 0590466194 0590568744 059035342X 0590494457 0590494465 0590483501 0590483455
118528,014028009X 0375703055 0141000198 0375726403 0743418174 0553279912 0316777722 0449911519 0385722206 0142001740
118533,0439136350 043935806X 0446310786 0380002930 0385504209 0385424728 0064400557 0312995423 0440236673 0670880728
118538,8408043641 8433969978 8432206407 0151008116 0375726403 8445071416 0440224675 0553274503 8423309142 8420616893
118543,0439064872 0440211727 0440214041 0439139600 0439136369 0312195516 0345370775 0440222656 044023722X 0671021001
118586,0330332775 0552124753 0552996009 0552137030 0552131067 0552131059 0330367358 000649840X 0590660543 0552998486
118587,0446364193 0440236673 0440234743 0345417623 0440241073 0446611778 0446604844 0440224764 0440211727 0385486804
118603,068484267X 0345361792 0140179836 0385496095 0553279378 0385492081 0312278586 0684848783 0140244824 038079487X
118628,0380789035 0393319296 0425154092 0060929871 0380789019 0441569595 067102423X 0440539811 0446612545 0425180638
118632,0440221471 0671027360 0385504209 044022165X 0440241073 0440225701 0440220602 044023722X 0440236673 044021145X
118654,0375702709 0679781587 0345443284 0316769487 0679429220 0060930535 0316666343 0312195516 0375706771 0375707972
118659,0385504209 0156027321 044023722X 0312195516 044022165X 0375726403 0679781587 0312282990 0440236673 0316096199
118669,0316569321 0670868361 0375700757 0671250671 0670835382 0375504397 0060175966 0684867621 0670839531 0452279178
118677,0385505833 0375727345 038550120X 0316601950 044023722X 067976402X 0446672211 0451202341 0446607657 0060959037
118683,0312966970 0312971346 0385504209 0385503822 0312966091 0312265859 0316969443 0312976275 0061009059 0385511612
118742,0380002930 0345342968 044021145X 0060926317 0446310786 0060915544 0140293248 0060921145 0060502258 034540288X
118800,0385504209 0061015725 0060392452 0312263120 0066214122 0440241537 0345417623 044023722X 043935806X 0060938455
118848,059035342X 0439064872 0439136369 043935806X 0439139597 0439136350 0439064864 0590353403 0385504209 0345339703
118856,0679781587 044023722X 0679745203 0439136350 0439064864 0609610597 0439139597 0140293248 0345301110 0590353403
118871,0312291639 0060928336 0312195516 0375702709 0671003755 0345443284 0060930535 044023722X 0375706771 0671021001
118881,0380789035 0671027360 067976402X 0671027387 0380789019 0440206154 0446532231 0060938455 0316769487 0151008116
118910,0553580221 0553582747 0425107469 0345386108 0345384369 0345353145 0553580191 0449002411 0425115801 0345384350
118923,0062502182 0380789019 0380789035 0312278586 0345342968 0375706771 0451524934 0440180295 0345361792 0439064872
118955,0345337662 0425143325 0425109720 0425116840 0345380371 0425083837 034538475X 0345313860 0440206154 034540288X
118985,0385486804 0385484518 0767902521 0385479565 0684874350 0452283442 0425152251 0380789035 0316569321 0743224574
119027,0142001740 0679781587 0385504209 044023722X 0312291639 0380731851 0156027321 0375726403 0060921145 0060934417
119066,0142001740 0452282152 0156027321 0385722206 044023722X 0312195516 0375726403 0679781587 0449005615 0060934417
119107,0060987103 0060915544 038533334X 0345361792 0060921145 0671617028 0385722206 0060977493 0060959037 0684874350
119115,8408043641 8432206407 8445071416 0312924585 8433969978 8420616893 0375726403 8478884955 8477204055 0151008116
119146,038542017X 0553274848 067169507X 0375707972 0440241073 014025448X 0671708635 0140293248 0375703055 0440215625
119168,043935806X 0440998050 0345339681 0553213105 0064400557 0440401585 0380731851 0385505833 006099486X 0440487617
119179,0345417623 0060987529 0441003257 0156027321 0060502258 0440212561 0380789019 0452282152 0142001805 0345370775
119196,0446516538 0671003755 0425182908 0385199570 0452264464 0684874350 0385424728 0312278586 0670844527 006101351X
119199,0142001430 0060188731 0684874350 0316666343 0312305060 0449005615 0316154059 0439404371 0312265867 0399150897
119227,0345339681 0345342968 0553279378 0345417623 0345348036 0679745203 0380002930 0671021001 0312924585 0440180295
119248,0399144463 059035342X 059048351X 0590568744 0590466194 0590483455 0590483552 0590568752 0590483447 044048474X
119326,0446364193 044022165X 0446607657 0446611212 0440221471 0440234743 0375700757 0440214041 0375727345 0440226430
119364,0446310786 0345339703 0345342968 0385484518 0345339738 0553296981 0345370775 0440998050 034540288X 043936213X
119369,0385504209 0679781587 059035342X 0671027360 0312195516 0553274503 0684874350 0385484518 0786881852 0451526341
119386,0375725784 0345424719 0385484518 0345361792 0345387651 0385486804 0380789035 0060175966 0440206154 0380789019
119413,0385490992 0385424736 0385503822 0385505833 0385497466 0375727345 0385472951 0440225701 0609804138 0385472943
119418,0446605239 044023722X 0312278586 0345378490 0345353145 0446610399 0345417623 0446364193 0345380371 0440213525
119446,0515132020 0385504209 0515128554 0515126772 0515130389 0515121843 051512608X 0515128546 0671027360 0373218192
119485,3442541751 3150000017 3492045170 3423202327 3423201509 3426029553 3257229534 325722575X 3423202947 3257227809
119488,0440211727 0385490992 0385508042 0385472951 0440214041 0385493800 0440236673 0385472943 0385497466 044021145X
119505,0345342968 0142001740 0312291639 0552124753 0380789035 0552131067 0441003257 0061092177 0446610038 0385722206
119517,0515131229 0515132020 051513287X 0515126772 0515128554 0515128546 0515135062 0373218397 0515121843 0515136379
119541,0385503822 0312278586 0316096199 0684874350 0446679593 0142001430 0385505833 0316693200 0446531332 0375726403
119567,0060928336 0316284955 0060976845 0679746048 0679781587 044023722X 0671021001 014028009X 0425167313 0440226430
119575,0345351525 0345384466 0671004573 0345404319 0316693006 0446612545 0553292722 0446610038 0316693294 0345313860
119579,0385504209 0380789019 0060392452 0671027387 0446604666 067976402X 0066214122 0452282152 0316777730 0441003257
119582,0440226430 0060392452 014028009X 0060938455 0312195516 0446672211 0316777730 0385730586 067976402X 0316666343
119590,0375707972 0375727345 0316601950 0440226430 0671510053 0425167313 067976402X 0671021001 0316899984 0446672211
119594,0385730586 0385335881 0446310786 0060987103 0312278586 0060915544 0684801523 0345342968 0316769487 0446608955
119603,0375702709 0060928336 0440211727 0553574574 0449213943 044023722X 0553273914 0671036505 0440122090 0380018179
119631,0380731851 0440236673 0316601950 044023722X 0440241073 0345417623 0425178765 0440211727 0345402871 0446608890
119650,0440206154 0553578022 044023722X 0446612790 0380730847 0553583468 0345447867 0380731851 0553571818 0449006522
119654,0345337662 0441003257 0441790348 0553262505 0380789035 0345378482 034538475X 0451191145 0441569595 0812511816
119671,0312305060 0385722206 031242227X 0060938455 0609804138 0312422156 0449005615 0345438329 0060958022 0156027321
119725,0552131067 0552131059 0552137030 0552134651 0316666343 0552134619 0552145424 0061057649 0061059072 0330267388
119748,0316666343 0099245027 0156027321 0330367358 0316096199 0552996009 0099771519 0099521016 0330485385 0743225082
119749,0142001430 039480029X 039480001X 044651862X 0394800028 0394800184 0394829085 0425174271 0140374248 0385335482
119806,0385508042 051513287X 0515128554 0515131229 0316969680 0385424736 0440225701 0385493800 0515128546 0316666009
119833,3442541751 3150000017 3492045170 3423202327 325722575X 3423201509 0553250531 3423202947 0425147584 3426029553
119838,0439136369 0425180964 0425177173 0425143325 059035342X 042510107X 0312995423 0425147584 0425185710 0439064872
119858,0439136350 0553279378 0060987561 0439064872 059035342X 0590353403 0140067477 002542730X 0060248025 0446606812
119859,0380789019 2253063339 0060934719 0441003257 0380977788 0345413350 0552137030 0380813815 0670030643 0345413377
119884,0060502258 0446310786 0345339681 0060929871 0345391802 0439064872 0316769487 0440180295 0679745203 0380002930
119914,0452282152 0375700757 0312976275 0375705856 0440211727 0446310786 0312966091 0312971346 0312966970 0671001795
119963,0060928336 0345361792 0440226430 0451156609 0449221482 0451172817 0451167317 0440224764 014028009X 0440226104
120030,0515131229 051513287X 0515132020 0515135062 0515130389 0373218397 0515121843 051512317X 051512608X 0373218192
120080,0099771519 0140620109 0140620222 0330332775 0140620427 0140620184 0099747200 0156027321 0552998001 0142001430
120082,0440213525 044023722X 0385492081 044021145X 0671510053 0446607657 0425180638 0425147622 0066214122 0425169863
120090,059035342X 0439136369 0439139600 0345342968 043935806X 0439136350 0439139597 0439064864 0345339681 0440222656
120093,0440206154 0553268880 0380018179 0440213525 0446604666 0553572997 0440224675 0312924585 0451167805 0451176464
120137,0449212602 0312195516 0316666343 014023313X 0060977493 0156007754 0060929790 039592720X 0312282990 006000438X
120155,0439064872 0439139600 0345339703 0345353145 0345380371 0345342968 0439136350 0345339738 043935806X 0439064864
120178,0385504209 0312966091 0671027360 0061009059 0060934417 0312966970 0312282990 0060987103 0312971346 044023722X
120181,0060930535 0060934417 0375725784 0142001805 0385504209 0679781587 0452282152 0060987103 0060959037 0060977493
120281,8408043641 8445071416 8432206407 8433969978 8478884955 0312924585 8420616893 8478886451 0440224675 0156013924
120283,0316769487 0451526341 0446310786 0440180295 0060929871 0385504209 0671003755 0316601950 0375706771 0684801523
120332,0440241537 0440236673 0440224764 0440225701 0440221471 0380731851 0440234743 0446607657 0061015725 0440220602
120333,0140298479 043935806X 0385335482 0385504209 0671027360 0743418174 0140293248 0312278586 0312983271 0385335881
120396,0446606324 0446364193 0446604844 0446601241 0425182878 0345380371 0446364800 0425180638 0446610038 0425163407
120509,0312291639 0316769487 0440226430 0375726403 0151008116 0385479565 0385265700 0553375407 0380012863 0440221595
120515,2253063339 2253150711 2253044903 0747532745 2070360024 0140620338 2253057843 2266023039 2290311782 2253005274
120539,0452282152 0345417623 0312195516 0060936231 0553572997 055321313X 0425184234 014029628X 0553213148 0028604199
120548,0345348036 038550120X 0679745203 0385490992 0385503822 0156007754 0345339703 0140042598 0679446486 0060929871
120565,0684874350 0553273914 0679731148 0385420161 0451204530 0140298479 0316601950 0380973545 0446606812 0452282152
120579,043935806X 0439139597 0439064872 0439136369 0590353403 059035342X 0345339681 043936213X 0060248025 0440206154
120588,0385486804 0312195516 0312421273 0553562614 0380789019 0156027321 0452282152 0316776963 0380789035 0375727345
120598,044021145X 0070212570 0425147622 0375706771 0446611867 0425154092 0380718340 0380718332 0425169863 0440226104
120599,0440220653 0385486804 0440998050 0671741195 0380702843 0316666343 0448095017 0312278586 0440407524 0439130204
120610,0330332775 0440222656 0786817070 0671021001 0330367358 0446605239 0375707972 0552124753 0099771519 0440206154
120640,0425152251 0441569595 0060502258 0151008116 0552137030 0425169863 0449219461 0440218535 0449221504 044021145X
120695,0156027321 0142001740 0671027360 0385484518 0312195516 0316666343 0316096199 0452282152 044023722X 0385510438
120696,0316693006 0316969680 0385510438 0316693200 0316602906 0385508042 0316603287 0385504209 0316666009 0385511612
120709,0312278586 043935806X 0590353403 0671250671 0060392452 0385730586 0439136350 0679731148 0316601950 0375706771
120735,0425154092 0380718340 0060930535 0345384369 0425158616 0425169863 0425147622 0312195516 0380717018 0425180638
120771,0142000205 0440241073 044023722X 0375707972 0449907481 0440224764 067976402X 0446672211 0446364193 0316601950
120807,0385484518 0060915544 0060959037 0671003755 0345342968 0316601950 0142001740 0312195516 0452282829 0060921145
120828,0385504209 0316776963 0316666343 0553272535 0375725784 0316777730 0312282990 0451524934 0060938455 0446532231
120829,0451156609 0451167317 0451172817 006101351X 0451169530 0451176464 0671041789 067102423X 0525941908 0670855030
120860,0439064872 0439136369 0060502258 059035342X 043935806X 044651652X 0316666343 0439136350 0060928336 0679745203
120873,0316666343 0060928336 0671021001 0446672211 0142000205 0452282152 0316284955 0452282829 0312195516 0375706771
120892,0439064872 3442541751 3150000017 0439136369 3423202327 3423201509 3423202947 325722575X 0439139600 3426029553
120908,0316666343 0743418174 051513287X 0060976845 0385730586 0385336179 0515131229 0060987103 0515121843 0142001740
120917,0060916508 0385492081 0345427637 0312282990 0449003795 0385486804 0385504209 0425192725 0440498058 0385418493
120931,0451156609 0451167317 0451176464 0451160525 044023722X 0451180232 0345417623 0553582747 0440224675 0440206154
120942,0316666343 0671027360 0345417623 0385511612 0142001740 0156027321 0786868716 0385510438 059035342X 0671027387
120985,0345417623 0446610038 0440220602 0440211727 0446607657 0440241073 0440221471 044022165X 034540288X 0446611212
120994,0380789019 0380789035 0345342968 0345313860 0060392452 0375725784 0451524934 0671004107 0440206154 0062502182
121065,0375727345 0345350499 0060502258 0316666343 0140067477 0446612545 0804106304 0316769487 0971880107 0618129022
121066,0385722206 039592720X 0553273914 0553208845 0451526341 0375725784 0060938455 0312282990 0060977493 0385474016
121081,0064407675 0440414806 043935806X 0439136369 0439139600 0439064872 059035342X 0064407683 0439139597 0385335881
121083,0440217547 0312983271 0312971346 0312966091 0312980140 0671001795 0061009059 0440200563 0440184053 0312976275
121093,0060959037 0385720106 0060987529 0452282152 0684872153 0060928336 0375707972 0060915544 0142001740 0060977493
121119,0156027321 0440414806 0385492081 0316666343 0385512104 0330367358 0375703861 0060175400 0345427637 0451166892
121120,0345353145 0156027321 0385504209 0345370775 0345378482 0316769487 0440206154 039592720X 0345378490 080410526X
121135,0446611867 0515130389 0385504209 0142001740 0515136379 0515136530 0440241537 051513287X 0452282829 0375727345
121166,0380717018 0425169863 0425163407 0425147622 0380718332 0425175405 0440224764 0425180638 0380718340 0446610038
121167,0345370775 034540288X 0385492081 0345378482 0451526341 0440224675 0399501487 0440206154 0375504397 0553375407
121170,0060938455 014028009X 0380789035 067976402X 0140298479 059035342X 0312195516 0679781587 0312243022 0439136369
121176,0385510438 0066214122 0399150897 0385504209 0525947299 0316603570 0316603287 0385508042 0316602906 0316693006
121178,0671027360 0385504209 0671027387 0345417623 0061015725 0385503822 0385508042 0312263120 044023722X 0385511612
121184,0385504209 0671027360 0440241537 0425180964 0061015725 0425116840 0425170349 042510107X 0440236673 0425143325
121205,0312305060 0060938455 0060392452 0316666343 0446532231 0316569321 0060173289 0345370775 0316666009 0385497466
121251,0060392452 0671004107 0345378490 034540288X 0345402871 0553562614 0441569595 0385504209 0345378482 0345353145
121264,0312282990 0312421273 0316776963 0375725784 0374199698 0375705856 0060938455 0385509510 0385512104 0316779423
121275,0060987103 0446606812 0316284955 0441003257 0345378490 0060934417 0060987529 0452282152 0060502258 0385474016
121282,0425147622 0380718340 0425107469 0425163407 0425168298 0446607657 0425175405 0345386108 0553580191 0425141233
121345,0446610038 0345380371 0380813815 0446364193 0440214041 0345413903 0440236673 0440213525 0446604801 0440224675
121398,0679746048 0441569595 0316769487 0380012863 0385335482 0679735771 0312278586 044651652X 0316777730 0345313860
121405,0515128554 0515128546 0515126772 0515135062 0515130389 0515133973 051512608X 0515121843 0373484410 051512317X
121424,0439064872 0439136369 0064407667 0385504209 0060248025 0399144463 0439139600 043935806X 0142001740 0439139597
121430,0062502182 0451524934 0375706771 0553272535 0440180295 0380789035 0345342968 0312278586 0671003755 0312980159
121435,0060987103 0449212602 0345380371 0345378490 0312278586 0142001805 0380778556 0553211404 0142001430 0553279912
121482,0316666343 0312278586 0671727796 0156027321 0385512104 0330332775 0316569321 006098824X 0385498802 0671510053
121493,0316776963 0312282990 0156027321 0375725784 0525947647 0380789035 0446532231 0380789019 0142002267 0312421273
121532,0060938455 0446532231 0671027360 0385504209 0316666343 0440206154 0312195516 0060928336 0671027387 067976402X
121545,0439064872 0439136369 0439139600 043935806X 0439139597 0439064864 0439136350 0446608955 0446310786 0385335482
121547,0156027321 0385722206 0385504209 0312291639 044023722X 0312195516 0375726403 031242227X 0452282152 0449005615
121561,059035342X 0439136369 043935806X 0439139600 0439136350 0439064864 0590353403 0345339681 0345339703 0786881852
121592,0452282152 044023722X 038082101X 0060976845 0451166892 0312274920 067976402X 0316601950 0140298479 0060959037
121594,0375727345 0743237188 0671510053 0316666343 0060392452 0446672211 038550120X 0380789019 0446612545 0140257934
121606,0553572997 0380789035 0380789019 0375706771 0345342968 067976402X 0312983824 0062502182 0375726403 0345443284
121620,0375727345 0375707972 0440235596 0375706771 0316601950 0671021001 0142000205 0440226430 0684872153 044021145X
121667,2253063339 0446609404 038572179X 2253150711 2253044903 0804106304 2070360024 2253057843 2205054252 0679429220
121719,0399501487 0345342968 0440414806 0553375407 0385484518 0140067477 0553272535 0553296981 0440235596 0451524934
121726,0452282152 0743418174 0330332775 0552998001 002542730X 0140265988 038542017X 000649840X 0804106304 0552998486
121817,0446672211 0060930535 0312195516 0060928336 0316601950 0060976845 044021145X 067976402X 0375707972 0385265700
121825,0385504209 0671027360 0385510438 0399150897 0385508042 0385511612 0316603570 0385503822 0316602906 0316693235
121941,0385335482 0385335881 0385504209 0312983271 0312966970 0312971346 0312966091 0312306326 031298328X 0312265859
121986,0316666343 0316096199 0385484518 0060959037 0345361792 0440226430 068484477X 0452282152 0061097101 0786868716
122011,0385504209 0345361792 0446672211 0385484518 0679781587 0070212570 0345339738 0345387651 0399149155 0399149325
122037,3442541751 3150000017 3257229534 3426029553 325722575X 3492045170 3423201509 3423202327 3423202947 3442092981
122040,0385486804 002542730X 0553572997 0451524934 0553211404 0451163966 0345348036 0399501487 0345354613 0345427637
122045,0552124753 0552137030 0552131067 0552128481 0099771519 0552131075 0552998486 0552145424 0552134627 0552134643
122086,0440224675 034540288X 0345353145 0345378490 0345380371 0345378482 0316769487 0345402871 0345391055 0345337662
122096,0345353145 034540288X 0345337662 0679745203 0345370775 0385492081 0345384466 0440214041 0345391055 034538475X
122193,0140293248 014028009X 034540288X 880781210X 0312278586 8806143042 0747532745 8806166484 0440226430 8845215989
122210,0446603589 0553280341 0609804138 014029628X 0971880107 0316666343 0553279378 0345417623 0446532231 0385730586
122321,0312291639 0142001740 0375727345 044023722X 0385505833 0679751521 0385265700 039480029X 0440998050 0446679593
122352,0142001740 0446310786 0385722206 0679746048 0452269571 0312291639 0156027321 0684801523 0060921145 0345350499
122355,0060928336 0316284955 0060976845 0679781587 044023722X 0425167313 0679746048 0060959037 0671021001 0385720106
122386,0671024248 0451184963 0425144429 0345361792 0451160525 0553580221 0451167317 0316666343 0451180232 0451142934
122418,0553279556 0553271636 0553284789 0449221490 0440211727 0449221504 0449223612 0553280368 0449219364 0553280341
122429,0060987103 038572179X 0804106304 0385486804 0060915544 0385418493 044021145X 0385720106 0671510053 067976402X
122440,0440214041 0440211727 044021145X 0440213525 0440224764 0440206154 0440221471 0440224675 0440220602 0451156609
122449,0553268880 0553572997 0671027360 0440212561 0446607657 0316603287 051513628X 0375707972 0375706771 0671708635
122506,0451156609 0345313860 044021145X 0312924585 0345351525 0345370775 0451167317 0440214041 0060930535 0451176464
122542,0446672211 0316284955 0446310786 0060928336 0316899984 0449907481 0142000205 0316666343 0446608955 0452282829
122607,044022165X 0440220602 0440225701 0440224764 0440241073 0440234743 0440236673 0440213525 0440241537 044021145X
122625,0385486804 3442541751 3150000017 3423201509 3492045170 3423202327 3257229534 3423202947 3426029553 3257227809
122643,0452282152 0156027321 0060938455 0312195516 0385722206 0449005615 0060934417 0385504209 0679781587 0060959037
122656,0060938455 0345413350 0345413369 0440401585 0060987103 0380002930 0441003257 0060987529 0345339681 0345350499
122660,3442541751 3150000017 3423201509 3423202327 3492045170 3257229534 325722575X 3423202947 3426029553 3257228007
122671,0385486804 0385504209 0142001740 0446604666 0316777730 043936213X 0684853515 0375726403 0156027321 0441172717
122675,0515130389 0312291639 0385504209 0440234743 0140293248 031242227X 0440217547 0451177096 042513525X 051512608X
122716,0345370775 0446611085 0440222656 044022425X 0380018179 0440206154 0345417623 0064471047 0060930535 0380778556
122765,0385504209 0553572997 0375706771 0385486804 014023313X 0375727345 0312195516 0060916508 0452269571 0385479565
122781,0312195516 0312291639 0142001740 0060175966 059035342X 0060928336 0553375407 0156007754 0316666343 0375702709
122782,014025448X 0140254544 0312274920 0385484518 0140257934 067976402X 038550120X 0375726403 0671510053 0399146431
122784,0440234743 0345380371 0446364193 0440214041 0440225701 0345417623 0345391055 044022165X 044023722X 0451183665
122793,0446672211 0671038184 0316601950 0345435168 0385502532 0312305060 0671003755 0451203771 038079487X 0515130389
122801,0312195516 0156027321 0312305060 0060930535 0385504209 0142001740 0385722206 0385484518 0060987103 0452282152
122802,0316666343 0312195516 0070212570 0446672211 0679781587 0671003755 0060928336 0375726403 0316776963 0375502238
122824,8408043641 8433969978 8432206407 8445071416 0312305060 0156013924 044023722X 0156027321 0060392452 0345417623
122867,0679781587 0312195516 0142001740 0316666343 0312305060 0449005615 0385722206 0375700757 0060938455 0156027321
122881,0553250426 0451526341 0312305060 0440213525 0553250531 0684801523 0440219078 0440220602 0140143505 0312291639
122883,0345314255 0345339681 0345370775 0452264464 0345342968 0345378482 0439064872 059035342X 0451170385 0440206154
122901,0385504209 0060930535 0671027360 0060928336 0440234743 014025448X 0156027321 0061009059 0452283205 0345351525
122928,0375706771 0446672211 0385335881 0679746048 0316601950 0671021001 042516098X 0385335482 0060976845 0425167313
122958,043935806X 0439136350 0446310786 0590353403 0439064864 0439139600 0316769487 0312278586 0446672211 014028009X
123056,068484267X 0425175405 080410526X 0679781587 0385474016 0684848783 0385504209 0440224764 0449219461 0671027360
123066,0515135739 0671027581 0671027387 0440212561 0515124214 0553584510 0380811081 051513287X 0553583441 0380820854
123094,0316601950 0345370775 0679405283 067976402X 044021145X 0345384466 0375401601 0060173289 0440211727 031242227X
123095,0312195516 0375502238 014025448X 0316666343 0385484518 0446520802 0316569321 0786868716 0140254544 0345439104
123115,0446612545 0446611212 0446607657 0515132020 0515135062 051513287X 0446605484 0446608815 0553584510 0446604801
123137,0440224764 0440241073 0440236673 044022165X 044023722X 0440225701 0446364193 044021145X 0440211727 0440221471
123143,0156027321 0316666343 0312195516 0552131067 0552124753 0380789035 0385486804 0552128481 0671027360 080410526X
123149,8408043641 8433969978 8445071416 8432206407 0060929871 0312924585 8420616893 8477204055 0140298479 0345417623
123154,0345342968 0440220602 0440221471 0446672211 0679781587 044021145X 0440224764 0446310786 0440241073 0439136350
123160,0440211727 0440213525 0440220602 0440224764 0440225701 0440234743 044023722X 0440214041 044022165X 0440241073
123173,0380750872 0380753006 0380756250 0380762595 0380725703 055329315X 0380756293 0380753022 0553565060 0671737791
123203,0375727345 0375706771 0142001740 0060928336 0142000205 0440226430 0375707972 0671021001 0070212570 0316666343
123215,0553572997 0553375407 0156027321 0345350499 0060175400 0671003755 0452282152 0385504209 0553273914 0316776963
123228,0316603287 0316693006 0316693200 0399150897 0316666009 0316602906 0316603570 0385503822 0553802496 0385511612
123231,0060987529 0316769487 0345417623 0060502258 0060959037 0446670251 0060915544 0142001740 0142001805 0061097314
123238,0452282829 0515126772 0515132020 0316666343 051513287X 0515128554 0515128546 0375727345 0375706771 0515131229
123257,0590353403 0312278586 0380814021 0553274295 0439136350 0553280414 0441005489 0440403278 014131088X 0064400557
123284,0385504209 0316666343 0385510438 0385511612 0385508042 0316603570 0316096199 0452283205 0385503822 0316693006
123298,0316666343 0451526341 0156027321 0345370775 0385335881 0060502258 0312278586 0446310786 0060987103 0380002930
123350,0060502258 0156012197 0099771519 0399149325 0425152251 0380977788 0971880107 0316769487 0684874350 0440234743
123410,0385504209 0452282152 0142001740 0385486804 0385722206 0312195516 0375703861 0316776963 0671027360 0449005615
123430,0345417623 0440241073 0440236673 0312291639 044023722X 0440241537 0312995423 0060502258 0385511612 0446611212
123433,0380789035 0380789019 0441569595 0553562614 0345427653 0441790348 0553560735 0552137030 0446607657 0440539811
123460,0345353145 0345370775 0440221471 0440214041 044021145X 0440220602 0345402871 0446359866 0440224675 0345378490
123468,0312195516 0452282152 0316666343 0316601950 067976402X 0060934417 0385504209 0316776963 0060959037 0446672211
123500,043935806X 0385504209 0060391626 0439139597 0446672211 0345443284 0439136350 0312995423 0316781266 0345446860
123501,0316776963 0140293248 0684872153 0375727345 0312291639 0345391802 0425184943 0060987529 0345361792 038079487X
123503,0312980140 0061009059 0312983271 0345438329 0312971346 0449208672 0312966970 0312983867 0451202503 0553574671
123510,0385504209 0440211727 0440214041 0440234743 0385490992 0345417623 0385508042 0316666343 0385511612 044021145X
123515,0312971346 0312976275 0312980140 0312983867 0316601950 0312265859 0312265867 0316666343 0312990456 0312195516
123543,0425154092 0425175405 0380718340 0440224764 0425169863 0446601241 0380718332 0425147622 044021145X 0446609323
123544,0345380371 044021145X 0451167317 0451172817 0451176464 0345337662 034540288X 0440214041 0399501487 0451180232
123553,0345337662 0679751521 0440234743 0060938455 0393315819 0375703861 0312291639 0425175405 0749395990 0142001740
123597,0804106304 0671003755 0553279378 0679746048 0452282195 0345417623 0385265700 0060915544 068484477X 080410526X
123608,0375706771 0375707972 0440225701 0385504209 044651652X 0439139597 0385493800 043935806X 0060391626 0060930535
123617,0671027360 0156027321 0385486804 0316666343 0142001740 0385484518 0679781587 0312195516 0312995423 0345339703
123625,0385504209 0671027360 0446394521 0064471837 0743225082 0671011375 0345313860 0375725784 0385720920 0142001430
123649,0316666343 0312278586 0679781587 0671003755 0060928336 0060930535 0316601950 0449005615 014028009X 0312195516
123676,0316666343 0684865742 0451524934 0066214122 068484477X 0399501487 002542730X 0316666009 0684872153 0385504209
123687,0316693006 0385503822 0316666009 0316693200 0385508042 0316602906 0316666343 0446607657 0553801376 0446531332
123700,0345361792 0312278586 0375703055 0446670111 067976402X 0786881852 0316666343 031242227X 0316769487 0312966970
123724,0345417623 044023722X 0061015725 0142001740 0440241073 0312291639 0440221471 0060987103 0553582747 0440241537
123732,0375727345 0142001740 0385265700 0440226430 0743418174 0316096199 0385498802 0375726403 0743227441 0385722206
123744,0449219364 0449221512 0439064872 0553279912 0553271636 0312195516 0449221482 059035342X 0449219461 0679781587
123746,0439136350 0439064872 0439139600 043935806X 0439139597 0439064864 0439136369 059035342X 0590353403 0345339681
123784,0316693006 0312265859 0385508042 0385510438 0385504209 0385503822 0316603570 0439136350 0439064864 0446310786
123790,0060502258 0316769487 0316096199 0060987103 044651652X 0060928336 0679781587 0140293248 0446670251 0446532231
123801,0316096199 0385484518 0385504209 0312278586 0440226430 0316284955 0743418174 0786868716 0312195516 0446672211
123825,0440226430 044022165X 0440214041 044021145X 0440221471 0440220602 0425158616 0446604801 006101351X 0375707972
123867,067102423X 0553582747 0316666343 0553582755 0425153975 0425121259 0553802496 0451176464 0425144429 0425124347
123883,0440206154 0373218427 0553565060 0515111317 0671689746 0515133973 0515127833 0380762609 038081479X 0553296981
123947,3442541751 3150000017 3492045170 3423202327 3423201509 3257229534 325722575X 3426029553 3423202947 3257227809
123950,3442541751 3150000017 3492045170 3423202327 3423201509 3257229534 325722575X 3426029553 3423202947 3257227809
123956,3442541751 3150000017 3492045170 3423202327 3423201509 3423202947 3257229534 325722575X 3426029553 3442092981
123961,0060930535 0385504209 0345413903 0679781587 0399149325 0671027360 0684874350 0375700757 0375703861 0440241537
123981,0380718340 0425147622 0451188462 0451160525 0425154092 0425158616 042513525X 0553576801 0425144429 0425168298
123988,0316769487 0671003755 0140119906 0425152251 0684801523 0380002930 0375706771 0060929790 0345313860 0345361792
124010,3442541751 3150000017 3492045170 3423202327 3423201509 3257229534 3423202947 325722575X 3426029553 3257227809
124048,0440241073 0446604801 0440221471 0440224764 0446608815 0446605484 0446611212 0446607657 0440211727 0446606189
124066,0440241073 044023722X 0440211727 0671027360 0679781587 0440224764 0440241537 0515135739 0446612790 0553578022
124078,0679781587 0439064872 0345339681 0345339711 0345339703 0439136369 0345339738 0345342968 0439136350 0316776963
124079,0316666343 0440220602 014025448X 0671004107 055321313X 0385492081 0452282152 002542730X 0060502258 0553272535
124089,0446310786 0449219364 0345391802 0553271636 0449221504 0449221512 0553284789 0553279556 0060502258 0449221482
124096,0060928336 0312195516 0449212602 0060915544 0671001795 0440211727 0060921145 0684874350 0385474016 0440241073
124103,0552124753 0552131067 0552137030 0552128481 0552131059 0552131075 0552134627 0099771519 0330332775 0590660543
124125,0345348036 044651652X 0446310786 0380002930 0345391055 0316693200 0028604199 002542730X 0451191145 0345446860
124175,0316666343 0679781587 0446672211 0142001740 0385504209 0060928336 0060930535 0375707972 067976402X 0316776963
124197,0312291639 0316769487 0440226430 0375726403 0151008116 0385479565 0385265700 0553375407 0380012863 0440221595
124200,0345380371 0425116840 0345353145 034540288X 0345378490 0440224675 0345370775 042510107X 0345337662 0425083837
124207,0425147622 0425169863 0425154092 0425163407 0440224764 0380718340 0440213525 0425180638 0380717018 0425158616
124233,0316666343 002542730X 0380977788 0312278586 0064472272 0743418174 0316602051 0312969252 0028604199 0553213148
124259,0446610038 0553279912 0449219364 0553280368 0553580221 0345361792 0345387651 0553284789 0425115801 0449003787
124298,0316666343 0446672211 0312195516 0345443284 0375727345 0142000205 0446605239 0060928336 044023722X 0452282152
124304,0099771519 0330332775 0156027321 000649840X 0316666343 0385335482 0446670251 0552998001 0552996181 0552137030
124310,0671027360 0312995423 0671027387 0385504209 0446610399 044023722X 0440241537 0515135062 0385721420 0061015725
124322,0375725784 0156027321 0679746048 0062502182 0385486804 0553208845 0553572997 0380789019 0553296981 0451163966
124363,0060987103 0380002930 0312195516 0064407667 0345384369 0060502258 0060987529 0553572997 0060928336 0553279912
124442,0441790348 0140481389 0140440046 0380012863 0553208845 0345313860 0451163966 0679732764 0440180295 0446611867
124474,0439064872 0842329129 059035342X 0842329242 0842329250 0385484518 0842332251 0842329269 0786868716 006016848X
124487,0440241073 0440224764 0446607657 0440221471 0446601241 0425180638 0440225701 0425154092 0425175405 0446611778
124488,0345402871 0345417623 0446608890 0553279378 0440241073 0446607711 0446604844 0425182908 006101351X 0440221471
124489,0515132020 0515135062 0515128546 051513287X 0515126772 0515128554 0515131229 0515133973 051512317X 0515130389
124536,2253150711 2253044903 2070360024 2290311782 2253057843 2205054252 2070408507 2253005274 2253152846 2277260029
124553,044651652X 0451191145 0345301110 0345348036 0553284363 0345446860 006099486X 0345391055 0553578308 0156528207
124574,0312291639 0671670689 0671534726 0671534718 067164257X 0671020293 0671695126 0345337662 0671695169 0671759345
124597,0804106304 0446672211 0316601950 034536676X 0553573136 0345362861 0345384911 0446532231 0312291639 0345368932
124617,2253063339 2253150711 2253044903 2070360024 2253057843 2290311782 2205054252 2253005274 2070408507 2253152846
124645,0375707972 0671510053 0345439104 067976402X 044651862X 0452264464 0060930535 0394223802 0684848783 0060987561
124648,0312966970 0312976275 0061009059 0312980140 0671001795 0312983867 0312265867 0312990456 0312983271 0312265840
124688,0091867770 0099771519 0552998001 0552996009 0552137030 0330367358 0330332775 0552998486 0552124753 0552131067
124692,0385504209 0385335482 0312195516 0060928336 0060976845 0312291639 0452283205 0446670251 0385336179 0743418174
124717,0439139597 0439064864 0439136350 0590353403 0439136369 0439139600 0439064872 059035342X 0671027360 0446672211
124720,0671027360 0385508042 0385503822 0312265859 0385490992 0385510438 0385511612 0440241537 0385424736 0446605239
124732,0452282152 0312195516 0316284955 067976402X 0375725784 0671021001 0316776963 0060959037 0142001740 0671027360
124733,038542017X 0452283205 0316666343 038549081X 0345424719 0345465083 044021145X 014023313X 0380731851 0553277472
124747,0156027321 0312278586 0375726403 0374199698 0385498802 0385504209 0316096199 0375727345 0140119906 0679746048
124769,0425184226 0345417623 0786868716 0446607657 006101351X 0446364193 044023722X 0316096199 0446606189 0446610038
124776,3442541751 3150000017 3492045170 3423202327 3423201509 3257229534 325722575X 3423202947 3426029553 3257227809
124789,044021145X 0060928336 0446310786 0385479565 0440214041 0380018179 0312966091 0312966970 0091867770 0671617028
124852,0142001740 0440226430 0060930535 0375727345 0375706771 0375707972 0142000205 0671003755 0446394521 0670892963
124874,0316666343 0446672211 0345443284 0375707972 0060928336 0142000205 0316776963 0375702709 0375727345 0060977493
124876,0345444884 043935806X 059035342X 0440498058 0679429220 0345413350 0345423402 0345339711 067102423X 0439064872
124888,0440206154 0312924585 059035342X 034540288X 0060930535 0451188462 0375725784 0439136369 0440224675 0151008116
124915,0446672211 0316666343 0385504209 0385720106 0375706771 0060930535 0142001740 0316601950 0060976845 0316284955
124942,0440224764 0425154092 0425163407 0440225701 0440234743 0440221471 0440211727 0440220602 044022165X 0380718340
124946,0316666343 0156027321 0142001740 0385508042 0671027360 0452282152 0316666009 0385503822 0312195516 0316693006
124973,044651652X 006099486X 0345313860 0062502182 0671880314 0525946233 0156012197 0679441018 0375703764 0316666009
124983,0316666343 0385335482 0316284955 038079487X 0440226430 0671021001 014028009X 0671027360 0312291639 0375706771
124988,0316769487 0345342968 0060929871 0399501487 0385720920 0679735771 0671021001 0446310786 0451163966 0393319296
124989,0515132020 0515128546 0515121843 0373218397 051512608X 0515130389 0515135062 051512317X 0373218192 0515133973
124993,0385424728 0316693006 0385490992 0316603570 0316693235 0316666009 0385497466 0316969680 0446606383 0316602906
125027,0316769487 0312924585 0345337662 0345417623 0345313860 0345384466 0345351525 0345342968 0385335482 0312291639
125028,0312291639 0312995423 0425192725 0156027321 0553279378 0060987103 0425191184 0330367358 0345417623 038082101X
125031,0385504209 044023722X 0316666343 0743237188 0743418174 0385265700 0440235596 0671003755 0446611867 0440241537
125039,0312195516 0345413350 0345413377 0060938455 0060987529 0142001805 0064405842 0375700757 0380789035 043935806X
125060,0316666343 0060976845 0312195516 0446531332 0385484518 0446672211 0452282152 0375502238 0375726403 0061097101
125063,044021145X 0553279912 0440220602 0440211727 0440214041 0345370775 0449221482 0440221471 0345380371 0553572997
125121,0440414806 059035342X 0345370775 0590634275 0446532231 0590414291 0064407667 039480001X 0064471047 0679751521
125133,0449219364 0449221512 0449221504 0449221482 0553280341 0553284789 0553271636 0449221490 0449223604 0449003787
125156,3442541751 3423202327 325722575X 3492045170 3423201509 3257229534 3426029553 3423202947 3257227809 044023722X
125171,0446610038 044651652X 0446364193 0446601241 0440206154 0446606189 0345370775 0425154092 0446604801 0312924585
125203,2253063339 0553296981 0312305060 2253150711 2253057843 2205054252 2266023039 2253005274 2070408507 0670030643
125216,0440235596 0440226430 0312291639 0345337662 0060928336 0671003755 0142001740 0446672211 014028009X 0316666343
125217,0312278586 0316666343 0060987529 0345342968 0440998050 0316284955 055321313X 0345391802 0345417623 0425144429
125224,3442541751 3150000017 3492045170 3423201509 3423202327 3257229534 3423202947 325722575X 3426029553 3442092981
125237,8408043641 8433969978 8432206407 8445071416 0312924585 8477204055 8420616893 8478884955 0156013924 8420441708
125240,0345337662 0345339703 0439136350 0345350499 0345335651 0345351525 0345335511 0345339711 0345422589 0345352661
125274,3442541751 3150000017 3492045170 3423202327 3423201509 3423202947 3426029553 3442092981 3257229534 325722575X
125276,3442541751 3150000017 3492045170 3423202327 3423201509 3257229534 325722575X 3423202947 3426029553 3257227809
125287,0345387651 0345361792 0316284955 044651652X 0440226430 0140293248 0060930535 0380727501 0446391301 034536676X
125303,0439064872 0440213525 0452282152 0345380371 0439136369 0312195516 0671021001 0440211263 0345370775 0440214041
125334,0345339703 0345339738 0345339711 043935806X 0439064872 0345378490 0385484518 0439136369 0345370775 0439136350
125396,0345370775 059035342X 0439139597 0345353145 034540288X 043935806X 0590353403 0316769487 0440211727 0439139600
125411,0312195516 0142001740 0316776963 0060959037 0060976845 0060915544 0316666343 0452282829 0156027321 0060987103
125440,0451167317 0451176464 0451172817 0451180232 0451156609 0312291639 0451160525 0451163524 0451153553 0425107469
125474,3442541751 3492045170 3423202327 3423202947 3423201509 3257229534 325722575X 059035342X 3426029553 3442092981
125514,0385722206 0385335482 014028009X 0142001740 0375725784 0316776963 0312195516 0385504209 0140293248 0452282152
125519,044022165X 0446607657 0440221471 0451524934 0553573136 0446611212 0440236673 0316693251 0316601950 0446609323
125538,044022425X 0312195516 0060928336 0316666343 0446611085 0380018179 0679781587 0440235596 0316284955 0452282152
125540,0316666343 0316096199 0060928336 0385335482 0743418174 0312195516 014028009X 0060976845 0385336179 0451203895
125595,3442541751 3150000017 3492045170 3423202327 3423201509 325722575X 3257229534 3426029553 3423202947 3442092981
125641,0552124753 0552131075 0552131059 0552128481 0552137030 0552145424 0552131067 0552134619 0552134627 0552140295
125655,8408043641 8433969978 0312924585 8432206407 8445071416 0440224675 0375726403 044023722X 0684859335 0671021001
125679,0609804138 0385335482 0099771519 0385336179 0440221471 0345439104 000649840X 0552998001 0060008032 0060096195
125692,0312278586 0440224675 0060928336 0316096199 0446605239 0425167313 0440226430 0385335881 0345378490 0440226104
125701,0345339681 0670839531 0385199570 0670813648 0670813028 0684853515 0670835382 0375504397 0684867621 0670855030
125734,0385722206 0142001740 0060938455 0312305060 0312195516 0316776963 0375701907 039592720X 0375700757 0452282152
125736,0316769487 0385730586 0312278586 0385336179 0440414806 014131088X 0679746048 0385335830 014100018X 0316910333
125774,002542730X 0515128554 0446611867 0413537900 0515132020 051513287X 0345438329 0515128546 0380002930 0345361792
125779,0515135062 0515131229 051513287X 0515136530 0515136379 0515126772 0515132020 0515130389 0515133973 0373218397
125798,0446672211 0553250426 0553250531 044651652X 0312278586 0156027321 0062502182 0345337662 0446670251 0449212602
125808,0060976845 0061009059 0312195516 0446672211 0312966091 0312971346 0312291639 014028009X 0312966970 0671001795
125826,044023722X 0312995423 0440241073 0553578022 0380731851 0446606812 0553579983 0553584383 0061097101 0061015725
125878,0452282152 0385504209 0316601950 0375725784 0156027321 0142001740 0316666343 0452283205 044023722X 043935806X
125885,0140298479 0440226430 0446672211 0060928336 0140293248 0440211727 0060976845 044651652X 0679781587 0671021001
125892,0345342968 0060929871 0316769487 0451526341 0451524934 0440180295 0385484518 0553272535 0440219078 0684801523
125917,0345370775 0345353145 0440224675 0345378490 0312924585 0345391055 0345402871 0345378482 044022165X 0345417623
125918,0553578022 0671011367 0684872153 0380731851 0316666343 0425180638 044023722X 0446610038 0425182908 0425147622
125928,0446672211 0385492081 0060928336 0446310786 0345378490 0671021001 0553273914 0440234743 0140293248 0446608955
126026,0440234743 0425154092 044023722X 0345417623 0425175405 0449003787 0425180638 0425163407 0440224764 0449221490
126053,0446310786 0345342968 0451524934 0312278586 0060929871 0451526341 0440206154 0440224675 0156027321 0671003755
126072,0316666343 0446531332 0142001740 0316969680 0446608955 0446606812 0316569321 0312305060 0316969443 0743418174
126149,0380789019 0345417623 0060915544 0446672211 0553279378 0345348036 0452264464 0440241073 0380012863 002542730X
126170,0316666343 0440220602 0316096199 0312983271 0743418174 0446611212 0446607657 0425179885 0446364193 0446610038
126196,0375700757 0345443284 0316096199 0786868716 0316781266 0446611867 0060934417 0061097101 0375726403 0446608955
126232,0842329129 0345339681 0345378490 0842329242 0842329250 0345370775 0345353145 0440214041 044021145X 0842329269
126236,0553582763 0345384369 0425119653 0553579754 0425154092 0425151867 0425155943 0425155404 0553582747 0553580221
126240,0385484518 0060934417 0375727345 0375705856 0671510053 0684874350 0060928336 0786868716 0375412824 0060959037
126296,0156027321 0142001740 0452282152 0316096199 0385486804 0553280341 0385492081 0553271636 0312291639 0446610038
126298,0385504209 0060391626 0446672211 0156027321 0316284955 0316602906 0312278586 0312195516 0385484518 0316096199
126331,0345337662 0345351525 034538475X 0345384466 034540288X 0345397819 0345404319 0345409671 0345380371 0440220602
126360,0385504209 0345370775 0316666343 0312195516 0446531332 0385503822 0446605239 0671021001 0446608955 059035342X
126388,059035342X 0345353145 0385504209 0345417623 0345378490 0066214122 0440211727 0440224675 034540288X 067102423X
126395,0061009059 0671001795 0312980140 0312983271 0060928336 0312983867 0312306326 0312195516 0312265859 0312265840
126404,0451524934 0345342968 0684801523 0316769487 0446310786 0451163966 0393312836 0671027344 0060929871 0452269571
126415,0451172817 0451156609 0451167317 0451176464 0451177096 0345370775 0451180232 0451188462 0451160525 0440206154
126487,0441003257 0671041789 0380789035 0316096199 0060987529 0440241073 0312291639 0440224764 0345361792 0060987103
126492,0451188462 0451160525 038529929X 0061015725 0451168615 0440220602 0451172817 0451180232 0345369947 0451184963
126495,044023722X 0451169530 0060502258 0440211727 0375700757 0446606812 0671034022 0440217547 0440213290 0142000205
126531,044023722X 0345402871 0060502258 0312278586 0142001740 0066214122 0345378490 0060987103 0441172717 0385503822
126585,0440224764 0440211727 0440206154 0440214041 0440221471 0440241073 0440224675 0440236673 0440234743 0425154092
126588,0425175405 0446606812 0440211263 0452264464 042516098X 044651862X 0060915544 044023722X 0425182908 0451203771
126604,0380789035 0385492081 0385486804 0316666343 006101351X 0316776963 0380813815 0380789019 0062502182 0142001740
126653,044021145X 0385486804 0446605239 0440211263 0440226430 0440213525 0679429220 0060928336 014028009X 0425175405
126654,0380002930 034540288X 0140293248 006016848X 0061020710 0345313860 0064407675 0747532745 0060502258 0452269571
126664,0316666343 0028604199 0446605239 0804106304 0062502182 0684872153 0446532231 0618002219 0345370775 0385504209
126671,0385504209 0156027321 0679781587 0375726403 0316096199 0671021001 0385486804 0316284955 0440235596 0151008116
126693,0446672211 0440221471 044022165X 0345361792 0440224764 0440241537 0440226430 0679429220 0142001740 051513287X
126695,051513287X 0515132020 0515128554 0515128546 0515130389 0515135062 0515132187 0515126772 0440236673 0515133973
126697,0439136369 043935806X 0439139600 0842329250 0842329242 0439139597 0842329269 0842329277 0439136350 0439064864
126726,0060928336 0060959037 0452282829 0316601950 0345337662 0385484518 0312195516 0060976845 0142001740 0671021001
126733,0316096199 0440998050 0140067477 0394820371 0553274295 0070212570 0316776963 0553273914 0440498058 0064400557
126736,044651652X 0440225701 0425154092 0345370775 0440224764 0446604801 0440221471 0345337662 0440234743 0380718332
126747,3442541751 3150000017 3492045170 3423202327 3423201509 3257229534 325722575X 3423202947 3426029553 3257227809
126783,0440236673 0440234743 0440241073 0345417623 0312291639 0553280341 0061009059 0061015725 0446610038 0156027321
126803,051510566X 0515134384 0515095826 0553280368 0515127396 0515090174 0515087947 0061009059 0060096195 0312966091
126810,0312195516 0375706771 0060976845 0446672211 0345443284 044651652X 0060930535 0385484518 0061097101 0375707972
126812,0671021001 0440236703 0446611867 0316284955 0440221471 0312983824 0425180638 0671011367 0385505833 0451203771
126814,044651652X 0345384466 0439139600 0345351525 0515132268 0515111279 0060976845 0515127396 0385484518 0345339681
126824,0842329218 0842329242 0842329250 0842329269 0446605239 0842329277 0385484518 0786868716 0786881852 044651862X
126827,0425154092 0425175405 0425169863 0425163407 0380718332 0440226430 0425158616 0425180638 0380717018 0440213525
126849,0553289411 0345370775 0609610597 0345337662 0449212602 0312195516 034540288X 0553234811 0553260960 034538475X
126860,0671003755 0446672211 0060976845 0452264464 0060928336 0446310786 0671617028 0316284955 0671021001 0141000198
126874,3442541751 3492045170 3423202327 3150000017 3423202947 3423201509 325722575X 3426029553 3257229534 3442092981
126883,0312966970 0312966091 0312971346 0312980140 0061009059 0671001795 0312983867 0312265867 0312990456 0312265859
126896,0440236673 0552137030 0064407667 0440241073 0060502258 0061015725 0553574574 0140620109 0385424736 0316769487
126903,0446672211 0375727345 0316284955 0375706771 0345443284 0060928336 0060976845 038550120X 0312195516 0440226430
126907,0425180964 0425143325 0425116840 0425109720 0440211727 042510107X 0425147584 0440236673 0440234743 0345378490
126911,0385504209 0446364193 0446310786 0345335465 034529873X 0345369335 0345362861 0446610038 0451172817 0345339495
126928,8408043641 8433969978 8432206407 8445071416 0151008116 0684859335 8420616893 8478884955 0440235596 8477204055
126973,067976402X 0446672211 0316666343 0671510053 038550120X 0684865742 0440226430 0671021001 044022103X 0060392452
126985,0440226430 0156027321 0440211263 0671003755 0786868716 0786881852 0385265700 0553375407 0316776963 0446611085
127014,0425154092 0452282152 0743418174 0679781587 0440235596 0449003795 0440226430 0425163407 0425175405 0425158616
127024,0440221471 0440211727 0440236673 044023722X 044022165X 0440241073 0345417623 044021145X 0440234743 0345402871
127029,0316601950 0449212602 0156006529 0743436210 0440223202 0345439104 0671001132 0553278223 034543479X 0066214440
127036,0385504209 0671027360 0553580191 0553582747 0425124347 0451184963 0451176464 0425144429 0553582755 0066214122
127049,0142001740 0316666343 0452282152 0312195516 0312305060 0156027321 0679781587 0375726403 0060392452 067976402X
127063,0345337662 0684874350 006101351X 0385492081 0446605239 0142001740 0385484518 0679429220 0553573136 044651652X
127084,0590353403 059035342X 0345339681 0345335465 0440226430 0345350499 0553573403 0439136350 0345327861 043935806X
127113,0316776963 0375725784 0156027321 0385722206 0142001740 0446532231 0449912558 0151008116 0671880187 031242227X
127114,0061009059 0552124753 0552131067 0552128481 0671001795 0064407667 0552131075 0452282829 0345339681 0552131059
127122,051513287X 0515132020 0515131229 0515135062 0515121843 0440226430 051512317X 0373218397 0515114693 0515130389
127129,0440226430 0440223202 0451203771 044022103X 0062502182 014025448X 0446672211 0375727345 0375707972 0452282152
127131,0156027321 0140298479 0385335482 0375725784 0060987103 0441569595 0385504209 0140293248 0552137030 0446394521
127134,067976402X 0671510053 0060987561 0345361792 0679751521 0345439104 0449005615 0553582755 0394223802 0140293248
127135,0671003755 0060175400 0684874350 0385505833 0452264464 0452282829 0385722206 067976402X 0316776963 0142004235
127137,0385492081 067976402X 0671041789 0671510053 0385486804 0452264464 0671003755 0399501487 014025448X 0345378482
127147,044023722X 0060930535 0671027360 0385504209 0375726403 0142001740 0060987103 0312195516 0312305060 0449005615
127164,0316666343 0316096199 0671003755 0553582747 0440235596 0312278586 0060987529 043935806X 0446608955 0671014196
127168,0425154092 0425169863 0679781587 0425163407 0060930535 0671510053 0449005615 0060977493 0425175405 0140293248
127171,0440234743 0060502258 0345369947 044021145X 0345417623 0679745203 0312291639 0385722206 0440211727 0553250426
127174,0446531332 0553582755 0451170385 038082101X 0446527793 0440166497 0385335830 0425154092 0375706410 0440205573
127190,0316693006 0385508042 0385503822 0316969680 0385510438 0316603287 0316602906 0385504209 0399150897 0316693235
127200,0441003257 0142001740 0804106304 0375727345 0385486804 0449003787 0312983271 0142000205 044661193X 0671693816
127203,051513287X 0515132020 0515131229 0515126772 0515135062 0515128546 0515133973 051512608X 0515130389 0345342968
127233,0385504209 0743418174 0312278586 0385335881 0385335482 0140298479 038550926X 0375727345 0312291639 0316601950
127245,0446610038 0446607657 0446612545 0440241073 0446611212 0446608815 0446605484 0425180638 0446613266 0425182878
127250,0060938455 0446532231 0671027360 0316666343 067976402X 0316777730 0380813815 0671021001 0440206154 0345402871
127270,0316666343 0747546290 0747532745 0747538484 0380002930 0449907481 0811801802 0747550999 0804111359 038542017X
127359,0385486804 0440414806 0060938455 0385335482 0385730586 0156027321 0064407667 002542730X 0142002267 0312305060
127384,0060958022 0553582763 0316777722 0451205421 0345342968 0451176464 0440223202 0671888587 0446604666 0380752999
127389,0345353145 0345370775 044022165X 034540288X 0345380371 0440221471 0440214041 0345378490 0345417623 0440211727
127404,0375706771 0345361792 0446611212 0375727345 0060502258 0060976845 0440241073 0345387651 0312983271 0671021001
127417,0060987529 0312195516 0345361792 0345337662 0142001740 0064407667 0060959037 0345313860 0375726403 0671250671
127431,038550926X 014028009X 0385335881 0060096195 0142004235 044023722X 0375726403 0375502238 0312278586 0440222656
127432,0671001795 0312983867 0312265867 0312265859 0312990456 0312983271 0312265840 0312306326 0312986343 031298328X
127438,051513287X 0515132020 0515131229 0515128546 0515126772 0515128554 0373484224 0373218397 0373244487 0515135062
127453,055321313X 0553213148 0440484332 0064401847 0064407667 0440472431 0440220653 0399144463 002542730X 0380709562
127481,0316096199 0142001740 0316666343 0142004235 0375726403 0385505833 0345361792 0609804138 0385498802 0399149325
127490,0060928336 0446605239 0440212561 0375706771 0345443284 0375707972 0440215625 0060930535 0553574574 0316182540
127505,0380789035 0345339738 0345339681 0345339711 0345339703 0380789019 0451524934 0553211404 0060916508 0553208845
127519,0312983271 0440226430 0380789035 0312974256 0446610542 0312983824 0312966806 0743418174 0061032093 0440241162
127564,0452282152 0440221471 0440214041 0440220602 0385504209 044023722X 0375726403 044021145X 0440241537 0345391055
127621,0316666343 0312195516 0312291639 0385504209 0440241073 0316601950 0385505833 0142001740 0060928336 0440225701
127648,0440241537 034541389X 0446612790 0446611212 0425182878 0440241073 0446610038 0671027360 0385504209 0446612545
127719,0385510438 0316602906 0399150897 0385511612 0316603570 0316693006 0316603287 0316969680 0446530891 0399150439
127755,0316601950 0060928336 0312195516 0316666343 0375706771 0316284955 0060976845 0446608955 0452282152 014028009X
127779,0316666343 0064407667 0156027321 0316096199 0330332775 002542730X 0060928336 0439064872 0140276904 0380789035
127782,0345438329 0316666343 0375727345 0671038184 068484477X 0375726403 0452282152 0345423291 0446672211 0345445848
127813,0451526341 0060929871 0316769487 0345342968 0684801523 0399501487 0451163966 0553208845 0441569595 0446310786
127826,0440226430 0060502258 0440211727 0440222656 0446310786 0142001740 0684872153 044022103X 0440221471 014025448X
127827,0385508042 0316969680 0316693235 0316693200 0316693006 0385511612 0385490992 0316693251 038550120X 0385505833
127893,0060928336 0446672211 0316601950 0375706771 0671003755 0671021001 0140298479 0385335482 0060976845 0316769487
127897,0345361792 0140067477 0440226430 0151008116 0684874350 0439136350 0439064864 0446310786 0515131229 044022103X
127914,0312291639 0385484518 0316776963 0452282829 0452282152 0142004235 0316769487 0375726403 0312966091 0061009059
127930,044023722X 0440221471 0440234743 0440241073 0440220602 0425143325 0446364193 0440211727 0425170349 0440224764
127970,0316693006 0385508042 0385510438 0316602906 0385511612 0316693200 0385503822 0316666009 0316603287 0316693235
127993,0446606812 0451184963 0671727796 0552137030 0446605239 0684848783 0446394521 006101351X 0099771519 0440206154
128014,0446612790 0446610038 0446611212 0446607657 0671028375 0451160525 0671027360 0345441036 0553578693 0449003795
128033,0385492081 0440241073 0345361792 0684872153 006101351X 0062502182 0671510053 0679745203 0440225701 0345387651
128040,0312195516 0385504209 0060928336 0449212602 0446672211 0060976845 0671027360 0440211727 0399501487 0380018179
128045,0060928336 0375700757 0345443284 0679781587 0316284955 0452282152 0671003755 0449005615 0446672211 0312305060
128060,0345380371 0440998050 0345342968 034540288X 0441569595 0345353145 0375703063 0380752891 014025448X 006016848X
128077,3442541751 3150000017 3492045170 3423202327 3423201509 3257229534 3423202947 325722575X 3426029553 3404148665
128085,0312195516 0440206154 0440224675 034541389X 0316666343 0060938455 0380789019 0679781587 0060392452 0345417623
128119,0316601950 0312195516 0061009059 0060976845 0060928336 0060930535 0671021001 0452282152 0312983867 0312990456
128122,0515131229 0515126772 051513287X 0515132020 0446608955 0515128546 0515130389 0446611867 0373218397 0446606812
128208,0440214041 0440221471 0440211727 044021145X 044022165X 0440220602 0440234743 0440225701 0385504209 044023722X
128214,038079487X 014028009X 0060921145 0345391802 0425154092 0060934417 0375725784 0385722206 0375706771 0446610038
128233,0385484518 0316096199 0385504209 0156027321 0142001740 0345361792 0439064872 0786881852 0446611867 0553296981
128257,068484477X 0446672211 0452282829 0060928336 0060959037 0440226430 0440222656 0671021001 0316601950 0385484518
128276,0312195516 0312305060 0060959037 0060930535 0671003755 0316666343 0449005615 0142001740 0446672211 0060934417
128286,0440214041 0440234743 0440220602 0440235596 0440225701 0440211727 044021145X 044022165X 044023722X 0440221471
128325,0375727345 0060928336 0156027321 0316096199 0345443284 0553375407 0312291639 0316776963 0142000205 0380002930
128331,0375725784 0316769487 0060977493 0385504209 0446605239 0345337662 0140119906 0441569595 0345370775 0440206154
128332,0385504209 0316666343 0066214122 0446667900 0525947647 0316602906 0385337116 0671027387 0385510438 0399150897
128362,0380789035 0380789019 0441569595 067976402X 0345337662 0345342968 0451169530 0439136369 0452282152 0385492081
128365,0385484518 0156027321 0316096199 0385504209 0316666343 0142001740 0786881852 0446611867 0553375407 0553279378
128406,0060928336 0440206154 0684874350 0804106304 0385504209 0446310786 0679781587 067976402X 0316769487 0060976845
128427,0345378490 0316769487 0312980159 0312992416 0380811081 0373835876 0440241057 0375707972 0380820560 0373691300
128434,0590353403 0316769487 0440180295 0439136350 0439064864 0345342968 0316777730 0439136369 0345361792 0679781587
128464,0316666343 0446612545 0451191145 0399501487 0449003795 0385504209 0449907481 0345342968 0375725784 0804106304
128506,0345342968 0316769487 0451524934 0446310786 0060929871 0451526341 0671027344 043935806X 0684801523 0345391802
128543,0786881852 0399144463 0439064872 0679781587 014028009X 044651652X 0439136369 0679429220 0425152251 0385484518
128557,0156027321 0385486804 0385484518 0345443284 067169507X 0142000205 0553268880 0062502182 0553375407 0671001795
128574,0312195516 0449212602 0440241073 0446672211 0316777722 080410526X 0553279912 0060928336 0345313860 0345337662
128588,0375727345 0446672211 0316666343 0375707972 0316284955 0446608955 0440226430 0316569321 0452282829 0385505833
128600,0140293248 0312278586 0385335482 0060502258 014028009X 8806143042 0312422156 8845215989 8806166484 0385335881
128611,0440206154 0446532231 0064407667 0440224675 0060392452 0385503857 0385510438 0385512104 0385315236 002542730X
128622,0316666343 0316769487 0140293248 0671021001 044021145X 0385335482 0345361792 0375706771 0060915544 0316601950
128653,0345417623 0345339681 0345413350 043935806X 0316666343 0380789035 0345339703 0345339738 0345348036 0345339711
128669,0345353145 0449003795 044023722X 0449221490 0449221512 0446608815 0440234743 0425154092 044661162X 0446610038
128672,0060987103 0312278586 0316666343 0385335482 0446605239 0316769487 0060977493 0060928336 0060502258 0446670251
128693,0156027321 0316666343 038082101X 044023722X 0142001430 0385486804 0452282152 0385420161 0452280621 038542017X
128696,0743418174 0385335482 0671021001 0679781587 0142001740 0060502258 0375725784 0375727345 0380002930 0312243022
128710,0345370775 059035342X 0151008116 0425175405 0425147622 0060938455 0439064872 0671011367 0312282990 0345353145
128732,0553580221 0425144429 0425107469 067102423X 0425124347 0553579754 0345384369 0446672211 0312278586 0316666343
128782,0440221471 0425154092 0440226430 3442541751 006016848X 0684874350 3150000017 0380727501 0091867770 3426029553
128790,0552137030 0552131067 0552128481 0552131059 0552145424 0552134619 0552134635 0552134651 0552140287 0552142379
128821,0743418174 0440224764 014028009X 0142001740 0440221471 0140293248 0385505833 0385335881 0312291639 043935806X
128835,0446310786 0385474016 0061097853 0446604666 0553268880 0142000205 0375727345 044021145X 0553572997 044661193X
128841,0671027360 0156027321 0440234743 0316666343 0671027387 0066214122 0439064872 0151008116 0553572997 0312282990
128911,0060987103 0345337662 0451169530 0553375407 0345370775 0449212602 0446671002 0345351525 0441569595 044651862X
128915,0553582747 0446607657 0446612790 0553580221 0446612545 0446604801 0446364193 0345384369 0425124347 0345441036
128942,0385484518 0060915544 0684872153 0312291639 0345348036 0385512104 0316096199 0553380095 0060928336 067088300X
128962,0440220602 0345370775 006101351X 0440221471 044022165X 0345361792 0671510053 0425143325 0425083837 034540288X
128974,0449003795 0449221504 0449221512 0449221482 0449221490 0316769487 0449219461 0449219364 0553279556 0449223604
129002,0439139597 0439064864 043935806X 0590353403 0439136369 0439136350 0064407675 0439064872 0553296981 059035342X
129008,0061009059 0425188787 0345353145 0375726403 0425169863 0671001795 0345339681 0140254544 0060188731 0553274295
129056,0679781587 0375700757 0446670251 0449003787 0142001805 0385335482 0312291639 0312924585 0553280341 0385512104
129062,0099747200 0552998001 0330332775 0099387913 000649840X 0099279274 0091867770 0099771519 0440206154 0140265988
129074,0345339703 0345465083 0441172717 0399147195 0679746048 0316168815 055357258X 0425178951 0425133516 0380725835
129084,0515132020 0440221471 0345337662 0515128546 0515126772 0425154092 0425147622 0425175405 051512608X 0440224764
129114,044023722X 0440234743 0440236673 0440224764 0440241537 0440221471 0061015725 0440225701 0446672211 067976402X
129187,0061009059 0316601950 0060976845 067976402X 0312966091 044022103X 014029628X 0446610038 0553280368 0375706771
129238,051513287X 0515132020 0515131229 0515126772 0515128546 0515128554 0515133973 0515130389 0373484224 0515121843
129255,8408043641 8432206407 8445071416 8433969978 8477204055 0312924585 8420616893 8478886451 8425337690 0156013924
129289,0385504209 0553375407 0316776963 0345339703 0156027321 0446606324 0142001740 0385497466 0345339738 0375702709
129338,0345378490 0345386108 0553580191 0345384369 042513525X 0425153975 0425121259 0425115801 0345384350 0425144429
129345,0316969680 0385504209 0385508042 0316693235 0316666343 0316603287 0316602906 0385503822 0446531332 0316693200
129358,0380762587 0373484003 0380753006 0380820854 0380756293 0515135216 0515127833 0515128546 0380750872 0515120006
129368,0142001740 0684874350 0449005615 0140298479 0060930535 0671003755 0375700757 0060921145 0316776963 0316601950
129373,0060976845 0671021001 0312195516 0385484518 0440226104 0060930535 0375727345 0446605239 0375707972 0446672211
129389,0385484518 0316666343 0451203771 0345361792 0345391055 0449907481 0440223202 0399501487 0345378482 0345353145
129393,0375725784 0156027321 0099771519 0142001430 0446532231 0345370775 0446310786 0446612790 0671021001 0345439104
129399,0060976845 0142001740 0060915544 0345439104 0060934417 0060959037 0060928336 068484477X 0060930535 0452282829
129422,0140293248 0312278586 0060502258 8806143042 880781210X 0385335482 0553582747 0312422156 8845215989 8845237303
129444,0345337662 0316769487 0060392452 0446532231 0062502182 0380789019 0553573136 0345413350 0312291639 0060928336
129465,0446607657 0380789019 0425172546 0446679593 0553579606 0446611212 0515136530 0553572997 0446605484 0515130966
129474,0060928336 0446672211 0316601950 0679746048 0385484518 0060976845 0385335482 0316096199 0446608955 0316284955
129489,0440234743 0425154092 0440225701 044022165X 0425147622 0345353145 0380718340 0425163407 0440224764 0345386108
129494,039480001X 0394800168 0394800206 044651862X 0345370775 0394800184 039480967X 0446612545 0553573136 0440940001
129503,0345342968 2253063339 2070360024 2253044903 0060929871 0345391802 0140042598 0684801523 0316601950 2266023039
129505,0312291639 0312278586 0385335482 0446608955 0316096199 0440241073 0446610399 0316666343 0786868716 0671021001
129531,059035342X 0553296981 0553279378 0440998050 0440414806 0064400557 0064407667 0064472272 0553272535 0446605239
129563,0345339681 055321313X 0440498058 0553213148 0553274295 0440220653 002542730X 0345370775 0064471047 0345348036
129572,0446310786 0060929871 0060502258 0380002930 0345391802 0316769487 0345339681 0684801523 0679745203 0375725784
129611,0385336179 0385335881 044023722X 0312291639 0671021001 0385335830 0385335482 0142001740 0446605239 0440241537
129617,3442541751 3150000017 3423201509 3423202327 3492045170 3257229534 325722575X 3423202947 3426029553 3257228007
129665,0671021001 0440222656 059035342X 0060928336 0439064872 0440235596 0671003755 0440439884 0446605239 0425167313
129690,0446605239 0446672211 044651652X 0440222656 0446610399 0440226430 0316601950 0316666343 006101351X 0446608955
129716,0345342968 0671003755 0452269571 0684801523 0440180295 0553211404 0743237188 0060929871 0451163966 0060921145
129718,0440206154 0345370775 0345337662 0440224675 0345313860 0345384466 0345380371 0345417623 034538475X 0345353145
129725,0345443284 0452282829 0375707972 0375706771 0060987561 0385720106 0385265700 0140244824 0380730138 0385502532
129835,014028009X 0671021001 0446672211 0060976845 0385335482 0440226430 0316284955 0312195516 0316601950 0316096199
129851,0140298479 006099486X 0671250671 0451169530 0446391301 0345384369 0449212602 014028009X 0385722206 0671024248
129883,0060930535 0316601950 0142001740 0156027321 0312305060 0060934417 0385504209 0060987103 0060928336 0060959037
129988,0316601950 0316666343 0375706771 0671021001 0684872153 0060928336 0385484518 0804106304 080410753X 0743418174
130132,0312278586 0385504209 0446531332 0316096199 0446605239 0743418174 0385508042 0312195516 0316284955 0385511612
130157,0316666343 0446672211 044023722X 0312278586 0060934417 0385505833 0671021001 0446605239 0449907481 0446608955
130166,0316666343 044023722X 0385504209 043935806X 059035342X 0142001740 0439064872 0439136369 0316776963 0312305060
130168,0446610038 0446611212 0446364193 0446607657 0440234743 044023722X 0446608815 0446613266 0446612790 0440241073
130181,0385730586 0312278586 0064400557 0385729332 0380814021 014131088X 0064472795 0385335881 0312291639 0440498058
130215,0316666343 059035342X 0439064872 0312195516 0380731851 0385504209 043935806X 0446532231 0060987561 0449005615
130250,0671510053 0684874350 0684872153 0425152251 0385722206 0679429220 0385720106 0553377868 0385420161 0679781587
130258,0385504209 0142001740 0515130389 0446605239 0446608955 0446611867 0515126772 0515131229 0446531332 0440241537
130271,3442541751 3150000017 3492045170 3423202327 3423201509 325722575X 3257229534 3426029553 3423202947 3257227809
130347,0440211727 0440221471 0440214041 0345380371 0440222656 044021145X 034540288X 0345402871 044022165X 0440224624
130396,0385504209 0671027360 0440241073 0440221471 044023722X 0440236673 0061015725 0312995423 0440234743 0440225701
130430,0553296981 0345370775 0446672211 0316769487 0553213148 0440213525 0345417623 0312195516 0451526341 0345342968
130438,0553572997 0060959037 0060987561 0452264464 0446672211 0380730138 0440226104 0590353403 0316776963 0440226430
130474,0385503822 0385508042 0316969680 0316666009 0385511612 0316693235 0385497466 0385490992 0446527033 0316603570
130480,0440215625 0440217563 044022425X 0440222656 0671027360 0375707972 0345350499 0060928336 044021145X 0446611085
130482,0345387651 0804106304 0385504209 0446310786 0312282990 0451524934 0385503954 0385510438 0399150897 0380018179
130485,0446605239 0312278586 0446672211 0385335482 0440226430 0312291639 0375707972 0375706771 0385336179 0140298479
130493,0345353145 0345370775 034540288X 0345378490 0345378482 0345391055 0440224675 044021145X 0385492081 0446364193
130502,0446610038 044023722X 0440241537 0440241073 0446612790 0385504209 0446607657 0440236053 0399149155 0312966970
130543,0345313860 0345337662 0345351525 034538475X 044651652X 044651862X 0345404319 0399501487 0140293248 0345397819
130554,0345370775 0440414806 0060934417 043935806X 0440220653 0439136350 0380709562 034540288X 0060977493 0590634275
130570,0312291639 0060502258 0385335482 0515136379 0515126772 051513287X 0385335881 0312983867 0515136530 0515132020
130571,0385720106 014029628X 0684872153 0446610038 0449003787 0449223612 0061097101 0142001430 067088300X 0425182908
130581,0316969680 0385503822 0316693200 0316666009 0446604801 0446601241 0446610038 0385508042 0385511612 0446607657
130591,0375727345 0142000205 0385265700 0440226430 0060392452 0375703063 0316284955 0446394521 0375506039 0316899984
130615,0312291639 0553377868 0385479565 0316769487 0684874350 0385265700 051513287X 0385492081 0380789019 044022103X
130624,0345348036 0061009059 0345417623 0553562738 0446610038 0345322231 0312976275 0679444815 0345413350 0345378482
130636,0441569595 0345380371 0553562614 0345342968 0440180295 0385498721 0345353145 0060929871 0553572997 0316769487
130658,044023722X 0440241073 0440241537 0345417623 0440234743 0440236673 0440225701 0446612545 0446364193 0446607657
130670,0446605239 0446611867 0446606812 0316569321 0385505833 0440241073 044023722X 0345378490 0316096199 0446394521
130705,0440226430 0142001430 0312421273 0142001805 0451167317 0440241537 014028009X 0743418174 0156028778 0060934417
130710,0446310786 0451526341 0345342968 0316769487 0399501487 0451163966 0684801523 0553274295 0440219078 0553208845
130741,0439064872 0345339681 0345342968 0345314255 059035342X 0439136369 0452264464 0441172695 0553208845 0441172717
130784,044023722X 0440236673 0440241537 0440221471 0440241073 0440225701 0440211727 0515131229 0515130389 0425180638
130792,0425175405 0446605484 0446601241 0671004573 044022165X 0446607657 0380718340 0425169863 0425147622 0440234743
130810,0316666343 0312195516 014100018X 0060392452 0345417623 0684872153 0345378490 0312278586 0440206154 0330367358
130837,0375727345 0142000205 0671021001 0316666343 0316769487 0375707972 0385265700 0375706771 0316601950 0451202341
130847,0385504209 044022165X 0671021001 0440220602 0440211263 002542730X 0743418174 0316096199 0440221471 0446611867
130866,0786868716 0060987103 0060934417 043935806X 0375700757 0679781587 0679429220 059035342X 0449005615 0142001805
130882,0385504209 0452282152 0312291639 0312305060 0385722206 0743418174 0316776963 0786868716 0671003755 0060938455
130915,0385508042 0385504209 0385503822 0385490992 0060502258 0316969680 0385505833 0385510438 0385497466 0316666009
130923,0684872153 0060987561 0142000205 0060938455 0440235596 0679781587 0316284955 0440226104 044651652X 0440222656
130939,0446672211 0316666343 044651652X 0312195516 0060915544 0060976845 0316601950 067976402X 0804106304 0671510053
130943,8408043641 0452282152 8432206407 0671003755 0440235596 8433969978 8445071416 8433925180 068484477X 0060392452
130950,0385504209 0316666343 0440211727 0345387651 0446605239 0449212602 0451184963 0345444884 0684874350 0679781587
130952,0345362861 0345368932 0345335465 034529873X 0345384911 0345335082 0345434692 0345424603 0345253736 0441001416
130961,0316601950 0312278586 0345439104 0312195516 0679781587 0385722206 0060976845 038079487X 0385335482 0316666343
130971,044023722X 0060959037 0679781587 0060928336 0375702709 0452282152 0553574574 0452260116 0060930535 0767900383
130978,0385335482 0385335881 0316769487 0316666343 0446605239 0446310786 0385336179 0446606812 0671021001 0060928336
131006,0440241537 0345413903 0446612545 0440226430 0440221471 0312983271 0446609404 0440236053 0671027360 0440236703
131021,0060392452 0446604666 0345339681 0671027360 0671510053 043935806X 0380789035 0316776963 0380813815 0439139597
131023,0375700757 0671250671 0060175966 0385505833 0141001828 0345447840 0553277472 0380816555 038082101X 0312995423
131026,0375726403 0385722206 0312305060 0060173289 0142001740 0316569321 0375727132 0312195516 0743418174 0375700757
131027,0142001740 0140067477 0060502258 0804106304 0440219078 0446606812 0446605239 0385730586 031205436X 0316666343
131032,0671027360 0515095826 0345314255 038079487X 0679781587 0449221512 0441172717 015216250X 0553572997 0061015725
131039,0684874350 0786881852 0385484518 006101351X 044651862X 0385493800 0671250671 0345361792 0679429220 0399144463
131046,0312265867 0345339703 0312976275 0345339681 031298328X 0345339711 0312980140 0312990456 0312265859 0671001795
131099,0552131067 0552137030 0552128481 0552131075 0552996009 0099771519 0552134627 0552140295 0552134651 0552134643
131108,0515131229 051513287X 0515132020 0515130389 0515126772 0515128554 0515128546 0515133973 0515121843 0373218397
131126,8408043641 0060929871 8433969978 8432206407 8445071416 0312924585 0440224675 0425151867 0679723161 0451524934
131154,0345339711 0553296981 0399501487 0345348036 0446310786 0060930535 0345342968 0380002930 0446605239 0345417623
131182,0060928336 0312195516 0060976845 0316666343 0679781587 067976402X 0375706771 0671021001 0060930535 0140298479
131202,0345313860 0345337662 034538475X 0345351525 0440226430 0345397819 0345384369 0553580221 0345334531 044651652X
131213,0140042598 0316666343 006000438X 0425152251 0786868716 0140119906 0385484518 0060929871 0060977493 0316769487
131233,0070212570 0060934417 0375502238 0375727345 0375726403 0316666343 0743227441 0345443284 014025448X 0345446860
131238,043935806X 0439139600 0439136369 0439064872 0590353403 0446608955 0441005489 0345370775 0440220653 0380698714
131243,0786881852 0842329218 0842329129 0439064872 0399144463 0451526341 0316096199 0446611212 0553582747 0441304834
131246,0312195516 0767900383 0312291639 0312305060 051510566X 0553280341 0140119906 0515134384 0380780860 0553280368
131293,0316666343 042516098X 0316096199 0425163407 0425154092 0446602620 0440220602 0553208845 0316284955 0375725784
131296,0553582747 0375705856 0312282990 0441304834 0345444884 0061020710 0553250531 0140067477 0679429220 0743436210
131311,0446672211 0312195516 0060928336 0312278586 0446310786 0671021001 0316776963 0679781587 0385504209 0345443284
131317,0345417623 0312278586 0316666343 0449212602 0380789035 0553279912 0060928336 0671027360 0060987103 0380789019
131363,0552124753 0552131067 0552131059 0552128481 0552131075 0552134651 0552137030 0552140295 0552140287 0380789035
131402,0380012863 0553279378 0385335482 0553280341 0156027321 0312274920 0099771519 0091867770 0330367358 0140067477
131437,0515128554 0515131229 0515128546 0515132020 051513287X 0425183971 0515130389 0345351525 051512317X 0345438329
131441,2253063339 2253150711 2070360024 2266023039 2290311782 2253057843 2205054252 2253005274 2253152846 2070744833
131476,0060502258 0385484518 0385335482 0316601950 0446670251 0671021001 0375706771 0684872153 0345342968 0679746048
131510,0312195516 0156027321 0553572997 0060938455 0060392452 0440241537 0142001740 0446310786 0679781587 0451163966
131548,0440224675 0312924585 0345370775 0066214122 0345413903 0345402871 0345353145 0671027360 0440234743 0553582127
131564,0375706771 0375700757 0671003755 0060930535 0316601950 0060959037 0385720106 0452282829 0142000205 0385265700
131594,0439064864 0439136369 0439136350 059035342X 0439139597 0439139600 0590353403 006101351X 0553279912 043935806X
131597,0440241073 0375706771 0440236673 044023722X 0440234743 0140293248 0316601950 0316666343 067976402X 0446608955
131622,0312195516 0345370775 0345380371 0425109720 0425116840 0345417623 0425122123 0440222656 0425143325 0553250426
131655,0316769487 0451524934 0345342968 0060929871 0451526341 0440180295 0679746048 0399501487 0451163966 0140042598
131657,0440234743 0440236673 044023722X 0440225701 0440211727 0440221471 0440220602 0446607711 0440213525 044022165X
131675,0553279378 0060930535 0375702709 0375700757 0316096199 037570504X 0345337662 0385504209 0060976845 0312291639
131678,0671027360 044651652X 000649840X 0440220602 0156027321 0671004107 0099771519 0440211263 0440221595 0060392452
131686,0345337662 0440211727 0440224764 0440214041 0345351525 0440221471 044651652X 0312195516 0345313860 0345339703
131689,0345361792 0385492081 0385484518 0060987561 0375707972 0671250671 0375727345 0553272535 0441003257 0553375407
131744,0345370775 034540288X 0451172817 0451177096 044022165X 0671042858 0307127923 0312979096 0385503822 0446607657
131837,044021145X 044022165X 0345339681 0316666343 006016848X 0440226430 0440221471 0345368932 0804106304 0060392452
131855,0099771519 0552998486 0552124753 0552996009 0312274920 000649840X 0552998001 0552137030 0552131067 0590660543
131883,0385484518 0679746048 0786868716 0345339703 0786817070 0671003755 0060928336 0446611867 059035342X 0446605239
131913,3442541751 3423201509 3150000017 3423202327 3492045170 325722575X 3423202947 3257229534 3426029553 3257227809
131914,0345353145 0553560735 0345417623 0553562614 0525947647 0671741454 0671013963 0671891510 0061009059 0671020781
131974,0553560247 0446610038 044922046X 0446606812 055357258X 0553578316 0553574663 0553572040 0515131229 044651652X
132006,051513287X 0515128554 0515132020 0515131229 0515126772 0515128546 051512608X 0515132187 0553294903 0373484003
132007,0440215625 0440212561 0440217563 0316601950 0385335482 044022425X 0060934417 0385484518 0609610597 015100692X
132030,0743418174 0385335482 0060502258 0385336179 0446670251 0060987103 0385335881 0971880107 0060987529 044651652X
132083,0312195516 0060928336 0375706771 0060930535 0446672211 0385505833 0375700757 0316601950 0452282152 0142001740
132152,0099771519 0552137030 0140298479 0380977788 0590660543 0552998001 0312305060 044651652X 0552124753 0425152251
132171,0142001740 0446611212 0446612545 0446607657 0446612790 0399149325 044023722X 0451206525 0553280368 0553279912
132173,051513287X 0515132020 0373244487 0515128546 0373218397 0515126772 0515131229 0515121843 051512608X 0425183971
132188,0316666343 044021145X 0425147622 0425158616 0425182908 0380018179 0446667900 0671027360 0316284955 0070212570
132199,0440234743 0375727345 0385504209 0375726403 051513287X 0446610038 0515131229 0060987561 0743418174 0440226430
132203,0099771519 0156027321 0552996009 000649840X 0590660543 0552124753 0552998486 0099727412 0684862719 0552137030
132229,0452282152 0142001740 0679781587 0449005615 0156027321 059035342X 0385479565 002542730X 0385512104 0552996181
132256,3442541751 3492045170 3150000017 3423202327 3423201509 3257227809 3423202947 3426029553 3257229534 325722575X
132275,0316769487 0451524934 0446532231 0451526341 0345370775 0375707972 044651862X 0553275976 0399501487 0671004107
132282,067102423X 0451188462 0451176464 0451184963 0451186362 0451142934 0451177096 0553582755 0553582747 0671024248
132290,0316096199 0385484518 0446310786 0439136350 0439064864 0439139597 0316769487 0786868716 0385335482 0060928336
132357,0449212602 0156027321 0345436911 0684874350 0385504209 0345417623 0553296981 0446606324 0140143505 0375758992
132371,0440213290 0553292722 068484477X 0385720106 080410753X 0440122090 0440221595 0449219364 0060928336 038572179X
132373,0345378490 0345378482 0316096199 0553279378 0446607711 0345353145 044023722X 0786868716 0066214122 0345370775
132374,068484477X 0425167313 0671003755 0671038184 0375707972 038079487X 0446672211 0385265700 0385720106 0316601950
132375,0316666343 0375727345 044023722X 0446610038 0316601950 0446364193 0312305060 0142000205 0385492081 0316096199
132382,0385335482 0316666343 0385730586 0156027321 0060938455 0385335881 0345417623 0140293248 0060987103 0385336179
132392,0156027321 0312195516 0452282152 0142001740 0446672211 0316769487 0375706771 0316666343 0375727345 0385720106
132425,0156027321 0385504209 0385722206 0452282152 0142001740 0312195516 0375725784 0060977493 0679781587 0375726403
132492,3442541751 3150000017 3492045170 3423201509 325722575X 3257229534 3423202327 3426029553 3423202947 3404148665
132500,3442541751 3423201509 3492045170 3150000017 3426029553 3423202327 325722575X 3257229534 3423202947 3442092981
132522,0451163966 0439139597 0375706771 059035342X 0440226430 0451526341 0590353403 0316777730 014028009X 0060987561
132531,0060938455 0385504209 0312195516 0312291639 0156027321 0553280341 0671027360 0590660543 0452282152 0330367358
132572,0440224764 044021145X 0552124753 0312195516 0552137030 0440211727 0425180638 0440241073 0452282152 0446519138
132582,0671027360 0312995423 0671027387 0385504209 0440241537 043935806X 0446611638 0385511612 044023722X 0446612790
132616,0440211727 0446527033 0316569321 0316789089 0385508042 0440222656 0385504209 0316693006 0446531332 0316969680
132624,044023722X 0060987103 0440241073 0440234743 0060915544 0312195516 0375707972 0312278586 0385722206 0345378490
132663,0385484518 0446677450 0679781587 0399144463 0399150838 0446603589 0380018179 0380002930 0609804138 0804106304
132684,0316769487 0441569595 0451526341 0060938455 0553272535 0060929871 0345342968 0440206154 0446532231 043935806X
132687,0679429220 0786881852 0375700757 0060987529 0684874350 0670892963 0312195516 0060987103 0060938455 080410526X
132695,0060502258 0312983271 0345404319 0345384466 0316969680 0142001740 037576092X 0312306326 0345397819 0345342968
132716,0385486804 006101351X 0553375407 0345370775 0316769487 0345353145 0345378482 0440224675 0449003787 0345378490
132735,0316666343 0553582755 0345441036 0316693006 0553582747 0446672211 0446531332 0451205421 0312278586 0142000205
132786,067976402X 0671510053 0345443284 0446672211 0345439104 014028009X 0142000205 0312195516 014025448X 0380789035
132826,3442541751 3150000017 3492045170 3423202327 3423201509 3426029553 325722575X 3257229534 3423202947 3442092981
132836,0345337662 0452282152 059035342X 0385472951 0060392452 0439136369 0385505833 0060173289 0312195516 067976402X
132846,0061009059 0312980159 0312971125 0425183971 0312966970 0312980140 0312265867 0380718340 0312983271 0671001795
132851,0440222656 0345337662 0345353145 034540288X 0064400557 0312924585 0440206154 0345413350 0345362861 0671004107
132901,0441304834 0439139597 0441000916 0439064872 0441002935 0441005241 0439136350 0441003745 0439136369 0441005748
132909,006101351X 044022165X 0345361792 0345335465 0446604666 0345370775 0385498802 0425178102 0440226430 0061000043
132930,0671003755 0385486804 0385720106 0060921145 0060930535 0679781587 044651652X 0375705856 0449005615 0385722206
132981,0060915544 0060930535 0060959037 0060934417 044023722X 0061097314 0060987103 0385722206 0060987529 0060977493
133034,0345342968 0399501487 0684801523 0440220602 0671003755 0345313860 0060929871 0451524934 0679735771 014028009X
133037,0553213148 0440998050 0440498058 0064472272 0440401585 014131088X 0590457225 059035342X 0440220653 006440630X
133041,0142001740 0312195516 0452282152 0156027321 0449005615 0679781587 0060934417 0385722206 0385484518 059035342X
133166,0515133876 0515134481 0345423402 0515136530 051513628X 0515134457 0515135062 0441304834 0441000916 0505524090
133192,0552124753 0552137030 0552145424 0552131059 0552128481 0552140295 0552134651 0552134619 0552134635 0552147680
133225,0385504209 0671027360 0156027321 0345361792 0140067477 0345387651 0345342968 0449212602 0345350499 0684848783
133246,0345337662 0385484518 0345351525 034538475X 0345313860 0142001740 0345369947 0345397819 044651652X 0060392452
133258,0446672211 0671003755 0452282152 0142001740 068484477X 0060976845 0060934417 0375726403 0385720106 0452282829
133272,059035342X 0399144463 0439064872 0786881852 0385484518 0684874350 0440213525 0060175400 0312195516 0451526341
133284,0425147622 0446364193 0446607657 0425175405 0425154092 0446608815 0553572997 0446606189 0446604801 0380718332
133296,0312291639 0385504209 0316666343 0345337662 0345313860 0345384466 0446610038 0312195516 0671027360 0345351525
133348,3442541751 3150000017 3492045170 3423202327 3423201509 3257229534 3423202947 325722575X 3426029553 3442092981
133414,0099771519 0385722206 0552996009 000649840X 0330332775 0684874350 0679444815 068484267X 0330367358 0684872153
133416,0446610038 0425180638 0446601241 0446612545 0380718332 0446604801 0380718340 0440224764 0553576801 0425158616
133417,3442541751 3492045170 3150000017 3423202327 3423201509 3257229534 325722575X 3423202947 3257227809 3426029553
133418,0345370775 0345378482 0440211727 034540288X 042510107X 0345378490 0345417623 0425116840 0345339711 0345339738
133424,0440211727 0440214041 0385490992 044021145X 0385472951 0440221471 0385424728 0440220602 0385493800 0440213525
133557,0449003795 0446610038 044023722X 0446604801 0446605484 0449221482 0449221512 0553280368 0446608815 0446611212
133564,3442541751 3150000017 3492045170 3423202327 3423201509 3257229534 3426029553 3423202947 325722575X 3257227809
133567,3442541751 3492045170 3423202327 3423201509 3423202947 059035342X 325722575X 3257229534 3257227809 3426029553
133569,0061097853 0441003257 0375727345 0375707972 0345392825 0451526341 0345370775 044661193X 0385474016 044022103X
133571,0375726403 0345353145 0743418174 0060188731 0375412530 0449212602 006099486X 0385722206 0060987103 0385479565
133654,0440206154 0804106304 068484267X 0345387651 0684865742 0345424719 0060959037 0552137030 0345353145 0316284955
133682,0440211727 0440221471 042510107X 0440214041 0345380371 0440220602 0425116840 0451166892 0425083837 0425143325
133689,0060502258 0786868716 0312291639 0671042858 0312278586 0440226430 0140298479 0440211263 0440222656 0373825013
133706,0446364193 044022165X 0446604801 0446608815 0446607657 0440221471 0440214041 0425147622 0380717018 0446606189
133738,0316769487 0140293248 0345353145 0345370775 0440206154 067102423X 0671041789 0060502258 0515131229 0399501487
133744,0316601950 0060928336 0375706771 0316666343 0060976845 0446672211 0060930535 044023722X 0671003755 0385265700
133747,0451526341 0440180295 0060930187 0671021001 014131088X 0316769495 0060938455 0385335881 0375406530 0373250126
133786,0440211727 0440214041 0440224764 044022165X 0440220602 0440221471 0671021001 0446672211 0440234743 0345380371
133790,0142001740 0312195516 0671027360 0060930535 0316666343 0679781587 0060928336 0156027321 0385484518 0452282152
133846,0316666343 0679746048 0385335482 014028009X 0385504209 0316096199 0451163966 0060976845 0671021001 0060928336
133868,0380814803 0316569321 067976402X 0385492081 0312983824 0671003593 0380805707 0060002050 0380756250 0380756234
133884,044023722X 0452282152 0375700757 0060959037 0375705856 0679781587 0060930535 0446605239 0440211727 0767900383
133886,0375725784 0439064872 0439136369 0385504209 0316284955 0679746048 0452269571 0142001740 0060928336 0316777730
133905,0316666343 0156027321 0142001740 0345361792 0316096199 0452282152 044023722X 0385484518 0060987103 0312305060
133910,0385504209 0446605239 0060928336 0345339681 0060921145 0440211727 0679734775 0679781587 0316284955 0440221471
133935,0345339681 0345339703 0316666343 0385504209 0439064872 0439136369 0060929871 0451176464 0066214122 043935806X
133957,0345339681 0385504209 0345370775 0451524934 0345417623 0345342968 0385503822 0345378490 0316769487 0446310786
133958,0385504209 067102423X 0553582755 0060502258 0345417623 0156027321 0553580221 0061015725 0671027360 0312995423
133962,0786881852 0786868716 0446532231 0842329129 0743236742 0842329218 0842329242 0842329250 0842332251 0060256737
134005,059035342X 0060928336 0452282152 0312278586 0060915544 0316666343 0446605239 0439064872 0375707972 0804106304
134029,0515132020 051513287X 0515131229 0515128554 0515128546 0515126772 0515135062 0373218397 0515136530 0515136379
134031,0385504209 0684872153 0316666343 0312195516 0440234743 0679781587 0449005615 0380731851 0345417623 0684874350
134038,3442541751 3423202327 3492045170 3150000017 3423201509 3257229534 325722575X 3423202947 3426029553 3257227809
134076,0345339681 0441172717 0440225701 0345417623 0345354613 0345378482 043936213X 0345339738 0345339711 044651652X
134118,044021145X 0440214041 044022165X 0316769487 0345413350 0440211727 0375707972 0671021001 059035342X 0440221471
134120,051513287X 0515132020 0515131229 0515135062 0515130389 0553582747 0446612545 0385504209 0515128546 0515126772
134137,0446607657 0446612790 0446610038 0440224764 0316776963 0425163407 0316693006 0316969443 0380718340 0385497466
134225,0671003755 0380789019 0671021001 0553572997 0060928336 0060976845 0446310786 0679746048 0316284955 067976402X
134247,0440241537 0440234743 0440221471 0440224764 044022165X 0440236673 0446611212 0671027360 0380731851 0425185710
134264,0345370775 0440222656 0842329218 0440213525 0446672211 0842329129 0385265700 0440241073 0743237188 059035342X
134278,0156027321 0316769487 0671027360 0380002930 0060929871 059035342X 0684801523 0060502258 0345339703 0451524934
134294,0312291639 0440211263 0446611867 0440226430 0440235596 0385335482 0671036505 0140293248 0671534734 038079487X
134302,0312966091 0671001795 0060976845 0312980140 0312971346 0312966970 0385335881 0312983867 0060928336 0385335482
134311,0061009059 044021145X 0440220602 0440213525 0060915544 0440236673 0440241537 0440211727 0440224764 0312966091
134347,0156027321 0060938455 0316769487 0345370775 0345417623 0441172717 0316776963 0345378482 0312305060 0441790348
134403,0316769487 0446310786 0380002930 0345413377 0060392452 0553211404 0060987103 0064407675 0061020710 0064472272
134434,0316666343 0316769487 0385504209 0440220602 0671021001 0399501487 0743418174 0375725784 0451524934 0804106304
134467,0061009059 0375706771 0312966091 0312983867 0312966970 0312971346 0446605239 0316601950 0140298479 0312976275
134478,0140298479 0385484518 0671027360 0446605239 0440222656 0446608955 0452282152 0440226430 0446672211 0060930535
134483,068484477X 0804106304 0060915544 0060916508 0060959037 0553272535 067976402X 0316776963 0670032379 0804114986
134508,0671027360 0553572997 0446604666 0671027387 043935806X 0446675059 0440241537 0446612545 0553582364 0553278029
134525,0345348036 0671510053 0446606189 0312976275 0375700757 0312995423 0312265859 0345391055 0441790348 0312980140
134529,0385504209 0671027360 0316666343 0060938455 0312195516 0446532231 0452282152 0142001740 0525947647 0316776963
134556,0345417623 0060929871 0451163966 8408043641 0451524934 0312924585 0140298479 0142001740 8432206407 0345342968
134566,3442541751 3150000017 3423201509 3492045170 3423202327 3426029553 325722575X 3257229534 3423202947 3257227809
134596,0671027360 0385504209 0446611212 0316666343 034541389X 0440236738 0446612790 0440236703 0446609404 0446612545
134621,2253063339 2253150711 2253044903 2266023039 2070360024 2253057843 2205054252 2070408507 2253005274 2253152846
134630,0066214122 0440234743 0345402871 0312924585 0345370775 0345353145 0440206154 034540288X 0345378490 0425155404
134641,0452282152 0679781587 0385722206 0425175405 0345361792 006101351X 0385484518 0385504209 0385497466 0385474016
134663,0451526341 0451524934 0380977788 0440180295 0349101779 0060502258 0140620109 0441569595 0140620222 0316769487
134684,0425175405 0425163407 0425147622 0440224764 0380718332 0380718340 0425158616 0446364193 0446601241 0446607657
134694,0425124347 0451160525 0451156609 0380789035 0451190491 0451190548 0451190564 0061009059 0451147367 0451188462
134705,0439064872 0439136369 0385504209 0452282152 0439139600 043935806X 0316666343 0142001740 0312195516 0446532231
134732,0553572997 0375725784 0385265700 0452282152 0316601950 0142000205 0142001430 0385720106 0449907481 0446364193
134761,0446607657 0345441036 067102423X 0553582755 0553580221 0451176464 0451177096 0451184963 0446612790 0446605484
134776,0440234743 067976402X 0446672211 0446605484 044021145X 0446612790 055356451X 0553571885 0515135739 0553582526
134784,0786868716 0385484518 0316969680 0142001740 0345361792 0385490992 0684874350 0385486804 0385497466 0385512104
134797,0446605239 0446672211 0446611867 0440222656 0440241073 0446610038 0446613436 0446525502 0446608955 0446610399
134833,0553572997 044021145X 0399501487 0449212602 0385504209 0380703882 0062502182 0345351525 0425152251 0375725784
134835,067976402X 0679429220 0446672211 0345361792 0385492081 0345424719 0385265700 068484477X 0140293248 0345439104
134837,0316769487 0140620109 0140620222 0099771519 0140620184 0804106304 043935806X 0140620338 0345348036 0440211727
134863,0440224764 044023722X 0446610038 0345417623 0140293248 0440241073 0553582755 0440225701 0446672211 0440236673
134884,0446672211 044651652X 0446611085 0375707972 0446364193 0440235596 0375706771 044021145X 0425167313 0380018179
134886,0345417623 0345339681 0316769487 0345370775 0345339703 0345342968 0312924585 0451524934 0345339738 0441102670
134890,3442541751 3492045170 3150000017 3423202327 3423201509 3423202947 3257227809 3426029553 325722575X 3257229534
134900,0316666343 0671021001 044651652X 0312195516 0375706771 0385484518 0440226430 0375707972 0446608955 0060928336
134948,0375412824 0345445848 0446394521 0553279912 0375727345 0375726403 038550120X 0140293248 038533334X 0446605239
134986,0385722206 0142001740 0060934417 0142001430 0375726403 0312305060 0345438329 014029628X 0375412824 0375727345
134999,0842329242 0439064872 0842329250 0842329269 0842329277 059035342X 0439136369 084232920X 0842332251 0842329285
135006,0446607657 0553572997 0385498802 0380731851 038542017X 0060987561 0064407667 0064471101 0446605484 0060934417
135043,0385504209 0385511612 0385508042 0385503822 0671027360 0385490992 0385497466 0385510438 0316693006 0316969680
135045,0345353145 0440214041 0345337662 0345378490 0312195516 0312924585 0312976275 0312980140 0671001795 0553580221
135061,0345384466 0345313860 0345337662 034538475X 0345351525 0345404319 0345409671 0345422384 034540288X 0345350499
135064,0440487617 0440401585 0446672211 0446310786 0440405483 0440226430 0064400557 0064407055 0439136350 0345303067
135129,043935806X 0060987561 0441569595 0446532231 0671021001 0439139597 0439064864 0345361792 0609804138 0439136350
135141,044023722X 0440221471 0440241073 044022165X 0553280341 0440234743 0449221512 044021145X 0440214041 0553271636
135149,0142001740 059035342X 0671027360 044022165X 0440223202 0449221490 0440221471 0440234743 0440221595 0425175405
135170,0679781587 0684874350 0316776963 0449005615 0385512104 0446310786 0060958022 0679429220 0316601950 014028009X
135176,0684872153 067976402X 0804106304 0743225406 0671510053 0425152251 0316666343 0394223802 0345387651 0142000205
135185,068484477X 0804106304 0060915544 067976402X 0452282152 0142001740 0671510053 0151008116 0684872153 0385265700
135228,0345443284 0446679593 0440226430 0375706771 0446611867 0061097101 0316899984 014023313X 0380730138 0375727345
135241,8408043641 0312924585 8445071416 8432206407 8433969978 0452282152 0316666343 8420616893 038082101X 8477204055
135265,0060930535 0060392452 0345387651 0440211727 0425121259 0345378490 0451183665 0446364282 0316096199 0373790945
135277,0380731851 0316096199 0375705856 0671708635 2253063339 0385484518 0312986343 0590353403 2253150711 0747546290
135280,0316769487 0345342968 0312291639 0446310786 0345361792 044023722X 0671041789 0679781587 0380002930 0399501487
135296,0439064872 059035342X 0439136369 0439139600 0439064864 0440221471 0553260111 0439139597 0439136350 0440213525
135313,8408043641 0140298479 0440108268 8433969978 0312924585 8445071416 8432206407 0679723161 0440224675 0060562080
135317,0142001740 0312924801 0553250531 014029628X 0451203771 0440202043 0515132020 0440223202 051513287X 0385722206
135321,0385504209 0060938455 0316569321 0671027360 0385332963 0060930535 0671250671 0312278586 051513225X 0156027321
135329,0671510053 0679429220 0679781587 0345361792 067976402X 0375726403 068484477X 0316569321 0446672211 0061097314
135351,0060502258 0449005615 0441003257 0060934417 0380789035 0446670251 0060987529 0451166892 0061020710 0385492081
135359,034540288X 0345378490 0345380371 0345353145 0440206154 0345337662 0440222656 0345378482 0312924585 0345417623
135360,0385484518 0452282152 0316569321 0684874350 067976402X 031242227X 0099771519 0439064872 067976397X 0316776963
135367,3442541751 3150000017 0451172817 0451167317 3492045170 3426029553 3423201509 3423202327 3257229534 325722575X
135376,051513287X 0312983271 0425183971 0515135062 0441008534 0515132187 0515133973 0515133876 0441009239 051513628X
135383,0451172817 0451156609 0451167317 0451169522 0451176464 0451168615 0451160525 0451177096 0451169514 0451155750
135395,0375706771 0142000205 0060928336 0345443284 0316601950 0316666343 0316899984 0385265700 0385484518 0375707972
135398,0671027360 0156027321 0312195516 0345350499 0385484518 0140067477 043935806X 0345342968 0399501487 0316666343
135411,0142001740 0312195516 067976402X 0375726403 0345439104 0671003755 0375727345 0316601950 0375707972 0345361792
135458,0452282152 0345350499 0439136350 043935806X 0439064864 0439139597 0743227441 059035342X 0345339711 0812548051
135460,0060976845 0399148027 0312278586 0670894605 0070212570 0142000205 0380730138 0446675059 0375502238 0316781142
135469,0312195516 0316601950 0060391626 0671021001 0316284955 0060928336 0316666343 0375706771 067976402X 0671003755
135473,0440241073 0440234743 0671027360 0440226430 0312983824 0385265700 0451205421 0440211263 0446608955 0140298479
135555,0140293248 0312278586 8806143042 880781210X 006101351X 014028009X 0385335482 0060502258 8845215989 8845237303
135609,0345361792 044021145X 0425180638 0440225701 0142000205 0679731148 0385493800 0440224764 0380731851 0385490992
135624,0553279378 0345339703 0684801523 0452268060 0316776963 0064400557 0062502182 0380012863 0380002930 0451197399
135625,0330332775 0380012863 0380727501 0140430725 0330367358 0380002930 038549081X 0345380371 0060392452 042510107X
135653,0385504209 0439064872 0345337662 0345339681 0345342968 002542730X 0439136369 043935806X 059035342X 038542017X
135665,0345313860 0345351525 034538475X 0345384466 0452282152 044651652X 0440498058 0345404319 059035342X 0345397819
135673,0552131059 0380789035 0552134627 0552134600 0380789019 0552147680 0552146153 0380002930 0061092177 0590660543
135681,0099771519 0552996009 0330332775 0552137030 0330367358 000649840X 0552124753 0552998486 0590660543 0552996181
135703,002542730X 0142001430 0385335881 0312274920 0380012863 0413537900 0451169530 0446611867 0060096195 0385336179
135736,0446610038 0312971346 0312980140 0312966091 0061009059 0446611212 0312976275 0671001795 0312983867 0446608815
135753,0385504209 0515131229 0312291639 0345342968 0452282152 0345417623 051513287X 0446608955 0515132020 044023722X
135766,0440214041 0446354678 0440211727 0553572997 0446364193 0553250426 0446350109 0440217547 0425107469 0446672211
135768,0156027321 0671027360 0312966970 0312306326 0312971346 031298328X 0385504209 0312966091 0452282152 0312980140
135776,059035342X 0441003257 0452282152 0380789035 0316779423 0553572997 0060930535 0439064872 0316777730 0060976845
135778,0671003755 0345337662 0316769487 0345351525 0060930535 0060938455 0312195516 0679429220 0375702709 0446672211
135785,0446672211 0440226430 044021145X 0316666343 0440213525 0446610038 0671004530 0446364193 0446605239 0316284955
135799,0446610038 0446364193 0446604801 0446606189 0446605484 0446611212 0446601241 0380718332 0425154092 0380718340
135831,0316601950 0385722206 0452282152 0385720106 0060928336 0679781587 0060930535 014029628X 0142001430 0375727345
135833,0451203771 0684872153 0440226430 0440235596 044022103X 0385335482 0345459202 0671021001 0440213290 0446611867
135869,0515095826 0553268880 0312265859 0515087122 0312995423 0515093203 0385504209 0515090174 0446672211 0515102652
135872,0142001740 0380789035 0060934417 0375727345 0064407667 0446394521 0440414806 0345391802 0060928336 0440206154
135873,044021145X 0316601950 0446672211 0140257934 0440220602 044022165X 0452282152 0140265686 0440224764 044651652X
135885,0552124753 0552131075 0552131067 0552131059 0552128481 0552134627 0552145424 0552134651 0552140295 0552134643
135895,059035342X 0439064872 0440222656 0452264464 0345342968 0425147622 0380789035 0345370775 0345314255 0553289411
135902,0786868716 0425154092 0684862719 0091867770 0060392452 068483376X 0140131558 0062502182 068484267X 080410526X
135911,0671021001 0316601950 0385504209 0385335482 0316666343 0060502258 0446670251 0385484518 0375706771 0345350499
135919,0061009059 0553573403 0345413350 0441005241 0441000916 0345423615 0765342987 0441304834 0142001430 0553262505
135957,0316284955 0671021001 0312195516 0316601950 067976402X 0446608955 0671003755 0060391626 0440241073 044651652X
135959,0425154092 0440224764 0425169863 0380718332 0446610038 0425175405 0380718340 0425147622 0446607657 0425158616
135965,0142001740 0060502258 0440211263 0440222656 0440235596 0446606812 0440221595 0452282152 0312291639 0446610399
135975,0345313860 0140298479 0440223202 0553250426 0060928336 0449212602 0439064864 0375700757 0517580497 0590353403
135988,0156027321 0060934417 0142001430 0452282152 0375726403 0385504209 0142001740 0060987103 0312195516 0385722206
135996,0440225701 0440224764 0440214041 0440236673 0440234743 0440211727 0440221471 044022165X 0440220602 0425154092
136010,0060928336 0060976845 0553572997 0553582747 0062502182 0425121259 0060987103 0553268880 0425124347 0440226104
136011,0380018179 0345337662 044021145X 0345384466 0515090174 0515102652 0380977788 0345350499 044022165X 0515115649
136014,0312291639 0316769487 0385335482 0385504209 0060976845 0446310786 044023722X 0452282152 0671021001 0345342968
136021,8408043641 8433925180 8445071416 8432206407 8433969978 0375725849 8477204055 8478884955 8423310353 8420616893
136022,0452282152 0060930535 0142001740 0060976845 0671003755 0316601950 0375707972 0452282829 0375727345 0142000205
136025,0316666009 0316969680 0385490992 0399145087 0385497466 0316693006 0316666343 0316602906 0375413634 0679446486
136037,3442541751 3150000017 3492045170 3423202327 3423201509 0385504209 059035342X 325722575X 3423202947 3257227809
136062,0345370775 0440224675 0345353145 0345378490 034540288X 0345369947 0345417623 0345380371 0345391055 0345378482
136071,0316666009 0385508042 0316693200 0385511612 0316603570 0316693006 0385504209 0316603287 0399150897 0312263120
136104,0316601950 0140293248 0375706771 0312195516 0316666343 0385484518 0060930535 0060959037 0142000205 0316284955
136135,0553582747 0440206154 0425153975 0345417623 0449006522 0553580191 0345386108 0345384369 0446611808 0312291639
136136,0446605484 0553582747 0446611212 0316666343 0553580221 0440241073 0446612790 0440234743 0446607657 0446610038
136137,0312195516 0385504209 0679781587 0345337662 0671689746 0345369947 0553572997 0312201656 0380814803 0671880608
136139,0609804138 0316666343 0316781266 038572179X 0060987103 031242227X 0060958022 0684857820 0316776963 0345438329
136193,0316666343 0142001740 0375726403 0312195516 0312305060 0452282152 0449005615 0060934417 0156027321 0375412530
136205,0060928336 0671617028 0380002930 0316769487 044021145X 044651652X 0385720106 0553268880 0440226104 0440241073
136213,059035342X 043935806X 0394820371 0441003257 0440487617 0440498058 0446310786 0446679593 0440219078 0440220653
136234,0385504209 0452282152 0316666343 0312305060 0312291639 0671003755 0060930535 0679781587 0060959037 0375726403
136237,0316666343 0440226430 0385484518 0446605239 0446611867 0425107469 0446606812 0553582747 0842329129 0842329218
136240,051513628X 0316769487 0804106304 0375707972 0446605239 0440206154 0446606812 0380789019 0060502258 0452282152
136251,0316096199 0151008116 0349101779 0679781587 0515131229 0552996181 0553296981 0552124753 0515128554 0425154092
136252,0060928336 0345313860 014028009X 0345351525 034538475X 059035342X 0345384466 0439064872 0385479565 0679429220
136255,0842329218 0842329129 0842329242 0842329250 0312195516 0842329269 0316769487 0842329277 0440222656 038542017X
136291,0345369335 0671003755 0345368932 0399144463 0345314255 0345313860 0345362861 0609610597 0451172817 034529873X
136305,8408043641 038082101X 0375725849 8445071416 8433969978 0140298479 8432206407 0312924585 8401328942 0060927216
136306,0842329218 0385484518 0842329129 0786868716 0842329242 0446611867 0842329250 0842329269 0310205719 0446519138
136313,0312195516 0440222656 055321313X 0380018179 0440212561 0385511612 0399144463 044022425X 0553250426 0345370775
136326,0312980140 0312306326 0553802496 0385503822 0316969680 0316666009 0312990456 0312983271 0399147195 0316693200
136348,0060934417 0345438329 0061009059 0375726403 0399148027 0316666343 0385722206 0312980140 0743418174 059035342X
136350,0345370775 0345353145 0312278586 0345380371 044021145X 0440211727 0345339681 0451166892 0440214041 0345417623
136362,0312983271 0312971346 0515126772 0312966970 0515128546 0060392452 0316569321 0373218397 0312976275 0515128554
136363,0375706771 0446672211 0671003755 0312278586 0062502182 0316601950 0679746048 0385335881 038533334X 0671021001
136371,0446310786 0316769487 0380002930 0312278586 0684801523 0345342968 0451526341 0425152251 0375707972 0060929871
136382,0449221512 0449221482 0425158616 0446672211 0312986343 0440226104 0449223612 051513287X 0553271636 0345361792
136396,0451176464 0451167317 0451184963 0451156609 0451172817 0439139597 0451180232 0590353403 0439136350 0451163524
136419,0385335482 0385335881 0312291639 0743418174 0385336179 0060928336 0375727345 0060976845 0141000198 038079487X
136420,0345353145 044022165X 0316666343 059035342X 043935806X 0743418174 0345337662 042513525X 0425107469 0151008116
136425,0345335465 0345362861 0345368932 0345384911 0345368991 034529873X 0345253736 0345339495 0671721291 0345334310
136430,0440487617 0446608955 0440401585 0446310786 0064407055 0394820371 0439136350 0064407667 0441005489 0385730586
136439,0316666343 0385503822 0446672211 044651652X 0345337662 0316601950 0385505833 0060928336 0345443284 0375706771
136465,0316769487 059035342X 0312195516 0679781587 0312966970 044651652X 0312966091 0140119906 0316666343 0425152251
136477,2253063339 2253150711 2253044903 2070360024 2266023039 2205054252 2253057843 2290311782 2253152846 2070408507
136491,059035342X 0312305060 0679781587 0312195516 0345342968 0385722206 0345339711 0380002930 0671027360 0060921145
136551,0671027360 0380789019 0312995423 038070613X 0446605239 043935806X 0399501487 0393319296 0553277472 0380002930
136560,0140293248 0312278586 0385335482 014028009X 0312422156 880781210X 8845237303 006101351X 0156012197 0316666343
136561,0312195516 0679781587 0452282152 0060928336 0142001740 0060930535 0385722206 0446672211 0060959037 0060987103
136579,8408043641 0671003755 8432206407 8445071416 0452282152 8478884955 8433969978 0142001740 0440206154 8420616893
136585,2253063339 2253150711 2253044903 2266023039 2070360024 2290311782 2253057843 2205054252 2253152846 2070408507
136616,0385503822 0316693006 0385508042 0385504209 0316693235 0316693200 0385511612 0316569321 0446531332 0316602906
136638,0439064872 059035342X 043935806X 0439139597 0439136350 0439064864 0590353403 0064407667 0345339703 0345339681
136662,0156027321 0316666343 0142001740 0316776963 0679781587 0440414806 0385504209 0449005615 0553375407 0375703861
136667,0316666343 0312278586 0743418174 0786868716 0446607657 0385484518 0446532231 0385504209 0385335482 0440220602
136676,0385504209 0385484518 0345339681 0446611867 0399144463 0060502258 0312966970 0312983271 0061009059 0804106304
136695,0553574663 044922046X 055357258X 0553572040 0553574639 0553560247 0060976845 0316601950 0060502258 0553578316
136735,0385504209 0385510438 0399150897 0316603570 0316602906 0316693006 0385511612 0385508042 0553802496 0316693200
136747,0064407667 0380789035 0064407675 059035342X 0316769487 0439136350 0446608955 0064407683 0451526341 0786817070
136791,0316601950 0446672211 0375727345 0142000205 0060976845 0060987561 0060928336 0385265700 0671021001 0452282829
136829,0385504209 0440234743 0671027360 0440225701 0345339703 0345339738 0440211727 0061015725 0345339711 0440241073
136851,0060928336 0140293248 014028009X 0743418174 044651652X 0679781587 0316666343 0385335482 0440224675 0804106304
136903,0345348036 0375700757 0345413369 0156528207 0064408647 0345446860 0451171357 0064408639 0064408655 0446527033
136905,8408043641 8432206407 8433969978 8445071416 8478884955 8420441708 8477204055 0312924585 8420616893 0440212561
136908,0380789035 0380789019 0553582747 0061020702 0380813815 0441003257 0061020699 0446611212 0385492081 067976402X
136909,0345423402 0345350499 0345417623 0345423429 0345435273 0345423399 0515133876 0440212561 0060928336 0312979975
136916,0515132020 0515126772 0515121843 0515133973 0515130389 0515135062 0446611867 051512317X 0515132187 051512608X
136923,0679781587 0312195516 0156027321 0446672211 0312305060 0671021001 0425192725 0385265700 068484477X 0385492081
136943,0452282152 0142001740 0375726403 0385504209 0446672211 0316666343 0385722206 0151008116 0375727345 0060934417
137000,0385336179 0345378482 0553296981 0440219078 0441005489 0312291639 0553262505 0345313860 0425180638 0446605239
137006,3442541751 3492045170 3150000017 3423202327 3423201509 3426029553 3257229534 325722575X 3423202947 3257227809
137077,0446672211 0671003755 0142000205 0385265700 067976402X 0671021001 0140244824 0440226430 0385504209 0142001740
137082,0375504397 0345444884 067102423X 0380789035 0066214122 0345441036 0553582755 067976402X 0553582747 0670868361
137118,0385505833 0345378490 0440213525 0345339711 0316666343 0440224764 044023722X 0385503822 0425175405 0345348036
137134,0440220602 0446611212 0446604801 0446601241 0316666343 0446364193 0316693006 0440213525 0446667900 0425147622
137137,0345353145 044021145X 0345391055 0345417623 0345370775 0345380371 0440206154 0345378490 0312924585 0440224675
137143,0440234743 044023722X 0440224764 0440221471 044022165X 044021145X 0440236673 0440213525 0440225701 0440241537
137190,0440224675 0099771519 0440206154 0099387913 0099747200 0316666343 0552998001 0385479565 014012389X 000649840X
137211,0345380371 0312195516 059035342X 0449212602 0439064872 0439136369 0345370775 0440211727 0449219364 044023722X
137222,0345335465 0345362861 0345327861 0345368932 034529873X 0440215625 0345347536 0345316002 0345335082 0345253736
137283,0375707972 0060392452 006016848X 0316780375 0060987529 0316779423 0345443284 0060938455 0140119906 0060959037
137327,0312966970 0553280414 0449212602 0061009059 0671617028 0312971346 0515131229 0446677450 0425178765 0345370775
137336,0345337662 0553250531 0345378482 0812548051 0590353403 0812511816 0345285549 0812517725 0345378490 0345339703
137348,0446310786 0140298479 0375725849 0440213525 0440220602 0451526341 0451167317 0553273914 0385498802 0440214041
137384,2253063339 2253150711 2253044903 2070360024 2266023039 2290311782 2253057843 2253005274 2205054252 2070408507
137397,2253063339 2253150711 2253044903 2266023039 2070360024 2205054252 2253057843 2253005274 2070408507 2277260029
137413,3442541751 3492045170 3423201509 3150000017 3423202327 3426029553 3257229534 325722575X 3423202947 3257227809
137434,0671027360 0671027387 043935806X 0066214122 0345339681 0440211727 0380789019 0380789035 0345339711 0671004107
137437,0385336179 0425175405 0425154092 0449003795 0385335482 0380718340 0425180638 0425169863 042516098X 0449221482
137480,0345337662 0345384466 034538475X 0345351525 0345313860 0671670689 0345369947 0451153553 0345404319 0345397819
137497,0060930535 0671027360 0385504209 0375725784 0140293248 0316666343 0312421273 0375706771 0140298479 0375703861
137513,0375706771 0345443284 0385265700 0375727345 0440226430 0316601950 0140244824 0446672211 0316569321 0316666343
137524,0142000205 0671021001 0385265700 0316769487 0316666343 0375727345 0312291639 0684872153 0440222656 0446672211
137539,0440234743 0425180964 0345417623 0446608262 0425191184 0425180050 0312982518 0440236673 0671042262 0425170349
137587,0375707972 0345361792 0671003755 0142000205 068484267X 0671021001 0440180295 0385265700 037570504X 0375706771
137588,0142001740 0316666343 0679781587 0316601950 0316569321 0070212570 0671003755 0060173289 0375700757 0312305060
137589,0446310786 0345339703 0316666343 0451526341 0316284955 0345339738 0070212570 0142000205 067976402X 0440226430
137601,0091867770 0345413873 0425144429 0380731851 0425172546 0446603716 0446603422 0380817691 0446359866 0440206154
137620,0385504209 0375725784 0060392452 0316776963 0452282152 0385722206 0156027321 0671027360 039592720X 0312282990
137627,034538475X 0345384466 0451160525 0345409671 0060928336 0451180232 0345422384 0451156609 0451172817 0451169530
137663,0375504397 0670844527 0670839531 0670855030 0452279178 0670858692 067102423X 0451176464 0670813028 0525941908
137672,0345348036 0671510053 044651652X 0156528207 0451191145 0345391055 0786881852 0671250671 0440224705 0446606189
137678,3442541751 3150000017 3492045170 3423202327 3423201509 3257229534 3423202947 325722575X 3426029553 3257227809
137684,0440241537 0440241073 0440234743 0446612790 0425180638 0446611212 0440236673 0449003787 0385504209 0440224764
137688,067976402X 0380789035 0380813815 0060502258 0446610038 0345361792 0446675059 0345391802 0385722206 0446310786
137742,0439139597 0515128546 0515128554 0515136530 0439139600 0439136369 0515130389 0439064872 0515135062 0373218397
137766,3442541751 3492045170 3150000017 3423201509 3423202327 3423202947 3426029553 3257229534 325722575X 3442092981
137803,0316769487 0451524934 0440180295 0140620109 0446606812 0140620427 0140620222 3150000017 0671727796 3442541751
137816,0451524934 0060929871 0316777730 0671021001 0399501487 0375725784 0440180295 0684801523 0425152251 0679735771
137942,8408043641 8432206407 8445071416 8433969978 8478884955 8477204055 8420616893 0312924585 8466307125 8423310353
137966,0061015725 0440241073 0440236673 0552137030 0060392452 0440234743 0345391055 0099771519 0312291639 0099387913
137968,0312995423 0446604666 0385504209 0671027360 0425180964 0446611778 0061015725 0425185710 0425150143 0440241537
137986,014028009X 0375725784 0743418174 0060987103 0060938455 0452282152 0385335881 0385336179 0440220602 0385335482
138010,0440236673 014028009X 0671027360 0060928336 0385335881 0385335482 0060976845 0385336179 0140298479 0316776963
138018,0142001740 0452282152 0312305060 0060934417 0142001430 0385504209 0312195516 039592720X 044023722X 0679781587
138045,0684872153 0671727796 0060392452 0399501487 0446532231 068484477X 0451184963 0440211727 0671021001 0804106304
138073,0552137030 0552131067 0552124753 0552998486 0552996009 0091867770 0590660543 0552131075 0099771519 0553271636
138097,0451186362 0451184963 0451172817 0451180232 0451160525 0451163524 0451156609 0451188462 0451176464 0425105334
138100,059035342X 0439064872 0786868716 0439136369 0064471101 0064405052 0842329218 0064404994 0060502258 0679429220
138124,0316769487 0449212602 0156528207 0140620222 0440211727 0380778556 0140620427 0140620184 0316666343 0060987103
138132,0345370775 0553275976 0375707972 0345337662 0345378482 0553277472 0140077022 0394223802 0553268449 0385474547
138138,059035342X 0142001430 0446610038 0385722206 0553572997 0446679593 0609610597 0399144463 0312291639 0553375407
138176,0446672211 0316666343 0316601950 0440226430 0375706771 0375707972 0385265700 0142000205 0060928336 0671038184
138180,0312983824 014028009X 0316666343 0446672211 0312278586 0440226430 0345435168 0142000205 0345438329 0446675059
138189,0312195516 0446672211 0452282152 0452282829 0312291639 0060976845 0142001740 0345443284 0316601950 0060959037
138193,0440235596 0440221595 0142001740 0440211263 0451203771 0440223202 0385492081 0449003795 0449003787 0375700757
138198,0060928336 0312291639 044023722X 0142001740 0316776963 0452280621 0060921145 0385484518 0345348036 0060959037
138202,0425180638 0425154092 0425147622 0380718340 0425175405 0446610038 0380717018 044021145X 044023722X 0449003787
138220,059035342X 0439064872 0439139600 043935806X 0439139597 0385504209 0439136350 0439064864 0345339703 0060928336
138239,0312195516 0345417623 0440211727 0345361792 044021145X 0842329129 0345337662 0446605239 0140119906 0553250426
138259,044021145X 0440211727 0446359866 0440234743 0440213525 044022165X 0446604666 0553572997 0345380371 0345402871
138280,044023722X 0786868716 0452282152 0316096199 0804106304 0440234743 0345337662 0316666343 0440241073 0743418174
138284,0316666343 0316096199 0345348036 0345337662 0060987529 0743418174 0060987103 038089968X 0671550551 0312291639
138301,0452282152 0385504209 0312195516 0060959037 044023722X 0156027321 0312291639 0679781587 0446672211 0316666343
138307,0060928336 0439064872 0345313860 0439136369 0345337662 0060502258 0345351525 0345339703 0345384466 0345342968
138330,0345353145 0385486804 0345370775 0385492081 0345378490 0440206154 0345380371 0312924585 0345391055 0345402871
138368,3442541751 3150000017 3492045170 3423201509 3423202327 3257229534 325722575X 3423202947 3257227809 3426029553
138372,0060928336 014028009X 0316666343 006101351X 0316776963 0446605239 0345313860 0316096199 0670892963 0345337662
138379,0312195516 0142001740 0385504209 0156027321 0312305060 0385722206 0679781587 0060959037 0312291639 0060938455
138380,0385486804 0060930535 0679781587 0375725784 006101351X 0449005615 0385492081 0060976845 0345387651 0060928336
138382,014025448X 0399144463 0140257934 0140265686 0316666343 0385484518 0070212570 059048351X 055321313X 0312195516
138393,0312278586 0553250426 0345378490 014029628X 0345417623 0671004107 038079487X 014100018X 0743418174 0425162443
138397,0385505833 0316666343 0312278586 0375727345 0312291639 0380731851 0316776963 0060934417 0385504209 0385335881
138425,067976402X 0451191145 0441790348 0316601950 0380789035 0441569595 0345342968 014025448X 0375727345 0345370775
138437,0316601950 0061009059 0060976845 0375706771 0375707972 0446672211 038079487X 0060502258 0446605239 0425162443
138441,0060934417 0439425220 0060987103 0671004107 0099771519 0385507593 0385730586 0446532231 0743418174 0345404114
138455,3442541751 3423201509 3492045170 3423202327 3426029553 3150000017 325722575X 3423202947 3257229534 3442092981
138467,059035342X 0439136369 0439139600 043935806X 0439139597 0439136350 0439064864 0345342968 0064407667 0446608955
138515,0316666343 0440226430 0345413350 0316781266 0142000205 0446606812 0375707972 0553582747 0446610399 0446310786
138525,0345337662 0345350499 0553573403 0345335465 0380789019 034538475X 0345314255 0345335511 0765342987 0345384466
138529,0140298479 0375725784 0060930535 0385504209 0385335482 0679781587 0140293248 0446670251 044023722X 0312422156
138543,0345337662 0345384466 0060502258 0316769487 0312924585 0345370775 0446365386 0394820371 0345339681 0064407675
138546,0552137030 0552996009 0099771519 0091867770 0060938455 0349101779 0330332775 0590660543 0380789019 0552996181
138578,0316569321 0316601950 0142000205 0316769487 0671003755 0380730138 0312278586 0060391626 0440226104 0446364193
138602,0439139597 0385504209 0399144463 0590353403 0064407667 0439064864 0553296981 0345368932 0439136369 0671027360
138641,0425152251 0140293248 0156027321 0316776963 0060096195 0440213525 0385335482 0446310786 0385498802 0684874350
138647,0385504209 0316666343 0385508042 0312195516 0316603570 0385510438 0142001740 0399150897 0060930535 0671027360
138674,0451191145 068483376X 038542017X 068484477X 0446609404 0399501487 0446532231 0425178765 0446677450 0553375407
138690,0140177396 0515128821 0553572997 0060930535 0380002930 0060934417 0345350499 0380717018 044021145X 0312979533
138703,0345337662 034538475X 0345351525 0345384466 0345342968 0345313860 0345397819 0345339681 034540288X 0345353145
138744,0316666343 0312195516 0060930535 0060928336 0312291639 044023722X 0060959037 080410753X 0060977493 0142001740
138777,0452282152 068484477X 0671003755 0060977493 0060976845 0060928336 0064400557 0375702709 0345350499 0316601950
138813,0316666343 0385504209 0151008116 0553560735 038572179X 0452282152 0375725784 0439064872 0553580272 0671027360
138826,0375727345 0375706771 0786868716 0060928336 0142001740 0385504209 0375700757 0140067477 0345443284 0553375407
138833,0385504209 0380789035 0380789019 0380813815 0380977788 0316666343 0312282990 0446532231 0142001740 0552137030
138844,0375703063 0142000205 0385265700 0060928336 0451202341 0452269571 0446608955 0140298479 0385335482 0440226430
138849,0425180638 0425182908 0425178765 0446605409 0425182878 0671027360 0345413903 0440206154 0446602620 034541389X
138855,0345370775 0440224675 0312924585 0060392452 0316769487 034540288X 0345378490 0345353145 0345417623 0804106304
138867,0440222656 0553573403 0345350499 0345335465 0060392452 0452282152 0345413350 0765342987 0380789019 0345423402
138874,8408043641 8433969978 8432206407 8445071416 0316769487 0440241537 0812550706 8420441708 0312305060 0679429220
138883,0316168815 0440235162 0441569595 0060502258 0385474016 0671004107 0553278355 044023722X 0345378490 0060392452
138886,0446672211 0312195516 0316569321 044651652X 0440226104 0440214041 0679781587 0316666343 0449221482 0316601950
138906,0385335482 0385722206 0312278586 0446670251 0064472272 0156027321 0385730586 0452282152 014100018X 0385335881
138910,0316776963 0385484518 0679781587 0316666343 0060976845 0743418174 0316096199 0061009059 0142001740 0375726403
138951,0316666343 002542730X 0441003257 0679444815 0140257934 0385504209 034540288X 0064407667 0452282152 0140265686
138954,0743418174 0385722206 0375726403 0060934417 0345438329 0446672211 0316666343 0060987103 0375725784 0151008116
138955,0446672211 0312195516 0671003755 0375700757 0316666343 0060930535 0060391626 0316601950 0142001740 0345443284
138985,0385335881 0060096195 0385335482 0385336179 0385730586 0385335830 0385729332 0064472272 0312278586 0440414806
138995,0385504209 0439064872 0345370775 043935806X 0439136350 0439064864 0345378482 0590353403 0345353145 0439139600
139031,0440222656 0515102636 0380018179 0440184053 0060502258 051511992X 0440207622 0312278586 0446531332 0440167531
139070,0151008116 0316777730 0385504209 0312421273 0375726403 0312195516 014028009X 0156007754 0553277472 0679781587
139102,0425182908 0449003795 0446612790 0449223612 0449221512 0440241537 0446611212 0316602906 0449221482 0425175405
139126,0345314255 0345339681 0345337662 0345335651 0345335457 0345350499 0345338715 0345352661 0812548094 0345347536
139136,006101351X 0385492081 0671021001 0312278586 0060929871 044021145X 0671510053 0140177396 0345342968 0446310786
139141,0515126772 0515128554 0515131229 0373218192 0373218036 0515128546 0515121843 051512608X 0515136379 051512317X
139182,0345339703 0440221471 0345417623 0345339738 0156027321 044021145X 0060928336 0440241073 0553263226 042510107X
139206,0375707972 0312195516 0316769487 0312291639 0375702709 0142001740 0316781266 0375706771 0345443284 0440414806
139209,0380789035 0060502258 0441569595 0451524934 0316769487 0062502182 0439136369 0380002930 067976402X 0446608955
139221,0385504209 0345439104 0446672211 0060976845 044023722X 0061097314 0679781587 0316601950 0671027360 0452283205
139222,0385484518 0345353145 059035342X 0440211727 0064400557 0345370775 0345378490 0786868716 0446672211 044023722X
139229,0330332775 0099771519 0552137030 0330367358 0552124753 0590660543 0091867770 000649840X 0552131067 0590112899
139243,0156027321 0385504209 0316666343 0375700757 0385486804 0316776963 0060930535 0385722206 0375726403 0060959037
139245,0316769487 0064400557 0440498058 0446310786 0440219078 0345342968 0440998050 0380814021 0060915544 0440180295
139273,0060987561 0439139597 0553272535 014025448X 0439064872 0439136369 0515128554 0140042598 0515128546 043935806X
139286,0345387651 0743418174 0312966091 0316666343 0061009059 0312971346 0375727345 0312966970 0684862719 0312976275
139287,0316666343 0345370775 0440224675 0446310786 0786868716 0060502258 0451524934 0553375407 0345337662 0380778556
139300,043935806X 0375706771 0440212561 0312195516 0439139600 0345397819 0590353403 0345342968 0440215625 0439139597
139359,0142001740 0375727345 0312305060 0385504209 0060938455 0312195516 0156027321 0060934417 0312291639 0142004235
139376,0439136369 0439139600 043935806X 0439139597 0439136350 0439064864 0345342968 0312195516 0446608955 0786881852
139387,0385484518 0316601950 0375706771 0440226430 0446672211 0142001740 0671021001 0375707972 0060976845 0316899984
139421,0451156609 0451176464 0451188462 0440224675 0451184963 0451177096 0316769487 0451170385 0451172817 0451160525
139462,0552124753 0552137030 0330332775 0552131067 0099771519 0156027321 0552131059 0552996009 0590112899 0552128481
139467,0452282829 067976402X 0142000205 0060915544 0375727345 0553572997 0449907481 0380730138 0385265700 0671510053
139480,2253063339 2253150711 2253044903 2253057843 2266023039 2290311782 2205054252 2253005274 2070408507 2277260029
139513,0140293248 006101351X 014028009X 0060502258 880781210X 8845215989 8806166484 0385335482 8806143042 8876842527
139524,0345370775 0440219078 0316769487 0441003257 0786817070 0553296981 059035342X 0399501487 0553274503 0064407667
139548,0446672211 0060928336 0440241073 0671021001 0060930535 0440236673 0440221471 0440235596 0312291639 0440220602
139574,0316666343 0385335482 0060928336 0312966091 0671001795 0312980140 0312966970 0385335881 0312971346 0316096199
139575,0312195516 0671003755 0385722206 0425152251 0684874350 0316769487 0060921145 0446310786 0312305060 059035342X
139586,0385504209 0553572997 0316769487 0441569595 0393319296 0553277472 0385720920 0375725784 0312282990 0060938455
139598,0375700757 0671027360 0060392452 0060175966 0156027321 0385504209 0552137030 0380813815 0060977493 0349101779
139607,0312195516 0142001740 0312305060 0385722206 0140067477 0449223612 0375726403 0553250531 0425179672 0060932759
139634,0345370775 0345380371 044022165X 034540288X 0440214041 0440220602 0385492081 0345353145 0385504209 042510107X
139642,0156027321 0385504209 0142001740 0312305060 0062502182 0449005615 0385722206 0316776963 0060977493 044023722X
139706,044651652X 0345313860 0345351525 034538475X 0345384466 0446672211 0345369947 0743418174 0679429220 0345422384
139742,0060938455 0440226430 0380731851 0446672211 0345435168 0312291639 014028009X 038079487X 0316782505 0553279378
139747,0312195516 0060928336 0380018179 044021145X 0440214041 0446672211 0553250426 0375707972 0553572997 0671617028
139826,0312305060 0312291639 0312195516 0375727345 0375700757 0385505833 0452282152 0449005615 0679781587 038550120X
139827,0345413350 0345342968 0345417623 0312980140 0312195516 0312983271 0312983867 0345391802 0345353145 034540288X
139828,0385504209 0515131229 0312983271 0425178951 0316666009 0385508042 0316693235 0316693200 0515126772 0515128546
139835,0316666343 0316284955 0345417623 0060987103 0385265700 0060915544 0316769487 0316096199 0140244824 0140067477
139873,0446606812 0440211727 0451526341 0446310786 0399501487 0312278586 0446605239 0671021001 0440213525 0385730586
139884,0440235596 0385492081 8408043641 0151008116 8432206407 0345391802 8433969978 8445071416 0671003755 0060929871
139904,0345339681 0440414806 044048474X 0439049989 0590634275 034540288X 0440998050 0440220653 0316096199 039480001X
139907,0140430725 0316666343 055321313X 002542730X 0553279912 0553213148 0449212602 0553211404 0380778556 0156027321
139912,0385504209 0393319296 0385508042 0441790348 0060392452 0385498721 0385199570 0060929871 0375504397 0312282990
139913,0312966091 0142001740 0449221512 0553279912 0449221504 0312990456 0385484518 0312980140 0449223604 0446310786
139916,0446606812 0440211727 0451526341 0312278586 0446310786 0399501487 0671021001 0385730586 0446605239 0385335482
139934,0385505833 0671510053 0345443284 0375727345 0553572997 0446604666 0375706771 0385484518 0446607657 0684874350
139967,0140293248 038082101X 0679723161 0060936363 038542017X 0553213105 0679745203 0060914653 0553280589 0345391055
139991,0316666343 0312195516 0679781587 0553250531 0553250426 0590353403 0684874350 0439139597 0449212602 0679429220
140000,0156027321 0440214041 0446310786 0440213525 044021145X 0375703861 0671021001 0142001805 0375726403 0330332775
140005,0385504209 0375726403 0679781587 0312195516 0375725784 0060928336 0345439104 0316569321 0060938455 031242227X
140036,0842329129 0140254544 0842329218 0310205719 0842329242 0070212570 0345339681 0684872153 0842329250 0385484518
140069,0060938455 0060392452 0380789035 0446607711 0345370775 0345413350 0440108268 0553560735 0441003257 0441790348
140080,3442541751 3150000017 3423202327 3423201509 3492045170 325722575X 3423202947 3257229534 3442092981 3257227809
140087,0452282152 0316601950 0312274920 0330262130 0140298479 0345391829 0553572997 044651652X 0140042598 002542730X
140132,0671004107 0399501487 0553573136 0345370775 0440998050 0060392452 0451524934 0345337662 0441569595 044021145X
140133,0316601950 044651652X 0446611212 0446605484 0671004573 0446601241 0553292722 0446603716 0440226430 0553578022
140161,059035342X 0440206154 0385335482 0439064872 0312278586 043935806X 0439139600 0439136369 0446606812 0451177096
140167,0345339681 044021145X 0061092177 0345348036 0553260111 0380789035 0061020702 0440221471 0061057649 0061059072
140188,0375700757 0452282152 0375705856 0671027360 0449213943 0449005615 044023722X 0312976275 0553578685 0312986343
140196,0446310786 0060929871 0156027321 0451163966 0385504209 0345391802 0345342968 0679723161 0316769487 0451524934
140223,0345342968 0316769487 0399501487 0446310786 0345391802 0345337662 0451524934 0345313860 0440219078 0425152251
140226,3442541751 3150000017 3492045170 3423201509 3423202327 325722575X 3257229534 3423202947 3426029553 3257227809
140232,3442541751 3150000017 3492045170 3423202327 3257229534 325722575X 3423202947 3257227809 3426029553 3442092981
140255,0316601950 0312195516 0060928336 0316666343 0452282152 0060915544 0312278586 0060976845 0446519138 0345417623
140264,0671021001 0316666343 0446310786 0743418174 0142000205 0385335482 0385265700 044651652X 0375706771 0375756981
140291,3442541751 3423201509 3492045170 3423202327 3150000017 325722575X 3257229534 3423202947 3426029553 3257227809
140294,0671027360 0425152251 0345380371 043935806X 0553566040 038533334X 0446604666 044021145X 0451176464 0425170349
140335,0380723638 0425178951 0380725835 0312983271 0380725827 0446608955 0786868716 0671027360 0373218192 3423202327
140340,0060976845 0440241073 0312195516 0440236673 0446672211 0060959037 0345337662 0385484518 0142001740 0060930535
140341,0064400557 059035342X 0440219078 014131088X 002542730X 0439064872 0671027344 0312278586 0064472272 0385730586
140357,0156027321 0385504209 0375725784 0786868716 0439064872 0671027360 0380789035 0140067477 0449005615 0385484518
140358,0440226430 0385497466 0440206154 0446601241 0446603716 0060392452 044651652X 0316569321 0446609404 0670868361
140382,0060987103 0451186362 0440211727 0345361792 0451169530 0060977493 0380718332 0312924585 0425154092 0440241073
140410,0385504209 0060976845 0316601950 0671021001 0446364193 0446610038 0446607657 0446611212 0553268880 0312195516
140423,0099771519 0446310786 0552998486 0060502258 0330367358 0553279912 0312274920 0385722206 0330332775 0140265988
140451,044021145X 0345350499 0385504209 0452282152 0446364193 0385720106 0440222656 0446607657 0440215625 0345427637
140478,0060938455 0747546290 0747538484 0316284955 0747532745 0440235596 0156027321 038549081X 0375705856 0345446860
140485,0345342968 0385504209 0060502258 0439064872 0786868716 0385503822 038550926X 0312278586 0439136369 0142001740
140555,0316601950 0060915544 038572179X 0684872153 0452260116 0312195516 0525947647 0804114986 0385730586 0060977493
140662,0440226430 0316601950 0316769487 0515131229 0385505833 0515130389 0446672211 0446394521 0375707972 0312278586
140698,0671617028 0399501487 0140067477 0553573136 0316777722 0553272535 0345361792 044651862X 0380002930 0385484518
140711,0312195516 0452282152 0446672211 0060934417 0679781587 0671003755 0452282829 0385720106 0142001740 044023722X
140756,0316769487 0140620109 0060502258 0099387913 0440236673 0099771519 0446532231 0140430113 0140620168 0440206154
140758,0060930535 014028009X 068484267X 0385504209 0345313860 0671727796 0441003257 0446605239 0375725784 0399501487
140763,0060930535 0060928336 0385504209 0671003755 0375700757 0452282152 0375726403 0316666343 0312195516 0679781587
140822,044021145X 0345378490 0345353145 0425175405 0385486804 0345378482 0385474016 0425169863 0060928336 0440213525
140826,059035342X 044023722X 0060915544 0671617028 0440241073 0060938455 0345413873 0312983824 044021145X 0380012863
140842,3442541751 3150000017 3492045170 3423202327 3257229534 3423201509 325722575X 3423202947 3426029553 3257227809
140853,0440202043 0440211263 0312924801 0553272535 0064471047 0440235596 0312978383 059035342X 0439064872 0451203771
140863,059035342X 3442541751 3150000017 0156027321 325722575X 3423202327 3492045170 3423201509 3423202947 3257229534
140879,0385504209 0156027321 059035342X 2253150711 0380731851 0380789035 0440236703 0671021001 2253044903 0099771519
140894,0060938455 0553277472 0345337662 0440226430 0440204887 0345313860 0380012863 0670892963 0345387651 0451524934
140938,0375400117 0345361792 0671510053 0060199652 067976402X 0679781587 0060391626 0375506276 038550120X 0679429220
140947,0060959037 0375726403 0312291639 044023722X 0060930535 0060987103 0452282829 0375702709 0345443284 0142001740
140974,0316601950 0375707972 0385504209 0060976845 0671021001 0060987561 0060928336 0446672211 0385265700 0679429220
140997,059035342X 3150000017 3442541751 3492045170 0684872153 3423202327 0439064872 3257229534 3423201509 3257227809
141010,0446610038 0446612790 0446364193 0380731851 0446608815 0553582747 0316096199 0446605484 0446601241 0446607657
141016,0316666343 0552137030 0552124753 0552128481 3442541751 0552145424 0552131075 0552131059 3150000017 0971880107
141047,0345380371 042510107X 0440222656 0425147584 0425122123 0446364193 0425133540 0446364800 0425158632 0425143325
141065,0446605239 0446611867 0446608955 0515135062 0515131229 0446610399 0446606812 044023722X 0446531332 0515136379
141070,0439139597 043935806X 0446310786 0316769487 0451526341 0439139600 0345339681 0440180295 0345339703 0439136369
141086,0786868716 0679429220 0786881852 080410526X 0684874350 0446610038 0375707972 006016848X 0679781587 0446606189
141089,0345342968 0451524934 042510107X 0425180964 0425109720 0345380371 0553272535 0380002930 0553572997 0446310786
141109,044651652X 0316666343 0743418174 0060976845 0345337662 0140042598 0449212602 080410753X 014028009X 0552124753
141127,0515132020 051513287X 0440226430 0425154092 0446606812 0446611867 0515126772 0515128546 0515135062 0515128554
141157,0446605239 0385504209 0140067477 0446608955 0345361792 0553296981 068484267X 0671027360 0684848783 0452264464
141201,0380789035 0380789019 044651652X 0451169530 0671510053 0440234743 0061015725 0451169522 0440236673 0679429220
141203,3442541751 3150000017 3492045170 3257229534 3426029553 3257227809 3442092981 3257228007 3404118960 345305136X
141210,059035342X 3442541751 0439064872 3150000017 3492045170 3257229534 3423202327 3423201509 3423202947 3426029553
141309,0380789035 0671003755 0060987561 067976402X 0671021001 0062502182 0142000205 0060199652 0345439104 0452264464
141310,044023722X 0385505833 0316666343 0345350499 0679745203 0385265700 0618129022 0440226430 0446604666 0440998050
141322,0345348036 044023722X 0316666343 0345350499 0425129586 0743418174 0679745203 0385505833 0440226430 0618129022
141328,0316666343 0842329218 0439064872 0312195516 0842329242 0842329250 0553250531 0439064864 0842329269 059035342X
141373,0425175405 0399143947 0425154092 0380718340 0399145087 0425147622 0399142851 0380717018 0684195984 0380718332
141444,044021145X 0440224764 0440226430 044022165X 067976402X 0060928336 044651652X 0684872153 0385479565 0440224675
141491,0446672211 0671003755 0345443284 0385504209 0446605239 0312195516 044023722X 0316284955 0375707972 0440241073
141493,0385504209 0446672211 0440213525 0440220602 0440498058 0312983824 0446608955 0060096195 0345438329 044023722X
141511,0312278586 0446672211 0060934417 0060987103 0446608955 0439136350 0060987529 067976402X 0316769487 0345443284
141518,8433969978 8445071416 8432206407 8478884955 8477204055 8420616893 0156013924 8478886451 8401328942 0684859335
141543,0312195516 0060930535 0375727345 0316284955 0060928336 0446672211 067976402X 0385720106 0452282829 0060987561
141600,0552137030 0380789019 0375700757 0380789035 0552124753 0552131067 0441790348 0385486804 0552131059 0312976275
141601,2253063339 2253044903 2070360024 2266023039 2253057843 2205054252 2070408507 2253005274 2277260029 2253152846
141651,3442541751 3150000017 3492045170 3423201509 3423202327 3257229534 3423202947 325722575X 3426029553 3257227809
141657,0375706771 0062502182 0446672211 0312278586 038533334X 0671003755 0380789035 0316601950 0316666009 0061091316
141704,0451524934 0451191145 0451526341 002542730X 0345342968 0449212602 0380789035 0385492081 0316769487 0140067477
141710,0142001740 0312305060 067976402X 0449219364 0440222656 0449221512 038533334X 0449219461 0060959037 0375726403
141719,0312195516 0142001740 0446672211 0375700757 0345339703 0385505833 0345339711 0452282152 0060928336 0385504209
141725,0316693006 0385510438 0446612790 0399150897 0316969680 0385511612 0316693235 0385504209 0316666009 0316693200
141794,0140293248 014028009X 880781210X 8806143042 0312278586 0440226430 0385335482 8845215989 8806166484 8845237303
141801,0553582747 0316666343 0440241073 0345413903 067102423X 0060928336 0553580221 0671004530 0671027360 0446611212
141805,0440206154 0316780375 038079487X 0375707972 0446604844 0375727345 0345439104 0515131083 0312976275 0449003795
141819,0060938455 0446532231 0385335482 0140244824 0380814021 0385335881 0553280341 0449003795 0312278586 0385730586
141871,0312995423 0446608815 0449003795 0425182878 0312195516 0446613266 0553582143 0440241073 0553579983 0345417623
141876,0060928336 0375727345 0316601950 0312291639 0060987561 0060173289 0060976845 0316780375 014028009X 0380730138
141888,059035342X 0439136369 0060928336 043935806X 0316666343 0446608955 0439136350 0439139597 0060976845 0385335482
141896,3442541751 3150000017 3492045170 3426029553 3423202327 3423201509 325722575X 3423202947 3257229534 3442092981
141901,0385720106 0060934417 0452260116 0316776963 0440226430 0316899984 0142001430 0345439104 068484267X 0425180638
141902,0312278586 0446605239 0345443284 0440212561 0385505833 0375707972 0345378490 0446610399 0451166892 0446607657
141953,0439139597 0375727345 043935806X 0064407667 0345339681 0590353403 0439139600 0439064864 0316569321 0439136369
141954,0446672211 0671021001 0070212570 0553280341 0385484518 0312195516 0553271636 0380002930 0446310786 0316284955
141958,0061009059 0312966091 0312966970 0312980140 0375700757 0312983867 0671027360 0385512104 0099771519 0375725784
142005,0060930535 0446611867 006101351X 0316096199 0345313860 0451169530 0385492081 0345438329 0345339703 0441003257
142017,0345380371 0452279178 0451176464 0425109720 0385199570 0670868361 042510107X 0440224675 0451172817 0451524934
142024,0312195516 0440212561 0786881852 0316601950 0060928336 0440215625 0553279378 067169507X 0553272535 0440217563
142026,044651652X 0140298479 0060502258 0345350499 0679745203 0316601950 0446670251 0440224675 0440206154 0385420161
142039,0446605239 038079487X 0451183665 0440226104 0385484518 0399147195 080410753X 0385730586 0060392452 0345417623
142041,0842329218 0842329129 0842329242 0842329250 0842329269 0842329277 0842332251 084232920X 0842329285 0842329161
142062,0060959037 0060976845 0375705856 038542017X 0446672211 0345443284 0345350499 0316284955 0060934417 0446611085
142065,0553296981 0060958022 0804106304 0142001740 0425152251 0312978383 0446519138 0345339703 0671689746 0151008116
142076,0345342968 0451524934 0451526341 0671027344 0060929871 0345391802 0316769487 0393312836 0385730586 0684801523
142090,0142001740 0449005615 0452282152 0316666343 0345443284 0671510053 0375726403 067976402X 0151008116 0156027321
142103,0316693006 0385510438 0385508042 0385511612 0399150897 0316969680 0385497466 0316666009 0385503822 0316603570
142110,0425172546 0446610038 0449003795 0425147622 0316781266 0446611212 0425182878 0446609404 0449003787 0446605484
142121,0452282152 0060987103 0060934417 0609804138 0345337662 0679429220 0142001740 0060959037 0385722206 0671510053
142129,0440414806 0316284955 0440404193 0671867172 0394820371 0316666343 0440945151 0440220653 0140348107 0440487617
142134,0312195516 0060928336 0316666343 0385504209 0452282829 0671003755 0671021001 0060173289 0316781142 0060930535
142143,0156027321 0312195516 0385504209 0312966970 0375725784 0553279912 0679781587 0671880187 0374199698 0140067477
142172,0091867770 0552996181 000649840X 044023722X 0553582755 0316096199 0099387913 0345337662 0099279274 0141007338
142212,0380731851 0425178765 0446610038 0671042262 0425182878 0425182908 0446611212 0446667900 0380817691 0446602620
142253,0316769487 0451526341 0684801523 0345342968 0451524934 0060929871 0451163966 0553296981 0679746048 0553208845
142256,0312195516 0553572997 0446610038 044023722X 0385504209 0446672211 0316601950 0385484518 0440222656 0345443284
142274,0446605239 0385511612 0062502182 0679444815 0399146431 0385508042 0316693006 0316603287 0385503822 0345452534
142300,0345391802 0380789035 0380002930 0446310786 0425152251 0553572997 0380789019 0552137030 002542730X 0385722206
142376,0451191145 0345348036 0345446860 0553284363 006099486X 0345301110 0451171357 0609804138 0345391810 0312980159
142398,0451526341 0446394521 0446310786 0446611867 0440222656 0451203771 0671027360 0060938455 0446611212 0345413903
142442,0345335511 0345335651 0345335708 0345352661 0345335457 0345338715 0345347536 0449212602 0345337662 0345403959
142454,3442541751 3492045170 3423201509 3150000017 3423202327 3426029553 3257229534 325722575X 3423202947 3257227809
142474,3442541751 3492045170 3150000017 3423202327 3257227809 3423201509 3423202947 3426029553 325722575X 3257229534
142479,0345439104 0385722206 0312305060 0316789089 0316780375 0316569321 0060173289 0060175400 0345337662 0452282829
142524,0312195516 0060938455 0142001805 006101351X 014028009X 0374199698 0679429220 002542730X 0380977788 0312282990
142555,0743418174 0316096199 0156027321 0552998486 038572179X 000649840X 0552998001 0330332775 0385504209 0452282152
142556,0060392452 0091867770 0552124753 044021145X 0070212570 000649840X 0099771519 0552131067 0552137030 0552996009
142565,044023722X 0446672211 0440241073 0440221471 0440214041 0440211727 0060928336 0440220602 067976402X 0440234743
142579,0446611212 0446612790 0425182878 0553569910 0553582135 034541389X 0446607657 0553582143 0425182908 0446609404
142584,0446601241 0446607657 0440234743 0446610038 0345313860 0446606189 0316769487 0441003257 0345337662 0316601950
142600,0061009059 0671027360 0425180638 0440241537 0440241073 043935806X 0451166892 0312980140 0553566040 0380731851
142623,059035342X 0446310786 0345342968 0439064872 0316776963 0451163966 0684801523 0060929871 0060977493 0439139597
142639,0312195516 0440224764 0440211727 0679781587 0440214041 0312966970 0671001795 0312966091 0312990456 0449212602
142649,2253063339 2253150711 2253044903 2070360024 2266023039 2205054252 2253057843 2290311782 2253005274 2070408507
142661,0385512104 0156027321 0345361792 0316096199 0671027360 0345465083 0142001430 0375726403 0452283205 0060930535
142671,0842329129 0842329242 0842329269 0440222656 0842332251 084232920X 0439064872 0842329285 0842329161 084233226X
142672,0345339703 0345339681 0446310786 0451524934 0345342968 0345370775 0380002930 0399501487 0439136350 0618002219
142680,0060928336 0316601950 0446672211 0375706771 0375727345 0316769487 0316666343 0060930535 014028009X 0446310786
142715,0375706771 0312278586 0316284955 0375727345 0316096199 0060976845 0142000205 0671021001 0316569321 0316601950
142735,0380789019 1563890119 0345342968 0060929871 0380789035 0380002930 0064407675 0312983824 0062502182 0060987103
142745,0743418174 0385335482 0440226430 0316666343 0316096199 0385336179 0060928336 0142001430 0385504209 0452282152
142766,051513287X 0515131229 0515128554 0515128546 0380820854 0515136530 0515126772 0515135216 050552354X 051513628X
142772,0440220602 0385492081 0312983824 067088300X 0060930535 0345413903 0316601950 0316666343 0373825013 0671021001
142801,0316769487 0060929871 0060502258 0440180295 0451524934 0345391802 0156027321 0345339738 0451526341 0439136350
142817,0385510438 0385511612 0399150897 0316603570 0385504209 0316693006 0316666009 0385508042 0316603287 0316693200
142823,0060938455 067976402X 0446532231 0151008116 0684872153 0452282152 0316284955 0345370775 0440235596 0385504209
142826,0804106304 0345350499 0385335482 0743418174 0441172717 0345337662 0812548051 0446532231 044651652X 0316776963
142861,0385335482 0385335881 0385336179 0140293248 0743418174 0060928336 014028009X 0385335830 0140298479 0316776963
142904,0345353145 0345370775 0345417623 0345378490 0440213525 0345391055 0440206154 0345402871 034540288X 0345354621
142973,039480029X 0060502258 0394800028 0448095017 0345342968 0312278586 039480001X 0394871804 0385503822 0064430189
142974,0060930535 0452282152 0671510053 0060959037 0060987561 0142000205 0140298479 0345337662 0316601950 0375726403
143009,0316666009 0385508042 0316693006 0316693200 0316693235 0385511612 0316602906 0446531332 0316693251 0385510438
143011,0345361792 0060987103 0375726403 014023313X 0452282152 0452283205 0375707972 0385722206 0151008116 0375725784
143103,3442541751 3150000017 3492045170 3423202327 3423201509 3257229534 3423202947 325722575X 3426029553 3257227809
143134,044023722X 0440221471 0440225701 0062502182 0345417623 0440236673 0061015725 0440220602 002542730X 044022165X
143163,0440206154 006101351X 0385505833 0590353403 0439136350 0440226430 0385504209 0439064864 0140067477 0385484518
143175,0385486804 0971880107 0312278586 0345337662 0679746048 0375700757 0060928336 0316969680 0671021001 0140042598
143211,0440213525 0440222656 0345378482 0440224624 0345378490 0425147622 0446607711 0345353145 0425180638 044023722X
143214,0156027321 0099771519 0552137030 0330332775 0385484518 0140055770 000649840X 0425152251 0552998001 0380789035
143253,0312291639 0316284955 0671003755 0671534718 0671534734 0440404193 0440940001 0446611085 0553274295 0671036505
143294,0446612790 0446611212 0553578022 0553582127 0553584510 0446605484 0553578693 0380731851 0446608815 0553582143
143302,0060987529 0345370775 0345417623 0060502258 0446670251 0345361792 0312924585 0440206154 0375707972 0345348036
143388,0316096199 0446679593 0440226430 0446605484 0446612790 0446610038 0446612545 0446607657 0345439104 0316601950
143415,0060934417 0312278586 0380002930 0446310786 038572179X 0446532231 0439136350 0312283709 068484477X 042513699X
143427,0440221471 0440224764 0440241073 0440225701 0440214041 0440241537 0440211727 044023722X 044021145X 0440213525
143429,0385504209 0060392452 0671027387 0312995423 0375725784 0452283205 0316666343 0312263120 0345413903 067976402X
143463,0156027321 0060934417 0452282152 0385722206 0316666343 0375726403 0375725784 0060987103 014029628X 0553375407
143497,0452282152 0316601950 0446672211 0060959037 044023722X 0316666343 0060938455 0671027360 0060930535 0060928336
143571,0425154092 0425158616 0425175405 0380710218 0425147622 0425180638 0440214041 0425169863 0380718340 0440224764
143597,0609610597 0345370775 0440222656 0449212602 0345337662 0312195516 0553260960 034540288X 0553234811 0312305060
143609,0425143325 0425109720 042510107X 0425116840 0440214041 0425170349 0440211727 0425083837 0312924585 0425147584
143629,0345438329 0060930535 0609804138 038079487X 0316780375 0345445848 0425151379 0142001805 042514545X 0312966970
143636,0385504209 0156027321 044023722X 0440235162 0312195516 0671027360 0380731851 0345413903 0786868716 0671004530
143646,0375707972 0060959037 0345443284 0452282829 0446672211 0316782505 0684872153 0375727345 0142000205 038079487X
143668,0345417623 0375706771 0375727345 0316666343 0743418174 0375707972 0316781266 0446670111 0345333926 0553560719
143683,0316666343 0385335482 0316096199 0385335881 0679746048 0446608955 0140293248 0446605239 0446610399 0385730586
143685,0316666343 0380731851 0671027360 0425182908 0553578022 0312995423 0553583468 0446310786 0553584383 0425178765
143695,0452282152 0345361792 067976402X 0375727345 0060959037 0452282829 0671510053 0671027360 0375726403 0312995423
143715,0385504209 0156027321 0671027360 0375726403 0312421273 0375725784 0452283205 0441790348 0393319296 014023313X
143743,0375727345 0316601950 0375706771 0375707972 0553572997 0385505833 0345361792 0452282829 0060987561 0446394521
143792,0312195516 014028009X 0385335482 0060392452 0312278586 0316769487 0062502182 0316666343 038549081X 0671021001
143809,0060930535 0142000205 0671003755 0446672211 0452282152 067976402X 0345443284 0060976845 0060959037 0385265700
143837,0439064872 059035342X 0679781587 0439136369 0425175405 0425147622 0380718340 0440224764 0425163407 0449221490
143875,0316666343 0452282152 0060934417 0345350499 0316284955 0385505833 0440206154 0345342968 0060987529 0441569595
143909,0446310786 0345339681 0345339703 0345339738 002542730X 0380789019 0062502182 0553296981 0446604666 0451524934
143939,044023722X 0440241073 044022165X 0440221471 044021145X 0440214041 0440220602 0440225701 0440213525 0440236673
143964,0439064872 059035342X 043935806X 0439139597 0439136350 0439136369 0842329277 0439139600 0590353403 0064407667
143965,051513287X 0515131229 0515132020 0515135062 0515130389 051512608X 0515121843 051512317X 0373244487 0373218192
143968,0316666343 0743418174 0449212602 0446670251 0385504209 0316776963 0385335881 038549081X 0060928336 0375725784
143976,0385484518 0316096199 0316666343 0345361792 0385505833 0345443284 0142001740 0156027321 0446605239 0679781587
144017,0590353403 043935806X 0439136350 0439064864 0439139597 0345339681 059035342X 0451526341 0345339711 0316769487
144021,0345339703 0345339681 0446310786 0590353403 0345339711 0439139597 0439064864 0439136350 0345339738 043935806X
144038,0312195516 067976402X 0679745203 068484477X 0671003755 0385420161 0743237188 0385504209 0452282829 0385721420
144062,044023722X 0385722206 0375727345 0345417623 0385504209 0440241073 0312291639 0061015725 0385511612 0060502258
144107,0060930535 0671003755 0679781587 0316601950 0380789035 0316569321 0345439104 0060976845 0425152251 0452282152
144110,0441000916 0441304834 0441005241 0345423402 051513449X 0441003745 0345313860 055329315X 0441002935 0515134481
144112,0316666343 0345413350 0380002930 0345370775 0449907481 038542017X 0747546290 0747538484 0747532745 0842329129
144114,0345339681 0345339711 0385504209 0345378490 0439064872 0345370775 0385497466 0345417623 0345378482 0553260111
144120,0385484518 0380002930 0345361792 0156027321 0786868716 0345384466 0452264464 0070212570 0451191145 0140230165
144133,0312278586 0316666343 0375727345 0060928336 0312291639 0671003755 0385265700 0446608955 0385335482 0316096199
144134,044651652X 0446672211 0446610399 0446605239 0452281903 0684872153 0804106304 038550926X 0316666343 0446606812
144151,0316769487 0446310786 0451524934 0684801523 0440180295 0060929871 0399501487 059035342X 0671027344 0345391802
144194,0316666343 0446672211 0446608955 0316601950 0316781266 0316096199 0312195516 0316769487 055321313X 043935806X
144219,0743418174 0671004107 0553573403 0671720147 0440221471 0345384911 0441790348 0316776963 0553262505 044022165X
144223,0440225701 0440220602 044022165X 0440224764 0440241073 0446672211 0440241537 044023722X 0425170349 0440236673
144229,0345337662 0553573403 0345339681 0439064872 0345339711 0812511816 044651652X 059035342X 0812517725 0812551478
144241,0345353145 044023722X 059035342X 0671891510 055329802X 0671020781 0671019163 0671013963 0553262505 0671883410
144255,0385504209 0440211727 044021145X 0316666343 067976402X 0671027360 0440241073 0440213525 0440220602 0385508042
144256,0451160525 044021145X 0451184963 0451176464 0671042858 0451173317 0345444884 0451177096 067102423X 0451180232
144280,0385490992 0385424736 0385493800 0385508042 044021145X 0156027321 0385503822 0385472951 0385424728 0440214041
144314,0515128554 051513287X 0515132020 0515128546 0446610038 0440226430 0440235596 0440222656 0515126772 0515130389
144315,0316666343 0385335482 0553582747 002542730X 0446608955 0140293248 0440211263 0446605239 0425144429 0060987529
144316,0345342968 0156027321 0452282152 0385504209 0316284955 0345337662 0679745203 0312195516 0060930535 0140067477
144318,0060928336 0061009059 0316666343 0671001795 0316284955 0449223612 0449003787 0060502258 0449221482 0553582755
144395,0060976845 014028009X 0060928336 0345443284 0140298479 0671003755 0312291639 0140293248 0312278586 0316776963
144455,0385504209 0425143325 0066214122 0425083837 0440221471 006101351X 0345337662 0671027360 0451176464 0425122123
144466,0142001740 0380018179 0312195516 0375700757 014028009X 044023722X 0679429220 0446610038 0440235596 0142000205
144478,0345370775 0345380371 0440224675 044022165X 0425154092 0440211727 0440206154 0345391055 0446601241 0345337662
144486,0345337662 0385486804 0679781587 0446601241 0345417623 0385497466 0316693006 0446607657 0385503822 0345339703
144516,0060928336 0142000205 0446672211 0671021001 0375707972 0380730138 0671003755 0060930535 0375706771 0345439104
144531,0312971346 0312983867 0312976275 0142001740 0312265859 0515128554 0312195516 0312306326 0060976845 0515132020
144549,0156027321 0312195516 0142001740 0671027360 0679781587 0316096199 0452282152 0060938455 0151008116 0375726403
144555,0060930535 0671021001 0345337662 0440222656 0140293248 0446364193 0060976845 0345384466 038082101X 0440221471
144585,8408043641 8432206407 8445071416 8433969978 8478884955 8420616893 8477204055 8433925180 0452282195 8478886451
144591,0060987103 0156027321 0385486804 0385314698 0385722206 0345402871 0345417623 0440211727 0345353145 044021145X
144619,0440214041 0440211727 044021145X 0440225701 0385424736 0446672211 0440236673 0440213525 0345370775 0440221471
144642,0141000198 0671027360 0060976845 0671727796 014028009X 0060987529 0312278586 0061009059 0451160525 0345351525
144667,0316666343 0441304834 0446670111 002542730X 0312980140 0399501487 044661193X 0385479565 0553262505 0425178951
144699,0316666343 0345378482 0440206154 0441172717 0446610038 0553572393 0345323440 0345353145 0345333926 0345368932
144707,0345350499 0743227441 0440226104 0446611085 0446609323 0446606189 0553572997 006016848X 0446607657 0385324138
144718,2253063339 2253150711 2253044903 2070360024 2266023039 2290311782 2205054252 2253057843 2070408507 2253152846
144727,0446605484 0446606189 0446604801 0446607657 0446611212 0446608815 0446601241 0446612790 0345353145 0446612545
144745,8408043641 8432206407 8445071416 8433969978 0312924585 8478884955 8420616893 8477204055 8401328942 0316666343
144799,0385504209 0142001740 0060976845 0060934417 0449212602 0316666343 0446672211 0156027321 0060930535 0385722206
144822,0440498058 0440401585 0064400557 0440487617 0064405842 0394820371 0440998050 0380714752 0553213148 0590457225
144828,0316284955 0452282152 0671021001 0446605239 0316666343 0446672211 0140293248 0385504209 0804106304 0316601950
144830,0671021001 0786881852 0553277472 0684848783 0140067477 0671880187 0060391626 068484267X 0345427637 0062502182
144883,3442541751 3150000017 3492045170 3423201509 3423202327 325722575X 3257229534 3426029553 3257227809 3423202947
144899,0671003755 0316666343 0446394521 0142001740 0440226430 0446605239 0345438329 0070212570 0375727345 0446679593
144910,0345337662 059035342X 0440222656 0439064872 0345370775 0452282152 0345384466 0060928336 0449212602 0439136369
144925,0385504209 0671027360 0060928336 0316666343 0316601950 0446672211 0452282152 0060930535 044023722X 0312195516
144934,0679781587 0316096199 0151008116 0060934417 0385504209 0515131229 0671003755 080410526X 0515128554 0345391802
144943,0060930535 0671510053 0060921145 0671617028 0671042262 034541389X 0684874350 0452264464 0971880107 0345387651
144953,0446364193 0446607657 0446605484 0446606189 0446612790 0446608815 0446611212 0316693235 0316693251 0425180638
144967,0142001430 0142001740 0385504209 0553802496 0060928336 0316666343 0156007754 0446523569 0312144075 0399145087
144978,0786881852 080410526X 0446532231 044651862X 0380012863 0553573136 0345370775 0804106304 0316769487 0553375407
144979,0671727796 0439064872 0446608955 0440211727 0399501487 059035342X 0439136369 0446310786 0671021001 0515131229
144997,0060928336 0345436911 0140298479 0060930535 0345351525 0312195516 0316096199 0316601950 0446670251 0449212602
145000,0345361792 3442541751 3150000017 3423202327 3423201509 3492045170 325722575X 3426029553 3423202947 3257229534
145003,0316769487 0451524934 0140042598 0062502182 0425152251 0380789019 0060938455 0140119906 0553208845 0060392452
145064,0066238501 0373710992 0440213991 0877733759 0373710615 0140275290 0751529087 0752809032 0552121606 0552103721
145109,0441172717 0553560735 0553293354 0316769487 0553293362 0553580272 0553287893 0380789019 0553278223 0345323440
145131,044023722X 0440234743 0440241073 0440225701 0446606812 0446672211 0515131229 0440211727 0440224764 0440221471
145145,0345361792 0440226430 0151008116 0316769487 0156027321 0446310786 0385492081 0312291639 0439064864 0312924585
145155,0552124753 0552131067 0552128481 0552131075 0552131059 0552996009 0441569595 0552140295 0380789035 0552145424
145161,0671027360 0385504209 0446532231 0312195516 0142001740 0671004107 0452282152 0552137030 0440206154 0312305060
145165,0316666343 0312966091 0671001795 0312980140 0312971346 0385335482 0385730586 0312291639 0312966970 0380002930
145198,0060502258 0316769487 0679745203 0671003755 0446310786 0440180295 0380002930 0743237188 0439064872 059035342X
145218,0385504209 0142001740 0385486804 0316776963 0671027360 0312291639 0440241537 0452282152 044023722X 0440414806
145239,0345370775 0440222656 0671004107 0066214122 0345378482 0345353145 0441790348 0345417623 0345378490 0345338588
145330,0142001740 0312195516 0385504209 0671027360 0060930535 0679429220 0449005615 0446610038 044023722X 0446672211
145369,0446610038 0446607657 0316969680 0440220602 0316693200 0385503822 0446605484 059035342X 0425154092 0446609323
145412,0060976845 0316601950 0385504209 0671027360 0060930535 0312195516 0142001740 0140298479 0671021001 0316284955
145437,059035342X 0553250531 0451166892 3442541751 0439064872 3492045170 3150000017 3257229534 3257228007 3423202327
145449,0452282152 0439064872 0375725784 059035342X 0312966091 0439136369 0449223604 0439139597 0316776963 0399149155
145451,0446608955 0446606812 0316666343 0385504209 0446672211 006101351X 0446611867 0446613436 0440226430 0312195516
145516,044651652X 0515095826 0515093203 0875421180 0515102652 0515090506 0515087122 0345337662 0345384466 0439139600
145527,0786881852 0684874350 0385484518 0446609404 0385493800 0842329129 0679429220 2253063339 006101351X 0842329218
145543,0142001740 0375727345 0142004235 0060928336 0452282152 044023722X 0312305060 0375726403 0316666343 0156027321
145546,0375706771 0060930535 0375727345 0375707972 0142000205 0452282829 0671003755 0385486804 0671021001 0060976845
145548,0446532231 0060392452 0345337662 0060938455 0345313860 0385504209 0440241537 038079487X 0345351525 0671027360
145558,2253063339 2253150711 2253044903 2070360024 2266023039 2205054252 2290311782 2253057843 2253152846 2253005274
145596,0553250426 0440234743 0553250531 0385722206 0684874350 0385472943 0553272535 055321313X 0385493800 0385424728
145612,0385335482 0312278586 0385335881 0446672211 0385336179 0140298479 0060928336 0312291639 0446605239 014028009X
145614,0440224764 0440221471 0440234743 0440241073 0440236673 0440241537 044023722X 044022165X 0440214041 0440220602
145619,0446605239 0316666343 0060928336 0446611085 0743418174 0316284955 0316899984 0671004530 0553579606 0671003755
145641,0671021001 0446672211 0142001740 0316096199 0345370775 0671510053 0440226430 0375707972 0375700757 0312971346
145644,0156027321 0099771519 0425152251 000649840X 0446310786 0552998486 0439136350 0316096199 0330367358 0439064864
145657,0312980159 0515136379 0553569910 0446611867 0446610038 0312291639 0515135739 0446610399 0515136530 051513628X
145687,0451169530 006101351X 0451176464 0140293248 0345370775 0451156609 0446605239 0345313860 014028009X 0451167317
145688,0375706771 0316601950 0345443284 0345361792 0671003755 0312195516 0316666343 0060928336 0671038184 0060976845
145706,0679781587 0312278586 0425147622 0316096199 0425169863 0425154092 0316284955 0380718332 0151008116 0425175405
145728,0440234743 0385479565 0671250671 0439136350 0140293248 0670892963 0060256672 0439064864 0345313860 043936213X
145737,0316666343 0142001740 0375727345 0156027321 0142000205 0671003755 0345443284 0060934417 0385265700 0679781587
145861,0786868716 0156027321 0786881852 0345342968 0385484518 0553296981 0062502182 0440180295 080410526X 0451191145
145887,0060959037 0060392452 0060987529 0312291639 0312195516 0446672211 067976402X 0380789035 0380813815 0375702709
145916,0747551006 0747550999 0312278586 0552145424 074754624X 0140293248 0380002930 0679429220 0553250531 0552134619
145956,0060934417 0316601950 0375726403 0312195516 0142001740 0375727345 0375700757 0060959037 014029628X 0345443284
145969,0451156609 0345313860 0451169522 0451176464 0451186362 0316601950 0451160525 0553580221 0451188462 0446670251
146025,0451172817 0670844527 0345342968 006101351X 0440224675 0385199570 0316769487 0440206154 0670835382 0670855030
146057,0553279912 0449003795 0449219461 0449221504 0449003787 0553560247 0553574671 0553280341 0449219364 0312995423
146078,0385504209 0385510438 0399150897 0385508042 0066214122 0671027360 0446611867 0316603287 0316603570 0316666009
146081,0446611867 0449006522 044023722X 0060987103 0451142934 0440206154 0515130389 0553582747 0425128164 0425180638
146083,0385504209 0316666343 0316693006 0142001740 0385508042 0316969680 0385510438 0385503822 0452282152 0671027360
146106,0671003755 0060959037 0142001740 044023722X 0671021001 0142000205 0140244824 0446672211 0060502258 0553279378
146113,0312966091 0671001795 0312990456 0060173289 0312980140 0316666343 0671004530 055357258X 014028009X 0140119906
146117,0316601950 0380730138 0375706771 0142000205 0060976845 0345443284 0446672211 038079487X 0375727345 068484477X
146118,044023722X 0440234743 0156027321 0446364193 0446606812 0061015725 0449003795 0684874350 0449003787 0786868716
146175,0446672211 0671027360 0312195516 0553580221 0385484518 0156027321 0553582747 0671867091 0425152251 0671004530
146183,8408043641 8433969978 8432206407 8445071416 0316769487 0440241537 0812550706 8420441708 0312305060 0679429220
146187,0345348036 0064408647 0064407691 0064408639 0064408655 0375700757 0671250671 0064407683 0446527033 0330267388
146197,0440226430 0446672211 0380730138 0142000205 044651652X 0316601950 038550120X 0671510053 0446609404 044022103X
146207,0440234743 0440225701 0440214041 0553571885 051513287X 0425154092 0440241537 0446612790 0515131229 0515135739
146230,006101351X 0385484518 0345361792 044651652X 0061097853 0440225701 0439136350 0380018179 0553268880 0440226430
146261,8408043641 8445071416 8432206407 0345417623 8433969978 0440211727 0312924585 0060392452 8478884955 0671027360
146266,0316666343 0553582747 0385508042 0316969680 0385503822 0446672211 0671027360 0385497466 0312278586 0385511612
146298,0385504209 0142001740 0316666343 0151008116 0515135062 0312971125 0380820854 0743418174 0515126772 043935806X
146319,0553262505 0441172717 0553562614 0345417623 0441569595 0345350499 0441790348 0553573403 0451191145 0553562738
146321,0440235596 0345361792 0679745203 0440215625 0671042572 0385484518 0316776963 0684872153 0312195516 0440212561
146335,0345413350 0380789019 0066214122 0345350499 0671004107 067976402X 0553560735 0553573403 0345370775 0441569595
146345,0385484518 0312995423 0375727345 044651652X 0385490992 0375502238 0452264464 0316666343 0688177751 0316693200
146348,0316666343 0525947647 0743418174 0345361792 0679731148 0060391626 0679429220 0836204387 0316096199 0446310786
146386,0515132020 0515131229 051513628X 051513287X 0515126772 0515120618 0515128546 0373218397 0515121843 0373218400
146421,0156027321 0385504209 0060934417 0316666343 0312305060 0452282152 0385722206 0316096199 0375725784 0671027360
146428,0440241073 0440224764 0440221471 0440211727 044023722X 0345361792 0440220602 0440234743 0679429220 0440225701
146466,0451526341 0446310786 0553272535 0345339703 0312278586 0345342968 0684801523 0553280414 0156027321 0345339681
146468,0060958022 044900371X 0385722206 0446606812 0671042262 0446606324 0451197399 0345387651 0345417623 0451166892
146517,0316666343 0156027321 0452282152 0142001740 0060938455 0440222656 059035342X 0345417623 0060930535 0671027360
146522,8408043641 8433969978 8432206407 0812550706 8445071416 0440235596 0684859335 8401328942 8423662152 044022165X
146530,0156027321 0066214122 0671027360 0345417623 0385511612 0316096199 0316602906 0316693006 0345452534 0380731851
146539,0440206154 043935806X 0380789019 0440241537 0552996009 0060938455 0439139597 0590660543 0553296981 0552147680
146561,0060930535 0375726403 0060934417 0375725784 0312195516 0060921145 0671003755 0060188731 0553572997 0312282990
146564,0066214122 0345378490 0345417623 0446607711 0345370775 0345339681 0446611867 0399150897 0440224764 0452268060
146569,3442541751 3150000017 3492045170 3423202327 3423201509 3426029553 325722575X 3257229534 3423202947 3257227809
146573,0345313860 0671027360 0060976845 0385504209 044651652X 0375726403 0316601950 0671003755 0679781587 0451169530
146582,0446310786 0345342968 0060929871 0451524934 0684801523 0451526341 0312924585 0440180295 0060930187 0451163966
146585,0452282152 0060930535 0446611212 0446364193 0446607657 044023722X 0316601950 0452282829 0060959037 0446608815
146641,0446604666 0375727345 0345348036 0449907481 0061009059 0142001740 0452282829 044661193X 0345339681 038550120X
146649,8408043641 8433969978 8445071416 8478884955 8477204055 8420616893 8478886451 0156013924 0312924585 8478884459
146699,0440211727 044022165X 0440214041 0440221471 0440234743 0440220602 0440213525 0345380371 0440225701 0446359866
146722,051513287X 0373484003 0515128554 051513628X 0515136379 0671027573 0515126772 044021145X 3442541751 0515121843
146734,0380731851 0060934417 0609804138 014029628X 0060987103 0061009059 0316601950 0316096199 0671027360 067088300X
146778,0452282152 0385484518 0060987103 0679781587 044651862X 0060928336 0786868716 0060934417 0316096199 0804106304
146781,0316769487 0061097314 0064407667 0446607657 0385486804 0375700757 0375725784 0440226104 0142000205 0449005615
146803,0385503822 0385508042 0439064872 0345339703 0312265867 0385472951 0671027360 0385484518 0452282152 0439139597
146804,0380789035 0142001740 0385474016 0385722206 0385479565 0380789019 0452282152 0451169530 0345313860 0671041789
146855,0312195516 0446672211 0385504209 0060928336 0316284955 0142001740 0060930535 0060976845 0156027321 0671021001
146874,0385335482 0140293248 0446610542 0440226430 0446605239 0156027321 0446364193 0446610038 0385336179 0446611867
146890,014025448X 0345361792 0345348036 0385492081 0345339681 0345391802 0451184963 0345314255 0345347536 0440180295
146932,0671003755 0060915544 0060930535 0684801523 014028009X 0312195516 0060959037 0316776963 0452282152 067976402X
146991,0671027360 0156027321 0452282152 0312195516 0316666343 0679781587 0375726403 0060930535 0060938455 0449005615
147037,0060934417 0452282152 0060915544 0385722206 0060987103 0312195516 0060921145 0316666343 0679734775 0345361792
147045,0316666343 0060959037 067976402X 0446672211 0142001740 0060934417 0385720106 0385722206 0452282829 0316284955
147058,0375700757 0312976275 0449213943 0671510053 0553279378 0312966091 038542471X 044661193X 0446606189 0061009059
147101,067976402X 0446310786 0679745203 0060930535 0345342968 0142000205 0316769487 0452264464 0345361792 0385492081
147141,0060987529 0312195516 0439139597 014028009X 0316769487 0439139600 0380789035 034538475X 0345384466 0060392452
147156,0385504209 0099771519 0156027321 0316666343 0385335482 0330332775 0312278586 0316096199 0375725784 0671027387
147166,0156027321 0060938455 0062502182 0385486804 0590660543 0684801523 0552147680 0380012863 0440241537 0330332775
147224,0345361792 0385722206 0446394521 0385504209 039592720X 0375726403 0142001740 0385498802 0553277472 0345438329
147249,0786881852 0609804138 0385484518 0028604199 0553375407 002542730X 0385512104 0786868716 0525946233 0446532231
147307,0515128554 0515126772 0515121843 0451203771 0515128546 051512317X 0515131229 0446611867 0373218192 0515130389
147385,0446672211 0316666343 0385335482 0316769487 0440226430 0060928336 0679746048 0312278586 0375707972 0060391626
147404,0385335482 0060987103 0375725784 0345342968 0316769487 0684801523 0679746048 0060502258 0446310786 0312278586
147414,0440224675 0553560735 0385199570 0452282195 068483376X 068484477X 0375706771 0385730586 0440998050 080410753X
147420,0446310786 0060928336 0312278586 0060915544 0312291639 0671021001 059035342X 0060921145 0316769487 0060976845
147451,0312195516 0156027321 0316666343 0380977788 0060392452 0380789035 0062502182 0099771519 0552998486 0446672211
147475,0345370775 0345378490 0345378482 044023722X 0345380371 0684872153 044022165X 0345391055 0316666343 0375727345
147482,0060502258 0140042598 0345342968 0446532231 0140043519 0385508042 0312976275 0440180295 0312966970 0684833395
147492,0061097314 0316666343 0060987103 0345438329 0440241073 0060959037 0140293248 0060915544 0671510053 068484477X
147528,0316601950 0316666343 0446672211 044023722X 0312278586 0316096199 0446608955 0380730138 0452282829 0385265700
147575,0345348036 0375700757 0312976275 0312980140 0064408647 0156528207 0064408655 0064407691 0446606189 0064408639
147649,2253063339 2070360024 2253044903 2266023039 2290311782 2205054252 2070408507 2253005274 2253152846 2070744833
147676,0375706771 0345443284 0142000205 0385265700 0375707972 0446611867 0440215625 0375726403 0446611085 044021145X
147678,0375725784 0060938455 0316777730 014028009X 0156027321 0743418174 0385336179 0385504209 0440226430 0385335881
147680,0451160525 0345384466 0345313860 0451188462 067102423X 0451184963 0451156609 0451163524 0451180232 0451176464
147686,0061009059 0312980140 0060392452 0312971346 0316776963 0312983271 0312966970 0670880728 0380813815 0060938455
147687,0060928336 0385335482 0060915544 0060930535 059035342X 0312291639 0140293248 0452282152 0385730586 0385335830
147688,0385504209 0385510438 0385508042 0385511612 0399150897 0316969680 0316693200 0316603287 0316693235 0316666009
147744,0345370775 0425128164 0345353145 0425124347 0425153975 0786868716 0345378490 0451156609 0425121259 0451142934
147752,0590353403 0439064864 0439139597 0439136350 0345339681 0345339703 0439139600 0439136369 0345339711 0345417623
147764,0385504209 0671027360 0385722206 0684848783 0060930535 0142001430 0156027321 0060934417 0679781587 039592720X
147781,0140067477 0399501487 0451163966 0140293248 0060929871 002542730X 0446310786 0312278586 0679735771 0452264464
147800,0316666343 0671027360 0440213525 0345413903 0446611212 0440226430 0440214041 0553582747 0380710218 0425169863
147803,0316666343 0060938455 0156027321 0312274920 0552137030 0380018179 0552998486 0553271636 0099771519 0671027360
147820,0312195516 0385504209 0142001805 0679781587 059035342X 0142001740 0449005615 0060938455 0312291639 0060930535
147839,0385503822 0385505833 0316666343 0316666009 038550120X 0316969680 0385511612 0380731851 0375727345 0312305060
147847,0316666343 044651652X 0553268880 0380012863 0380002930 0345443284 0385479565 0060928336 0312195516 0312966091
147851,0380789035 0441569595 0440206154 0062502182 0345325818 0441003257 0671510053 0345384466 0440224675 0345351525
147878,0440212561 0312980159 0505525526 0515135739 0440215625 0312979983 0060513640 042519485X 0425178579 0515134368
147900,0449221482 0449219364 0446364193 0440414806 0449223612 0553279912 0553279556 0449223604 0449221504 0449003795
147947,0440241073 0061009059 0312195516 0312966091 0385504209 0142001740 0312971346 0671027360 0312966970 0440222656
147965,044022103X 0671617028 0060392452 0316678104 0380012863 0060915544 034541389X 0684874350 0385512104 0671510053
147978,0385484518 0684874350 059035342X 0446610038 0439064872 0679781587 0385504209 0345387651 0060173289 014025448X
148000,0316666343 0380731851 0439064872 0439136369 0553260111 0385486804 0345380371 0440235162 0525947647 0671021001
148028,0440206154 0316769487 0345339738 0345370775 0345339711 043935806X 0375727345 0060502258 0439139600 0451524934
148030,0385504209 0671027360 044023722X 043935806X 0316666343 0440241537 0345339703 0312990456 0142001740 0446612790
148121,0515131229 0515128554 0446611867 0452282829 0440226430 051513287X 0515128546 0446672211 0515126772 0515132020
148124,0385492081 0375707972 0385722206 0375700757 0385720106 0679781587 0679429220 0671003755 0060959037 0449005615
148133,0385484518 0552124753 0452282152 0330267388 0786868716 0552137030 0140298479 0345391802 0142001740 0552998001
148142,0743418174 0385335482 0099771519 0060096195 0552998001 0316096199 0385335881 0385336179 0552996181 0140293248
148153,0446310786 0375725784 0440206154 0440211263 0679746048 0345413350 0385512104 0380731851 0316776963 0316666343
148154,0679781587 0312195516 0316096199 0312278586 0156027321 0316284955 0151008116 0385265700 8408043641 0743418174
148157,0452282829 0449907481 0142000205 0385265700 0060928336 0142004235 0316776963 0064407667 0316666343 0156027321
148191,0385508042 0385505833 0385497466 038550120X 0385511612 0385424736 0385493800 0316666009 0316969680 0316666343
148192,0345313860 0345351525 034538475X 0345384466 059035342X 0385479565 0312195516 0553250426 0345369947 0451169530
148199,0439064872 067976402X 044021145X 0439139600 0441172717 0060392452 0060928336 059035342X 0671027360 0316776963
148220,3442541751 3423202327 3423201509 3492045170 3423202947 3257229534 325722575X 3426029553 3150000017 059035342X
148239,0440241073 0385504209 0671027360 0440234743 044023722X 0440241537 0446605484 0446610038 0425177173 0449003787
148258,0671027360 0440234743 0060502258 0684874350 0804106304 0399144463 0440212561 0142001740 0679744398 080410526X
148263,0316601950 0679781587 0312291639 0060928336 0312195516 0425152251 0156027321 0060987529 0140293248 038572179X
148265,3442541751 3150000017 3492045170 3423202327 3423201509 3257229534 3423202947 325722575X 3426029553 3257227809
148314,0060928336 0316601950 0312195516 0440222656 0375727345 044023722X 0671021001 0345443284 0446605239 0385505833
148344,0446364193 0446604801 0446608815 0446607657 0446605484 0446601241 0446611212 0446611085 0440234743 0440220602
148365,0316666009 0316969680 0316693200 0385503822 0316693251 0316693235 0316693006 0399145087 0316693286 0385511612
148378,0385722206 0060976845 0060921145 0452260116 0060977493 0452282152 0060959037 0553279378 067088300X 068484477X
148514,0070212570 0060175400 0060173289 0684874350 0316569321 0452282829 044651652X 0060928336 0316780375 0316781142
148547,0312278586 0312195516 0316284955 0440213525 0446672211 014028009X 0385486804 002542730X 0743418174 0671758896
148559,0380018179 0804106304 0440211727 0060392452 0446532231 0345337662 0312195516 0151008116 0553275976 044651652X
148586,0553574639 0553574671 0553574663 051510566X 055357258X 0671004530 0515134384 0553572040 0142001740 0380780860
148590,0312966091 0312980140 0312990456 0671001795 0312971346 0312966970 0060959037 0452282829 0446610038 0440224764
148620,0679781587 0446672211 006101351X 0671510053 0060928336 044651652X 0064407675 0684874350 038572179X 0064407667
148621,0345339681 0345314255 0345342968 0345370775 0439064872 0345378482 059035342X 0345285549 0345386744 0425152251
148632,0316769487 0440180295 014028009X 0679746048 0451163966 0316666343 0385504209 0451524934 0446670251 0446310786
148662,0452282152 0312195516 0060930535 0671510053 0140265686 0060934417 0446608955 0060976845 0345361792 0316601950
148695,0385504209 0316666343 0385511612 0312278586 0446611867 0140293248 0446532452 0440226430 0679746048 0345387651
148712,0553279912 0449221482 0553284789 0449003795 0449223612 0553279556 0449221504 044023722X 0449219364 0553280341
148731,0316666343 0446672211 0446610038 044023722X 0062502182 0446607657 0446610399 0679746048 0786868716 0446310786
148744,0385484518 0316601950 044651652X 0446672211 0061097101 0312195516 0060976845 0345361792 0671003755 0375727345
148782,0446610038 0446601241 0312291639 0375707972 0446608815 0446604801 0446607657 0446364193 0679781587 0440234743
148798,0385484518 0446519138 0446611867 0316096199 0553296981 0446605239 0440212561 0440211263 0440219078 0440222656
148804,0316666343 0446605239 0140293248 038550926X 0385335830 0446608955 0385336179 0743418174 0060096195 0385504209
148806,0316777730 0316769487 0440180295 0060938455 0452269571 0451524934 0679781587 0380813815 0060920084 0375725784
148847,0743418174 006016848X 0375760911 0070212570 039480001X 0385335482 0446677450 0375706771 044021145X 0446610038
148863,0743418174 0316666343 0375726403 0375727345 0312278586 0316096199 0385335881 038550926X 0316284955 0385335830
148898,0312278586 0316769487 0385511612 0446608955 0446606812 0316096199 0446672211 0316969680 0446610399 0446531332
148928,0312195516 0060930535 0375706771 0142001740 0375707972 0452282152 0375726403 0060959037 0671003755 0316569321
148929,0385722206 0312305060 0060188731 0684874350 039592720X 014029628X 0142001740 0142001430 0316569321 0316096199
148934,0385504209 0452282152 0316601950 0060934417 0385486804 0312195516 0385498802 0553572997 0142001430 044021145X
148962,0446611212 0312983271 0440241073 0446605484 0345413903 0312966970 0440234743 0446610038 0446612790 0440236673
148965,0553289411 0553280945 0345337662 0609610597 0345370775 0312195516 0449212602 0440222656 0425083837 0312305060
148966,0316769487 0316666343 044651862X 0060987103 0345370775 0375703055 0060959037 0312278586 0345413350 0156027321
148986,0312966970 0312966091 0312971346 0446610038 0312976275 0061009059 0375706771 0671001795 0446606189 0425158616
148989,3442541751 3150000017 3423202327 3492045170 3423201509 3426029553 325722575X 3257229534 3423202947 3257227809
149035,0399144463 006016848X 0375706771 0345335465 038079487X 0345368932 0345387651 0060502258 0609804138 0060938455
149069,0385503822 0385490992 0316969680 0316693235 0446610038 0385505833 0375727345 044651652X 0316666009 0446601241
149071,0440226430 0440222656 0375727345 0671021001 0316284955 0446672211 0440211263 0385484518 0142000205 0515130389
149084,0439064872 059035342X 0671027360 0439136369 0156027321 0151008116 0385722206 0385335881 0142001430 0375725784
149120,0446672211 0316601950 0060928336 0671021001 0345443284 0316666343 0375707972 0446608955 0316284955 0440241073
149140,0425154092 0425175405 0425163407 0425169863 0425158616 0425147622 0449221512 0446364193 0449223604 0449003787
149153,0316666343 0440225701 0385504209 0440241073 031242227X 0380018179 0684872153 0670865796 0446677450 0804106304
149172,0345417623 0425109720 0425116840 0425170349 0553260111 0425143325 0312924585 042510107X 0425147584 0440224675
149204,0312966091 0061009059 0671001795 0312265867 0312971346 0312976275 0312980140 0312265859 0312983867 0743418174
149231,0316666343 0375726403 0142001740 0312195516 0060934417 0156027321 0679781587 0452282152 0786868716 0060959037
149259,0312195516 0060987103 0345353145 0066214122 0345402871 044023722X 0671027387 0345370775 0380789035 0380789019
149325,0440234743 0446607657 014028009X 0345313860 0316096199 0425172546 0312278586 0446610038 0446605484 034538475X
149361,0156027321 0385504209 0385492081 0385479565 0345427637 0679745203 0553375407 0425152251 0385484518 0316666343
149366,0345370775 0345369335 0345384911 0345335465 0345339495 0345368932 0345337662 0345368991 0345362861 0345253736
149483,0345370775 0345378482 0345417623 0345337662 0441569595 0345348036 0345342968 0451524934 0399501487 0312924585
149510,0316666343 0679781587 0446672211 0312282990 0743418174 0060930535 0316601950 0375700757 0440127793 0449212602
149511,0156027321 0451163966 0971880107 3442541751 0345342968 0345350499 0440212561 0440998050 0385486804 0316777722
149544,0440226430 0385504209 0439064872 0452269571 0743418174 0439136369 0385335881 0679746048 042516098X 0375706771
149598,0515131229 0515135062 051513287X 0515126772 0515132020 0515128554 0515128546 0515130389 0373218192 0373218397
149647,0441172717 0060502258 0345342968 043935806X 0609610597 0971880107 0451454243 0452260116 0451456521 0345417623
149661,0385722206 0452282152 014023313X 0142001430 0449907481 0316601950 0385720106 0385265700 0385504209 042511774X
149690,0385504209 0671027360 0440236703 0452282152 0060938455 0142001430 0330332775 0385492081 0142001740 0099771519
149786,0590660543 0062502182 0552996009 0330332775 0156027321 0552124753 0330367358 0552137030 0099771519 0590112899
149800,0140293248 0060502258 0312278586 8806143042 0385335482 0446672211 006101351X 880781210X 0553582747 0312422156
149802,051513287X 0515132020 0515131229 0515128546 0515126772 0515128554 0515133973 0515132187 0515121843 051511779X
149809,0552124753 0552131059 0552137030 0552131067 0552128481 0552134627 0552131075 0552134651 0552134619 0552140287
149824,3442541751 3492045170 3423202327 3150000017 3423201509 3423202947 325722575X 3257229534 3426029553 3257227809
149838,0385504209 0679746048 0671003755 0439064872 0439136369 0452269571 0385474016 0679734775 0375706771 0440226430
149843,0375504397 0525941908 0670844527 0451176464 0684867621 0451156609 0684853515 0684853507 0451172817 0451163524
149875,0060928336 0316284955 0679746048 0060976845 044023722X 0671021001 0679781587 0375725784 0385474016 014028009X
149893,044021145X 0440211727 0440221471 0440214041 0345337662 0440220602 0345370775 0440234743 0440213525 0312924585
149907,006101351X 0380789035 0385492081 0385486804 0553273914 0671510053 0345323440 0449911519 0060391626 0452260116
149908,0330332775 0312274920 0552124753 0552996009 0590660543 0553280341 0312278586 0099771519 0099727412 0552999458
149934,0440226430 0375707972 0385265700 0375703063 038533334X 0380730138 0142000205 0446608955 0425167313 0446606812
150000,0440206154 0553581554 0671011367 0553579983 0553578693 0553571818 0345353145 0553582135 0446610038 0345370775
150026,0060502258 0060987103 0345361792 0345342968 0345391055 0446605409 0060987529 0440241073 0449003787 0312924585
150045,0312983271 0425185710 0142001740 0449221490 0446612790 0786881852 034541389X 0553582135 0446609323 0671027360
150067,0385265700 0316777722 0385335482 0140293248 0671510053 0679746048 0553279912 068484267X 0345413350 0440226430
150088,0316666343 044651652X 0345443284 0375727345 0385484518 0312195516 0375706771 0316601950 0425167313 0446672211
150124,0842329269 0842329285 0842329277 0399144463 0140254544 014025448X 0316096199 0385484518 0380731851 0070212570
150297,0385335482 0446605239 0312278586 0385335881 0312291639 0446672211 0142001740 0385336179 0671510053 0060930535
150316,044651652X 0446516538 0385508042 0385424728 0446608955 0553250426 0671510053 0679444815 0452264464 006101351X
150327,0440214041 044021145X 0440224764 044022165X 0440213525 0440225701 0425180638 0425154092 0425175405 0440220602
150350,0425163407 0425154092 0425147622 0425169863 0380717018 0380718340 0440224764 0380710218 0425158616 0449003787
150364,0515126772 0515128554 0515128546 0515132020 0515136379 0515131229 051513287X 051512317X 0373218192 0373218397
150431,0345370775 0446605239 0671021001 0375727345 044021145X 0452282152 0375707972 0312195516 0345380371 044022165X
150468,0316601950 0446672211 0375707972 0060928336 0385484518 0440226430 0140293248 0385720106 0312195516 0345443284
150482,0156027321 0316666343 0679781587 0385492081 0385512104 0060976845 0553375407 0142000205 0345427637 0312195516
150498,044021145X 0440214041 0385490992 044651652X 0385472951 0385508042 0385493800 0440213525 0385424728 0440211727
150516,0060928336 0316666343 0375727345 0380018179 0312195516 0316284955 0375726403 0553268880 0142004235 044023722X
150547,0316096199 0671727796 002542730X 0140620222 014028009X 0446605239 0316666343 0440226430 0446611867 0451526341
150554,034540288X 0345337662 0345378490 0345353145 0380814021 0345378482 0312924585 059035342X 0345417623 0345339703
150561,0515131229 0515130389 0515126772 0515128546 0515128554 0373218397 0515135062 0515121843 0373484224 0515132187
150587,0375726403 0312265867 0385504209 0380725827 0671027360 0375412530 0316780375 0380723638 0060934417 0312305060
150627,0553582747 0553578022 0553569910 0446612790 0446611808 034541389X 0449006522 0553582135 0553579983 0380731851
150657,044021145X 0553582755 0451169522 0316666343 0679781587 0451176464 0446610038 0671004530 0345313860 0446310786
150661,043935806X 0385504209 0671027360 0439064872 0446310786 0439139597 0316284955 0439064864 0439136350 0312971346
150663,0140067477 0060502258 0440204887 0142001740 0385730586 0380002930 0786881852 0380018179 0060248025 0312291639
150695,0385730586 0312278586 0515136530 0345417623 0385335482 0060915544 0446527785 0446608955 0425162443 0515131229
150697,044021145X 044022165X 0425154092 0380718340 0440224764 0380710218 0440214041 0440234743 0425163407 0440206154
150706,0060921145 0679781587 0060959037 0312195516 0060934417 068484477X 0060930535 0671617028 0671510053 0684872153
150762,0345417623 0380778556 0553279912 0316769487 002542730X 0156027321 0553211404 0060987103 0671727796 0312924585
150767,0316168688 0385503822 0312305060 0156027321 0385504209 0743237188 0385722206 0385509456 0316693200 0446611212
150799,0375726349 044023722X 0375726403 0142001740 0156027321 0060977493 0060987103 039592720X 0385722206 0312305060
150890,0316769487 0060928336 0451191145 0345313860 0451524934 0671021001 0385720920 0385504209 0060929871 0316666343
150894,0345339738 0345339711 0345339681 0385504209 0385505833 0345417623 0385511612 0316666009 0385508042 0385497466
150896,0671027360 0345417623 0312278586 059035342X 0380002930 0345339738 0451163966 0684801523 0060987103 0345342968
150911,0345384466 0553582747 0345384369 0345404114 0553580221 042513525X 0425107469 0425115801 0425128164 0553580191
150932,0440184053 0440213282 0385335466 0440217547 0446527033 0440236991 0316969443 0316693006 0440221315 0446531332
150951,0385265700 0060915544 0385720106 0425162443 067976402X 0671510053 0425167313 0060959037 0670865796 0804106304
150960,0316666343 0446672211 0316601950 0679781587 0449212602 0345337662 0671003755 0385504209 0452282152 0060959037
150966,0385265700 0375707972 0375727345 0140244824 0671003755 0345443284 0380730138 0440226430 0425167313 0316899984
150968,0446605239 0446606812 0446610399 0440226430 0786868716 0446608955 0385503822 0312278586 0140298479 0446527785
150973,0743418174 0553272535 0385502532 0142001740 0316769487 0449212602 0312195516 006016848X 0142000205 0449911519
150979,0345370775 0060392452 0440414806 0671727796 0446310786 0446532231 0385484518 0440222656 0446605239 044023722X
151002,0446672211 0440226430 0743418174 0312983271 0061097101 0515128554 0446611085 0446520802 0440221315 0316666343
151043,0385335482 0312278586 0060928336 0385335881 014028009X 0316666343 0060976845 0385336179 0140298479 0140293248
151063,0440241073 0440211727 0440221471 0440225701 044022165X 044023722X 0440214041 0440236673 0440220602 0440213525
151068,0099771519 0091867770 0330332775 0552124753 0552996181 0385512104 0552996009 0590660543 0552998486 0380012863
151071,0446612545 0312291639 0440204194 044023722X 0440226430 0446611867 0156027321 0451203771 0440235596 0142001740
151093,0671027360 0142001740 0452282152 0312195516 0316666343 0156027321 044023722X 0060930535 0440241073 0679781587
151098,0385265700 0316899984 0060959037 0375727345 0375707972 0449907481 0671003755 0452264464 0140244824 0385720106
151101,0061009059 0140293248 0385335881 0312971346 0312966091 0312983271 0312966970 044023722X 0446610038 0142001740
151104,044023722X 0316666343 0452282829 0375727345 0142000205 0316601950 0060959037 0345443284 0385505833 0060928336
151107,0316666343 0375727345 0142000205 0385265700 067976402X 0345443284 0312278586 0060987561 0316601950 0671038184
151122,0446672211 0316666343 0316601950 0312195516 0679781587 0060930535 0671027360 0316781266 0060976845 0452282152
151139,0140293248 0385335482 0385336179 0446605239 0345342968 0515131229 0515132020 0441003257 0446608955 051513287X
151143,0440224764 044022165X 0515090506 0515093203 0316601950 0312980140 0061009059 0515087122 0425158616 044021145X
151262,0345342968 0446310786 0312195516 0316666343 0316769487 0316776963 0375725784 0060921145 0446672211 0060934417
151263,0385484518 059035342X 0439136369 0439139600 0060976845 0060928336 0385504209 0375726403 0375502238 044651652X
151303,0316666343 043935806X 0385504209 0312195516 0553572997 0385505833 0156027321 0439064872 0375706771 0312278586
151312,0375703861 0345370775 0440178002 0060987561 0140254544 0312421273 0399149325 0316168815 0375725784 0553579606
151370,059035342X 0439136369 0439139600 0786881852 0786868716 0385484518 0842329129 0439136350 044651652X 0439139597
151405,0451184963 0451177096 0345384350 0451156609 0440234743 0425121259 0553579754 0451176464 0345353145 0425151867
151408,0786868716 0842329218 0842329129 0842329242 0842329250 0446605239 0842332251 0842329269 0385484518 0842329277
151415,0312278586 0440214041 0375506039 0385335482 0156027321 0440222656 0375756981 0671021001 0446672211 0316789089
151420,0312924585 8408043641 8433969978 8478884955 8477204055 0060929871 8478886451 8478884459 8425337690 0345342968
151421,0440226430 0425180638 0375706771 0316601950 0451208765 0446364193 0440241073 0446611212 0446613266 0440236673
151470,0385504209 0452282152 044023722X 0671027360 0312291639 0440241073 0440241537 0312305060 0440236673 0385722206
151479,0425154092 0380718332 0425147622 0425175405 0425180638 0425169863 0425158616 0446601241 0380817691 0380717018
151483,0446611867 0671027360 0440211263 0553578316 0671004530 0440223202 0440235162 0515131229 0451209907 0385504209
151503,0345337662 0439139597 0439136369 0439136350 0439064864 0345370775 034538475X 0345313860 0439139600 0439064872
151537,0312195516 0312966091 0312971346 0312976275 0312980140 0312983867 0671001795 0312983271 0375727345 0061009059
151546,0440241537 0312421273 0316776963 0671042262 0312282990 0345361792 0385512104 0060987529 0156028778 0312995423
151589,059035342X 0439136369 0151008116 0452282152 0312195516 0440222656 0671693816 068484477X 0060987529 0440498058
151602,0316601950 0452280621 0060008032 0316666343 0446610542 0345391802 0552998001 0140620427 0446310786 0060502258
151608,0385492081 0380789035 0425175405 0684848783 0060987561 0679429220 068484267X 0679781587 0425154092 0425180638
151643,0375706771 0446605239 0385484518 0375727345 0316666343 0142001740 0316601950 0385265700 0316899984 0060987561
151653,0515135062 0515130389 0515128546 0515126772 0515128554 0515121843 051512608X 0373218192 0425183971 0373484410
151702,0440180295 0316769487 014131088X 0345342968 0451524934 0440414806 0380814021 0020442203 0440219078 0064406970
151738,0385504209 0345339703 0345339738 0312278586 0385484518 0345339711 0066214122 044023722X 0312195516 0671027360
151750,0385504209 0156027321 0375725784 0385498802 0743418174 0156028778 0385512104 0375726403 0399144463 0316666343
151762,044021145X 3442541751 3150000017 3492045170 0440221471 3423202327 0440226430 3423201509 3257229534 325722575X
151780,0061009059 0312966970 0312971346 0312976275 0312980140 0312983867 0312265859 0312990456 0312265867 0312265840
151786,0316666343 0671021001 0312195516 014028009X 0446608955 0316284955 0446605239 0060391626 0316601950 0060928336
151790,0553296981 0060938455 0064407667 0425175405 0060392452 0786817070 0440237688 0440219078 0345339738 0345313860
151799,0446310786 0316284955 002542730X 0142001740 0671617028 0380002930 0440498058 0345339681 055321313X 0553279912
151800,0451190548 0451190564 0451172817 0451190521 0451190572 0451190556 0061009059 0451156609 0451160525 0060928336
151806,0446605239 0380012863 0446363251 0446606812 0671004573 0316969443 0446608955 0671617028 0446611867 0671004549
151811,0446672211 067976402X 0316666343 0060976845 0316284955 0142000205 0375500510 0375727345 0060391626 0060959037
151824,0385504209 0060938455 0312966970 0312976275 0375700757 059035342X 0312980140 0142001740 0060930535 0061009059
151843,0671004573 0553579606 0553583468 0553292722 0345422589 0345403959 0449212602 0553578022 0385335482 0345351525
151846,0385504209 0312282990 0671027360 0142001430 0316666343 0743225406 0452282152 0446532231 0743418174 0671004107
151847,0345339738 0345339711 0439064872 059035342X 0439136369 0385504209 0439136350 043935806X 0439139600 0439139597
151861,0312195516 0440235596 0091867770 0440222656 0452282152 0345384466 0099771519 0553375407 0316284955 0380977788
151928,0345339681 068484477X 0671027387 0345417623 0671001795 044661193X 0060392452 0066214122 0670032379 0060916508
151991,0439136369 0439139600 0452282152 0312195516 0330332775 0786881852 038542017X 0316666343 043935806X 0440222656
152016,0316769487 0156027321 0449212602 0312278586 0060987529 0060987103 043935806X 0312195516 0671042858 0140067477
152036,0345337662 0446672211 0385484518 0452281903 0345384466 0060928336 0446605239 0316666343 0440226430 0743418174
152046,0440241073 0671027360 044023722X 0385504209 0440234743 0440221471 0440225701 0440220602 0440213525 0440211727
152082,0060930535 0060934417 0312195516 0452282152 0060976845 0060959037 0375706771 0671021001 0385504209 0385498802
152099,0553580221 0441003257 0345391802 0671041789 0553582755 0671024248 0425144429 0451160525 0380789019 0679781587
152136,068484267X 0140293248 0316601950 0449003795 0679746048 0140298479 0060928336 0452264464 0805063897 0316776963
152186,0440206154 0312924585 0440236703 0425178765 0449212602 0316096199 0380731851 043935806X 0440224675 0446602620
152205,0440224675 0316769487 0312924585 0446611212 0440206154 0451172817 0451167317 0451163524 0451526341 0446610038
152206,0316769487 0553296981 0451524934 0345370775 0440219078 0446310786 0385492081 0440180295 0345342968 0553272535
152260,0140293248 0446672211 0679429220 067976402X 0345439104 0099771519 068484267X 0684865742 0385265700 0060930535
152291,0345342968 059035342X 0446608955 0439136369 0440220653 0553274295 0439064872 0440998050 0380814021 043935806X
152295,0446672211 0060928336 0671021001 0316601950 0440211727 0440226430 0312195516 0679781587 0671003755 0140293248
152307,0440211727 0440213525 044022165X 044021145X 0440234743 0440221471 0440220602 0345380371 0440224764 0440225701
152309,0452282152 0375726403 0156027321 0060930535 0312305060 0679781587 0312195516 0385504209 0449005615 0452283205
152345,0316769487 0451524934 0062502182 0060392452 0380789019 0440206154 0380789035 0671004107 0553375407 006101351X
152354,044651652X 0679781587 0385503822 0385505833 0385490992 0316601950 0316969680 0679429220 0446610038 0316693286
152357,0446310786 0060502258 0345342968 0451524934 0451526341 0440206154 0312291639 0375707972 0312924585 0440224675
152401,3442541751 3150000017 3423202327 3423201509 3492045170 3257229534 325722575X 3423202947 3426029553 3257227809
152409,0060928336 0375707972 0440226430 0375700757 0671003755 0446672211 0375706771 038079487X 0679429220 014028009X
152428,0380789035 0380789019 0385486804 0552137030 0552124753 0552131067 0380012863 0385484518 0971880107 044651652X
152435,0679781587 0446612790 0446610038 0671021001 0345452569 0671028375 0440241073 0553579754 0449223604 0345413881
152461,0439064872 059035342X 0553375407 0439136369 0439139600 0786881852 0786868716 0842329129 155874262X 0439136350
152464,0553572997 0380789035 0451163966 0441003257 0312980159 0446604666 0316690619 0345350499 0060173289 0425152251
152468,043935806X 0439064872 0439136369 059035342X 0439139600 0345339703 0553296981 0671744216 0345339711 0553250531
152483,0452282152 044023722X 0060929871 0060915544 0375725849 0679723161 0140298479 0156007754 0060936363 0316776963
152496,0060915544 0316776963 0060921145 0142001740 0385722206 038550926X 0440226104 0061009059 0060938455 0385486804
152514,0312278586 0156027321 0385486804 0316666343 0446605409 0441172717 0446364193 0425180638 0316096199 0425147622
152524,0316601950 0452282152 0060976845 0671021001 0671027360 0446672211 0375727345 0060928336 0440241073 0060392452
152562,0312278586 0380814021 0446608955 0060915544 0440498058 0440219078 0385335482 0385730586 0440998050 0028604199
152568,0552124753 0060930535 044021145X 0385492081 0684801523 0440224675 0345342968 0140177396 0441172717 0316769487
152579,0316769487 0316666343 0446310786 0385504209 0451526341 0399501487 0345342968 0142001740 0553375407 0060929871
152582,0060977493 0316769487 0684874350 0446310786 0671003755 0060929871 0385504209 0312291639 0060921145 0060929790
152605,0316969680 0446672211 0385511612 0316666343 0671027360 0679781587 0316666009 0316693006 0385503822 0385504209
152617,0312966970 0312966091 0312971346 0671001795 0312265859 0312976275 0061009059 0312983271 0312980140 0312265867
152645,0380789019 0380977788 0380813815 0060392452 0060938455 0345337662 0440206154 0441569595 0440180295 0064407675
152651,0671003755 0446605239 0316666343 0312291639 0312195516 0375706771 044023722X 0375700757 0316601950 0446672211
152696,0671027360 0446612790 0440241073 0446612545 0446607657 0446610038 0446611867 0446605484 0425182878 0316666343
152697,0385504209 0375725784 0316779423 0316666343 0380813815 0312282990 0316776963 0743418174 0312421273 0060920084
152726,0440234743 0451524934 0399501487 0316769487 0345370775 0345380371 0440220602 044022165X 034540288X 0440221471
152742,0142001740 0312305060 0060938455 0061009059 0385484518 059035342X 0679781587 0452282152 014029628X 0671001795
152770,0316969443 0446531332 0316693006 0515131229 0515126772 0316969680 0316693235 051513287X 0316603287 0316693200
152811,0330332775 0552998486 0553271636 0553279556 0385335482 0684862719 0140293248 0425169863 0425152251 0553280341
152813,0385484518 0842329218 0842329129 0842329242 0842329250 0842329269 0316096199 0385504209 0842329277 0842332251
152827,0440234743 0345380371 0345353145 0425116840 042510107X 0425143325 0425180964 0425109720 0345354613 0345417623
152831,0385722206 0670031909 0385494246 0156027321 0380977788 0399149325 0385509456 0425152251 0553562738 0312305060
152855,0553274503 0440235596 0385492081 8433925180 8408043641 0671003755 0151008116 8432206407 8433969978 8445071416
152942,0060930535 0312195516 0385504209 0060934417 0156027321 0312282990 0060959037 0345337662 0452282829 0060987103
152946,014029628X 0156027321 0553572997 0312305060 0385486804 0374172897 0330262130 0345391802 0060987103 0330367358
152958,0345439104 0452282152 0312195516 0385497466 0446611085 0440215625 014025448X 038542017X 0684867621 0316601950
152960,0060502258 0316601950 0684872153 0345370775 0804106304 0375727345 0385335482 0553250426 0553583441 044021145X
152963,0385484518 0385504209 0671027360 0671027387 0066214122 0440241073 0786868716 0446608955 068484267X 0452264464
153003,0345350499 0345369947 0380789019 0345337662 043935806X 0743418174 0380789035 059035342X 0812511816 0609610597
153032,044022165X 044021145X 0671021001 0345353145 0345391055 0399501487 002542730X 0345370775 034540288X 0553579754
153040,0451524934 0399501487 0316769487 0385484518 0345342968 0553280414 0553296981 0385504209 0446310786 0553272535
153042,0142001430 0385720106 0060916508 0380789035 0671510053 0345445848 044900371X 0156027321 0070212570 0553273914
153054,0062502182 0345350499 0440414806 0553572997 0345370775 0140298479 0399501487 0440219078 0380789019 0156027321
153079,0142001740 0156027321 044023722X 0316666343 0312305060 0385504209 0312195516 0316776963 0060959037 0452282829
153091,0060977493 0156027321 0553208845 0375725784 0060929871 0446310786 0345342968 0380977788 0684801221 0451524934
153115,0345337662 0345313860 0345351525 0345384466 0345404319 0345409671 0316666343 0399501487 0070212570 0345397819
153158,0060392452 0385504209 0312195516 0385722206 0142001740 0312305060 0446532231 0743418174 0452282152 0316776963
153174,0385510438 0316603570 0316602906 0385504209 0316603287 0316693006 0312265867 0385508042 0066214122 0385511612
153211,044021145X 044022165X 0345378490 0440220602 0440213525 0440221471 0452282152 034540288X 044023722X 0385492081
153238,0440220602 044022165X 0440224764 0440211263 0451209907 0446606812 0446310786 0743418174 0440211727 044021145X
153249,0316666343 0316769487 0060502258 0316781266 0345342968 0446606812 0684801523 0345417623 0446310786 0316096199
153279,0385484518 0316096199 0156027321 0385504209 0142001740 0786881852 0345361792 044023722X 0446611867 0553279378
153283,0312966970 0312966091 0312971346 0312976275 0312980140 0312983867 0553279912 0553280341 0553280368 0312990456
153322,0345339703 0345337662 059035342X 0064400557 0345370775 0440206154 0439064872 0345378490 0590353403 0345397819
153336,0375727345 0345443284 0316776963 0385505833 0142000205 0316666343 0375702709 0375706771 0060928336 0385504209
153342,044022165X 0140254544 014025448X 0316168815 0446605239 0553573136 0140257934 0446394521 0140265686 0425178951
153361,0316666343 0440214041 0440220602 0440224764 0440234743 0060930535 0345337662 044022165X 0060392452 0380762595
153365,059035342X 0439136369 0439139600 0439136350 043935806X 0439139597 0439064864 0446608955 0312278586 0590353403
153400,0452282152 0440215625 0440217563 0060987529 0375725784 0156027321 0385720106 0345350499 044022425X 0060502258
153416,0670813028 0670858692 0375504397 0670839531 0670868361 0385199570 0684853507 0452279178 0525941908 0670835382
153466,0552124753 0552131067 0552137030 0552128481 0552131075 0552131059 0552140295 0552134651 0552134627 0552134643
153496,0842329129 0842329218 0842329242 0842329250 0440214041 0316666343 0385484518 0842329269 0446672211 0440213525
153513,0060928336 0060502258 0375707972 0316666343 0060976845 0375703055 0345361792 0375727345 0671003755 044023722X
153541,044651652X 006101351X 044651862X 0446516538 0684874350 0553268880 0316666343 0345443284 0399142851 0440226104
153570,0451524934 0316769487 0380789019 0062502182 0552137030 0440180295 0345361792 0060502258 0380977788 0349101779
153620,0060928336 0316666343 0679781587 0385504209 0449212602 0316284955 0671003755 0446672211 0375700757 0440211727
153621,0786881852 038542017X 014029628X 0060987529 055321313X 0671027344 0061097314 0312113420 0380018179 0553280341
153653,0345378490 034540288X 0345353145 0345337662 0312924585 0345378482 0425143325 0440222656 0440206154 0425122123
153662,0345370775 0375703861 0440224675 0385505833 0440237556 0671776800 0684872153 051510521X 0060987561 0440178002
153718,0515131229 0515132020 051513287X 0515126772 0515135062 0515114693 051513628X 0515136530 0439136369 0515130389
153719,0515136379 0515136530 0440212561 0060513640 0425183971 0061031070 0156027321 0515131229 0515120618 0505525526
153723,0515132020 0515131229 0380753006 0380814803 0553575023 0446610542 0312971125 0380820854 055329315X 0671737821
153797,0060928336 0446672211 0440221471 044022165X 0345384466 0440222656 0440213525 0316096199 0312195516 0440211727
153818,0385504209 0385722206 0156027321 0142001740 0060916508 0679734775 0312305060 0156007754 0060915544 0060977493
153849,0440226104 0440211727 0440214041 044023722X 0399144463 0385505833 0345361792 0380018179 0385484518 044021145X
153863,0316666343 014028009X 0140293248 0312278586 8806143042 0312422156 0385335482 002542730X 0316096199 068484267X
153865,0385486804 006101351X 0440222656 0316569321 0156027321 0385504209 0140067477 0451169530 0440217520 0345370775
153869,3442541751 3150000017 3492045170 3423202327 3423201509 325722575X 3423202947 3257227809 3404148665 3257228007
153889,3442541751 3150000017 3492045170 3423202327 3423201509 3257229534 325722575X 3423202947 3426029553 3257227809
153911,0316769487 0316666343 044651862X 0060987103 0312278586 0375703055 0060959037 0375702709 0156027321 0345413350
153927,0842329218 0842329129 0842329242 0842329269 0842329277 0842332251 084232920X 0842329285 0842329161 084233226X
153947,0316666343 0060934417 0375700757 0449005615 0440211263 0060175966 0425147622 0380731851 0786868716 0380813815
153950,0142001740 0380731851 0060502258 0151008116 0060934417 0312422156 038079487X 0553211404 0385337116 0156628708
153957,0446605239 0316569321 0060987103 0345465083 0060930535 0373218397 0140293248 031298328X 0345417623 0425124347
154021,0345337662 0446672211 0452282152 0671510053 0028604199 0671021001 0679723161 0385484518 0062502182 0316666343
154031,0671250671 044651652X 0684874350 0345337662 044651862X 0743418174 0441790348 0060987529 0440226430 0679732411
154070,0142001740 0316284955 0440206154 0316769487 0312966091 0345370775 0312966970 0451524934 0312983271 0804106304
154075,0440226430 0316569321 0142001740 0375726403 0385265700 0142000205 0446605239 0375703063 0786868716 0446611085
154108,0446359866 0140293248 0312278586 0316666343 8806143042 014028009X 0316284955 0440226430 002542730X 880781210X
154125,3442541751 3150000017 3492045170 3423202327 3423201509 3257229534 325722575X 3426029553 3423202947 3257227809
154126,0385504209 0142001740 0312305060 0316601950 0140067477 0449212602 0671027360 0345350499 0375727345 0156027321
154129,0375706771 0441172717 0345342968 014023313X 0452260116 0385504209 043935806X 0345397819 0156027321 0345339703
154137,0446605239 0064472272 0440219078 0312278586 0064400557 0385730586 0060096195 0446310786 0440226430 0385335881
154160,044023722X 0345353145 0440211727 0679781587 0345387651 0345378490 0345417623 0060502258 0425083837 0345370775
154176,0316769487 0440180295 0446310786 0345348036 0060502258 0099771519 0060929871 0440211727 0440214041 0451161351
154182,0671510053 0440226430 0440224764 0446606812 0842329129 0684874350 0440213525 0380018179 0804105820 0684848783
154269,0440226430 0440206154 0446364193 0425163407 0380718332 0425147622 0440224764 0425158616 0380718340 0425180638
154330,0345353145 0345370775 034540288X 0345391055 044021145X 0345378482 0440214041 0440220602 0345378490 0316666343
154345,0312195516 0312282990 0552996181 0142001805 0375703861 068484267X 0070212570 0446605239 0345370805 0312422156
154346,0316776963 0440180295 0451524934 0451191145 0441569595 0060929871 0385720920 0553262505 0142004235 0553562614
154354,0345353145 0345380371 0441003257 0345391055 0440213525 0441172717 0380002930 044022165X 0345378490 0060987103
154362,0451172817 0451167317 0451156609 0451177096 0451184963 0451163524 0451160525 0451180232 0451188462 0451137965
154409,0312966970 0312265859 0312971346 0312966091 0312265840 0312976275 0312990456 0385504209 0671001795 0061009059
154441,2253063339 2253044903 2070360024 0425152251 0743418174 2253005274 2266023039 2253057843 2290311782 0670030643
154460,0385335482 0060976845 0316666343 044651652X 0671021001 0446670251 0099771519 0804106304 0316601950 0385504209
154465,0375725784 044021145X 0060934417 0553275976 0440211727 044022165X 0440214041 0345370775 0060977493 0553572997
154469,0380718340 0440224764 0425154092 0446612790 0440221471 0380710218 0425175405 0380718332 0440234743 0425180638
154487,0312195516 0385504209 0060934417 0142001740 0060976845 0452283205 0316666343 0316776963 0375726403 067976402X
154529,0440241073 0440206154 0312924585 0345417623 0380731851 0671027360 0446608262 0345402871 0446604666 0446611778
154543,0060928336 0743418174 0142001740 0060392452 0679429220 0385335482 0316776963 0385504209 0671021001 0684874350
154553,0449212602 0316769487 0140119906 0316776963 0375700757 0345417623 0140042598 0316666343 0452269571 0553208845
154560,0446310786 0345350499 0380002930 0452269571 0684801523 0446672211 0385504209 0316284955 0316769487 0060502258
154592,0446672211 059035342X 0345339703 0590353403 014038572X 0446608955 0440219078 0439136350 0446310786 0439139597
154627,044023722X 0142001740 0440241073 0440234743 0060938455 0385722206 0385504209 0060928336 0312305060 0312195516
154633,0380789019 0345347536 0446611867 0345338588 0345313151 0380752859 0345322231 0345313860 0345335651 0345322215
154646,0345380371 0345370775 044021145X 0440224675 0385492081 0345353145 059035342X 0425162443 044651862X 0446672211
154663,0060934417 0375700757 0060959037 0060915544 0671003755 0060928336 0684874350 0060977493 0385720955 0316776963
154675,0375727345 0060959037 0060930535 0142000205 0060921145 0380730138 0452264464 0440224624 0375707972 0060915544
154679,0345342968 0375725784 0440206154 0440222656 0399149325 0374199698 0060987103 0441003257 0345441036 0786885688
154701,8408043641 8432206407 8445071416 8478884955 8477204055 8420616893 0312924585 8478886451 8420441708 0156013924
154730,0385504209 0452282152 044023722X 0142001740 0671027360 0060930535 0312195516 067976402X 0312291639 0385722206
154773,0345313860 0345337662 0345351525 034538475X 0060928336 0446672211 0345404319 0345397819 0140067477 0345334531
154781,0385504209 0671027360 006101351X 059035342X 0679781587 0671250671 0439139597 0439064864 044651652X 006016848X
154788,0316284955 0316666343 0345313860 0380789019 0689710879 0553583468 055357695X 0062502182 002542730X 0380002930
154791,0452282152 0060938455 014029628X 0385722206 0312305060 0060976845 067088300X 0060930535 0312291639 0446394521
154810,0515131229 0515136530 0515132020 0515136379 0515133973 051513287X 051513628X 0446606812 0671003755 0440226430
154811,0446310786 0679429220 0060928336 0316776963 0375707972 0345443284 0316666343 0060391626 0425167313 0316777730
154844,034538475X 0425180964 0440206154 0425122123 0425143325 0345384466 0440224675 0425083837 042510107X 0425147584
154855,0060987103 0441304834 0451458125 0553575384 0441003257 0064407667 0441009239 0525947647 0441004520 0441001971
154882,0425144429 0451137965 038079487X 0671042858 059035342X 0451172817 0671727796 0671027360 0440967694 0451186362
154944,0679781587 0345342968 0345337662 0446605484 0060502258 0399144463 0553279912 0446612790 0446606189 0380018179
154975,0316666343 0684872153 0312195516 0446672211 044023722X 0345417623 0385265700 0440241073 067976402X 0679429220
154981,0385504209 0452282152 0312195516 0671003755 0060934417 0316284955 0375726403 0385486804 0142001740 0452282829
154992,0446679593 0671510053 0553296981 0140293248 0375706771 0385484518 0375502025 0399144463 0553273914 0099800403
155000,0440224764 0446610038 0440226430 044021145X 0440220602 044022165X 0440211727 0446364193 0440213525 0440241537
155011,044023722X 0440236673 0440234743 0060928336 0440224764 0312195516 067976402X 0440225701 0440211727 0446672211
155014,0060928336 0449212602 044021145X 0316284955 0425083837 0446310786 0312924585 0345370775 0385474016 0385479565
155027,0446672211 0312195516 0671003755 0385505833 0440498058 0380002930 0440226430 0399149325 0140067477 0440401585
155035,3442541751 3150000017 3492045170 3423201509 3423202327 3426029553 3257229534 325722575X 3423202947 3257227809
155043,0671004530 0553582747 0440234743 0440226430 051513287X 0515131229 0515130389 0515132020 0440217547 0385503822
155047,2253063339 2253150711 2253044903 0345339711 2070408507 2253005274 2266023039 2070360024 2253057843 2290311782
155091,0515132020 051513287X 0515131229 0515128554 0515128546 0515126772 0515136530 0446611867 0515135062 0385504209
155141,0439136369 0439064872 0385335881 0385729332 0060928336 0743418174 0679751521 0385336179 0385335482 0140298479
155147,0553572997 0446310786 0452264464 0452282152 044021145X 002542730X 0345370775 0446605239 014029628X 0380002930
155149,3442541751 3150000017 3492045170 3423202327 3423201509 3257229534 3423202947 325722575X 3426029553 3257227809
155173,0385508042 0140254544 0385497466 0070212570 0140257934 0385493800 0060930535 0316969680 0385472951 0385490992
155199,0671027360 0066214122 067976402X 0385486804 0525947647 0060392452 0316569321 0553213148 0440241073 0671510053
155219,0385335482 0385335881 0743418174 0385336179 038550926X 0060096195 0316096199 0385335830 0156027321 0688177743
155237,3442541751 3150000017 3423202327 3492045170 3423201509 325722575X 3426029553 3257229534 3423202947 3257227809
155260,051513287X 0375727345 0515131229 0515128554 0671744216 0446611867 0140254544 0385484518 0743418174 0446675059
155287,0142000205 0060976845 0345361792 0316601950 0385498802 0375727345 0375707972 0385265700 067976402X 0345439104
155306,0385504209 0345417623 0345353145 0452282152 0425107469 0312305060 0786868716 0425153975 044023722X 0425128164
155317,0316666343 0552124753 0099771519 0552131067 0552131059 0552137030 0552131075 0552128481 0552998001 0312291639
155319,8408043641 0375726403 0385492081 8433969978 8432206407 0684874350 8420441708 0553274503 0399144463 8445071416
155332,043935806X 0345443284 0061097101 0375706771 0345342968 006016848X 0316666343 0439136369 0440225701 0312199430
155343,0345370775 0345353145 034540288X 0345337662 0312924585 0345313860 0345384466 0440206154 0345351525 034538475X
155349,0375725784 0679781587 0380789019 0440235596 0151008116 0345370775 0060938455 0440222656 0440211727 0786817070
155356,0345384466 0609804138 0679745203 034540288X 0553296981 034538475X 0316666343 0671024094 0070212570 0345380371
155362,044023722X 0060959037 0679781587 0375702709 0553574574 0767900383 0452282152 0452260116 0060928336 0375700757
155376,0156027321 0312305060 0375727345 0452282829 0385265700 0385504209 0375726403 0316569321 0142001430 0452282152
155383,0451167317 0451156609 0451176464 0451172817 0451180232 0451161351 0451188462 0451169530 0345353145 0451186362
155402,0671510053 0671250671 0451191145 0441790348 0440224705 0064408639 0553582364 055357258X 0446363251 000649840X
155444,051513287X 0515132020 0515136530 0515131229 0373218397 0515126772 0515136379 0515128554 0515135062 0515128546
155450,0142001740 0385504209 0449003795 0440241537 0061092614 0440236703 0345413903 0446611778 0061098795 0452282152
155454,044021145X 0345380371 0345391055 0345353145 0440213525 0345402871 0440214041 0345378490 0440224764 0440211727
155495,0345339681 0446310786 0553296981 0064400557 0590353403 0440414806 0385504209 014131088X 0439136350 0440404193
155511,3442541751 3150000017 3492045170 325722575X 3423202327 3423201509 3257229534 3257227809 3423202947 3426029553
155541,0425188787 0425178951 0449223604 0425183750 0312990456 0439064872 0449223612 0449219461 0449221512 0060173289
155580,0385504209 0142001740 0449005615 0380731851 0312278586 067976402X 0375726403 0385511612 0385265700 0156027321
155585,2253063339 2253150711 2070360024 2253044903 0345342968 2070408507 2253057843 2266023039 2264027134 2290311782
155603,044922046X 055357258X 044651652X 0316781010 0679746048 0345465083 0804106304 0345337662 0446310786 0385492081
155650,0553260111 0345339703 0439136369 0345339711 0439064872 0345339738 0345339681 0439139600 042510107X 0439139597
155669,0553572997 0553582747 0451166892 0316666343 0446610038 0671042262 059035342X 067976402X 0553569031 0449006522
155680,0441569595 0345417623 0451524934 0552137030 0441102670 0345339681 0380789019 0156027321 0553580272 0552124753
155733,0446679593 0375727345 051513449X 0441003257 0553234811 0671705091 0345370775 0553262505 0380759497 0380400480
155743,0345413903 0446611212 0440206154 0425182908 0446610038 034541389X 0446612545 0446608815 0425182878 0440241073
155771,0425152251 0156027321 0345342968 0451524934 0345378482 0385486804 0446310786 0316769487 0140042598 0399501487
155778,0316666343 0385504209 059035342X 043935806X 0452282152 0679781587 0375726403 0142001740 0156027321 0439136369
155806,0316666343 038529929X 0399150897 0345413873 0316602906 0399145087 0399149155 0446530891 0316693006 0316603570
155807,0446667900 0425180638 0425182908 0446611611 0345447867 0425192725 0446602620 0446611638 0671011367 0380731851
155810,006101351X 0385486804 0316569321 0380789035 0142000205 0156027321 0345378482 0060391626 0671510053 0140293248
155889,0553296981 0439064872 006101351X 0060920084 0385479565 0553274295 059035342X 0446519138 0446606812 0385474016
155913,0385504209 0316777730 0380789035 0060987103 0439136369 059035342X 0060392452 043935806X 0439139597 0380813815
155916,038542017X 0440212561 0440215625 0440241073 0375703055 0446519138 0440217563 0385420161 067976402X 067169507X
155989,0425147622 0425154092 0316602906 0316693006 0399143947 0425163407 0399145087 0316693235 0425175405 0380718340
156020,0553296981 0679723161 0060929871 0684801523 0060958022 0156001314 0060977493 0684801221 0312305060 0060929790
156096,0060928336 0452282152 059035342X 0451156609 0060938455 0345370775 0451526341 0451167317 0553582755 0446606812
156111,0375725784 0440235596 0679781587 0440222656 0060938455 0345370775 0786817070 0151008116 0440223202 0380789019
156150,0440212561 0743227441 0312278586 0439136350 0553578308 0380012863 0425147622 0060915544 0140067477 0373825013
156161,0451524934 0441569595 0553572997 0440180295 0375725784 0345342968 0345350499 0060916508 0060976845 0441172717
156163,0375726403 0375725784 0452282152 0345361792 0060977493 0060987103 0156027321 014023313X 0375703861 0156028778
156214,0399150897 0385510438 0316603570 0316602906 0385511612 0316693006 0440206154 0316603287 0385508042 0553802496
156243,0439136369 0439136350 059035342X 0439139600 0439064864 0439139597 043935806X 0590353403 0312278586 0451166892
156269,0385492081 0385486804 0446604666 0061097853 0439136369 0312990456 059035342X 0449223612 0060173289 0515102652
156274,0439064872 0439136369 0439139600 043935806X 0312195516 0553272535 0439139597 0345342968 0804106304 0446310786
156279,0553572997 0060929871 0439064864 043935806X 0618002227 0439136350 0345391802 0312924585 0439139600 0553274503
156300,0553580191 0345378490 0553582747 0345386108 0425107469 0842329129 0786868716 0345384350 0452282152 0425115801
156342,0385504209 044023722X 0440241073 0060938455 0312291639 0312421273 0671027360 0156027321 0446672211 0060934417
156343,0375726403 0375412530 0684874350 0385504209 0312305060 0142001740 0399146431 0060175400 0375413634 0385722206
156390,0140620427 0140620109 0140620222 0140620184 0345361792 0140620338 0330375253 0099771519 0316769487 0140620664
156391,044651862X 0440222656 0345370775 0375703063 0060173289 0446606812 0316781142 0060175400 0440224624 0440235162
156395,0385504209 0345339681 0345339738 0345339703 0345339711 0446611867 0345417623 0312983271 0142001740 0060930535
156424,3442541751 3150000017 3257227809 325722575X 3423202327 3423201509 0140620222 3257229534 3492045170 3423202947
156432,0060392452 0446532231 0385504209 0385722206 0671027360 0671004107 067976402X 039592720X 0142001740 0375725784
156462,0671003755 0316601950 0671021001 0312983824 0385492081 0440213525 0446310786 0440220602 0399501487 0060930535
156467,0316284955 0142000205 0373218397 0425180638 0156027321 051513628X 0425158616 0373483503 0515120006 0373218192
156483,0515136379 051513628X 0515136530 0515135062 0446610038 0373218966 0515121843 0373218192 0425183971 0373218958
156502,8408043641 038082101X 8445071416 8433969978 8432206407 0440224675 8478884955 0060929871 8477204055 0060927216
156510,044023722X 0312291639 0375726403 006099486X 0380731851 0375727345 0425175405 0425180638 0440223202 0446607657
156527,0312195516 0312278586 0316284955 0316769487 0679781587 0156027321 0316776963 0385486804 0446672211 0316096199
156534,0091867770 0099771519 0552996181 0684865742 0552124753 0446532231 0316899984 0749395990 0330375253 0330332775
156540,0060934417 0151008116 0316096199 0060977493 0345361792 044023722X 0446673544 0375725784 0375726403 038079487X
156548,0140293248 014028009X 0312278586 0385335482 8806143042 880781210X 0312422156 8845215989 8845237303 006101351X
156551,0061009059 0312971346 0312966970 0671001795 0312976275 0312980140 0312983867 0312990456 0312265867 0312265859
156566,0505523752 0505524090 0380820854 050552354X 0380814803 0671027573 0451207947 0060002050 0515135216 0373218192
156575,0385335881 0140293248 0385336179 0743418174 0312278586 0385504209 0679746048 0140298479 0375725784 0385730586
156584,0671027360 0380731851 0440241537 0312995423 0060934417 0156027321 0452283205 044661162X 0446611638 0425180638
156609,3442541751 3150000017 3492045170 3423202327 3423201509 3257229534 325722575X 3423202947 3426029553 3442092981
156659,0451184963 0451172817 067102423X 0609804138 0380018179 0451167317 0440222656 0385424736 0451156609 0671024248
156670,0452282152 0345417623 0312195516 0060936231 0553572997 0380977788 0060929871 055321313X 0028604199 0385722206
156673,3442541751 3150000017 3492045170 3423201509 3423202327 3257229534 325722575X 3423202947 3426029553 3257227809
156698,0679781587 0142001740 0060987103 0061097314 0060987529 0061009059 0684853515 0671003755 0140293248 0684867621
156706,0446310786 0060502258 0316769487 0446608955 0440180295 0446610038 0345391802 0439064872 0316666343 0440498058
156726,0345370775 0060173289 0385486804 0385497466 0316666009 0316666343 0385199570 0060938455 0440213525 0312305060
156736,0156027321 0553582747 0399149325 0312305060 0425107469 0316666343 0786868716 0449212602 0312278586 0425124347
156765,8408043641 8432206407 8433969978 8445071416 8478884955 8420441708 8477204055 8420616893 8423310353 8433925180
156837,0330332775 0552996009 0552137030 0099771519 0590660543 0553280341 0552998486 0552124753 0553280368 0449221512
156870,0316666343 0671020293 0671534734 0671020307 0671534718 0671020323 0440234743 0446310786 0440200563 0312291639
156876,0679723161 8408043641 0316666343 038082101X 0451167716 0060929871 0060930535 8433969978 8445071416 0684801523
156971,2253063339 2253150711 2253044903 2070360024 2266023039 2290311782 2205054252 2253057843 2070408507 2253005274
156972,2253063339 2253150711 2070360024 2253044903 2266023039 2253057843 2205054252 2290311782 2070408507 2253152846
157018,0786868716 044651652X 006101351X 0385484518 0425115801 0446532231 0451156609 0060502258 0671024248 0345370775
157038,8408043641 8433969978 8445071416 8432206407 8478884955 8420616893 8477204055 0671727796 0156013924 8478886451
157065,3442541751 3150000017 3492045170 325722575X 3423202327 3423201509 3257229534 3423202947 3426029553 3404118960
157068,0684801523 0553213105 038542017X 0553272535 0060916508 0345342968 0446611085 0440215625 0140298479 0385420161
157082,2253063339 2253150711 2253044903 2070360024 2266023039 2290311782 2253057843 2253005274 2070408507 2277260029
157083,0312291639 0060928336 0385504209 0316601950 0452282829 0060502258 0060930535 0385335482 0452282152 0385484518
157101,0345417623 044023722X 0440241073 0440236673 0440224764 0440234743 0060987103 0440213525 0345378490 0440221471
157118,8408043641 8433969978 8432206407 8445071416 0151008116 8420616893 8477204055 8478884955 0684859335 0156013924
157127,0385504209 0671027360 0515128554 0515126772 051512317X 0515128546 0515121843 0515132020 0373218397 0515124214
157163,0375706771 0345362861 0345339495 0345335082 014023313X 0345384911 0345368991 0345434692 034536676X 0060914653
157187,0385504209 0142001740 0312195516 0060934417 0156027321 0316666343 0345417623 0345424719 044023722X 0440222656
157192,0060930535 0452282152 0060987561 0142000205 0452282829 067976402X 0671003755 0316601950 0060959037 0671510053
157208,0670835382 0684867621 0670839531 0452279178 0345444884 0375504397 0525941908 0670868361 0670858692 0451184963
157247,0440206154 043935806X 0684872153 0446612545 068484267X 0425172546 0316284955 0425166619 0440224675 0671025341
157252,0679781587 044023722X 0440241073 0156027321 0316666343 0345417623 0142001740 0312305060 0385504209 0446605239
157273,0142001740 0312983271 043935806X 0061009059 0452282152 0671027360 0345339681 0743418174 0553279912 0060987103
157281,0446364193 0440206154 0446610038 0446601241 0440221471 0345380371 0440220602 0440234743 0312924585 042510107X
157290,0375706771 0440212561 0440215625 0060976845 0060928336 0312195516 044022425X 0446672211 0140298479 0440226104
157313,2253063339 2253150711 2070360024 2253044903 2266023039 2290311782 0747532745 2205054252 2253152846 2070408507
157347,0452282152 8445071416 0671021001 8432206407 8408043641 8433969978 0440211263 0312924585 8420616893 8478884955
157380,0345337662 0345313860 0345351525 034538475X 0441569595 0440180295 0679735771 0399501487 0345342968 0380789035
157468,044651652X 0439064872 0439139600 059035342X 0439136369 0515128554 0440235596 0515126772 0786881852 0439139597
157536,0156027321 0385486804 0345342968 0312195516 0316168688 0385504209 0452282152 014025448X 0312306326 0140265686
157543,0312278586 0140293248 0385730586 0553296981 015100692X 0671027360 0316678104 0140298479 0449005615 0553578308
157558,0679781587 0142001740 0312305060 0440241073 0671021001 0060938455 031242227X 0380813815 0385492081 0553279912
157594,0440211727 044021145X 0440213525 0440214041 006101351X 0440220602 0425175405 0440234743 0440221471 0425180638
157625,0385508042 0385504209 0385503822 0316693006 0316969680 0399150897 0385490992 0316603570 0066214122 0316602906
157655,0446606189 0446364193 0446607657 0446604801 0446612790 0446601241 0446611212 0446605484 0425180638 044021145X
157660,0380730138 0375727345 0671003755 0060976845 0316601950 0060987561 0385720106 067976402X 0375706771 0375707972
157768,3442541751 3423201509 3423202327 325722575X 3492045170 3257229534 3423202947 3150000017 3426029553 3257227809
157787,0316666343 0385335482 0385730586 0316601950 0679746048 0446670251 0385335881 0446606812 0140293248 014100018X
157799,0316284955 0440206154 0671041789 068484477X 0385265700 0140244824 0140293248 044651652X 0312195516 0671021001
157811,0345337662 0399501487 0553272535 0446612545 038550120X 0609804138 0553279912 0553375407 0449003795 0345417623
158033,034538475X 0345351525 0345313860 0345337662 0060928336 0142001740 0449212602 0440206154 0345404319 0312195516
158034,0440220602 0440236673 044023722X 0440211727 0440241073 0440225701 0440234743 044022165X 0446672211 0440241537
158043,0446364193 0440226430 0446608815 0553582755 0446610038 0446611212 0380789035 0553582747 0425154092 0440224675
158077,0345351525 0345337662 0345313860 0345384466 034538475X 0345404319 0060930535 0345409671 034540288X 0345422384
158100,0451172817 0451167317 0451176464 0312924585 0440206154 0156027321 0316777730 0451169514 0451177096 0425147622
158103,0425175405 0446610038 0446364193 0446606189 0425154092 0446601241 0345353145 0425143325 0440234743 0446612545
158104,0385504209 0452282152 0156027321 0449005615 0316776963 0316096199 0679781587 0743418174 0312305060 0151008116
158172,0060928336 0316601950 0446672211 0060930535 0385335482 014028009X 0140298479 0375706771 0446605239 0142001740
158226,0552137030 0451163966 0684801523 0552124753 0380002930 0552145424 0552134627 0552140287 043935806X 0553572997
158254,0312291639 0446672211 0375726403 0140293248 0140119906 0345384466 0345439104 0446670251 0375727345 038572179X
158269,0142001740 0312305060 0375726403 038079487X 0060959037 0446675059 0743237188 0671003755 0375700757 0446672211
158285,0671004573 044021145X 0440241537 0671793489 0446611867 0440221471 0446605239 044022165X 044023722X 0373218036
158295,0425153975 0380718340 0345413873 0345384369 039914465X 0451188462 0451156609 0142001740 0425121259 0451153553
158304,0316096199 014028009X 0316666343 0425152251 0385512104 0743418174 0552998486 0446670251 002542730X 0684872153
158332,006099486X 0380789019 0345313860 0684833395 034538475X 0671027344 0399151648 0156012197 038550926X 0553284363
158339,3442541751 3150000017 3492045170 3423202327 3423201509 3257229534 325722575X 3423202947 3426029553 3257227809
158344,0312195516 0552996009 0330332775 0552124753 0684874350 044651652X 0099771519 0552137030 0385486804 0749397543
158347,0385504209 0440241073 044023722X 0440221471 0671027360 0440236673 044022165X 0440234743 0061015725 0440225701
158361,0375700757 0452260116 038082101X 0425180638 0345447840 0553277472 0452282152 0385505833 0380816555 006000438X
158385,0316666343 0156027321 0316096199 0385484518 0142001740 0385511612 0312278586 0671027360 0446605239 0312195516
158433,0345391055 0425116840 042510107X 0425109720 0440234743 0345380371 0440236673 0425170349 0451156609 0671041789
158454,8408043641 8445071416 8432206407 8433969978 8478884955 8477204055 8420616893 0312924585 8433925180 8478884459
158506,0451524934 0345342968 0446310786 0316769487 0345391802 0684801523 0060929871 0345370775 044021145X 0060502258
158509,0439064872 059035342X 0140067477 0312195516 0316666343 0671708635 0446608955 0439136369 0439139600 0439136350
158535,0312976275 0345348036 0449213943 0375700757 0380816547 0671510053 0312966091 0380725231 0312966970 0064407691
158559,0684872153 0679781587 0440206154 059035342X 0060392452 067976402X 0060938455 0679746048 0671027360 080410526X
158567,0375707972 0060392452 0441569595 0060938455 0671021001 0552137030 0345380371 0671894455 0446605239 0062502182
158589,0553262505 0380789035 0441790348 0441003257 0553562614 059035342X 0345378482 0786817070 0345337662 0345409469
158606,0440214041 0440211727 0425083837 0345337662 0345380371 0425109720 0440222656 0312924585 044021145X 0425143325
158615,0316666343 0312278586 0446672211 0142000205 0553582747 0345441036 0446610399 0451205421 0553582755 0446608955
158618,0385722206 0345387651 0060915544 080410753X 0380727501 0684874350 0060977493 0553377868 0099771519 0156007754
158627,8408043641 8432206407 8433969978 0312924585 8478884955 8477204055 8478886451 8478884459 8423310353 8420441708
158688,0439136369 059035342X 0345342968 039480001X 0439064872 043935806X 006016848X 039480029X 0439139597 0439139600
158714,0345417623 0345370775 0440224675 0345380371 006016848X 0446364193 0440206154 0425154092 034540288X 0312195516
158774,0060928336 0316777730 0440226430 0060976845 0316769487 0439064872 0425152251 0380002930 0385335482 0440213525
158791,0671021001 0060915544 0671003755 0425167313 0446672211 0425162443 0684872153 0452264464 0142000205 068484477X
158846,044023722X 0440241073 0440213525 0440234743 0440206154 0440222656 0440211727 0684872153 0375727345 044022165X
158852,0312195516 0060934417 044023722X 0452282152 0060921145 0060930535 0142001740 068484477X 0375726403 0060977493
158867,0679781587 0786868716 0316666343 0060938455 0425154092 0091867770 0425175405 0671023616 0684862719 0446610038
158984,0312980140 0671001795 0316601950 0061009059 0140298479 0312983867 0312971346 0312966970 0446610542 0446611867
158997,0671027360 0316779423 0385504209 0312306326 0060175966 0440178002 0385512104 0399147195 0441790348 0060920084
158998,2253063339 2253150711 2253044903 2070360024 2266023039 2290311782 2205054252 2253005274 2070408507 2253152846
159004,0060934417 0375726403 0385504209 0671027360 0151008116 0743418174 0142001430 0375703861 0060987103 0679781587
159033,0380002930 0679781587 0440220602 067976402X 0142001740 0385492081 0684872153 0060502258 0440213525 0440211727
159044,0671027360 0440241537 0440241073 0385504209 0446612790 0345413903 0061015725 0446611611 0380731851 0399150897
159050,0312195516 038572179X 0552124753 0064407667 0380813815 0552137030 0552131067 0380789035 0316666343 0060987103
159137,0060987103 0060987529 0385722206 038572179X 0312282990 0060959037 0441790348 0452283205 0060958022 014100018X
159156,0345370775 0440414806 039480001X 039480029X 0440220653 0064400557 014034294X 0064400034 0440498058 0064400018
159211,0316666343 0671003755 0316284955 0312195516 0446672211 0385486804 0375703861 0091867770 0099800403 0156027321
159213,0312976275 0312966091 0440206154 0312966970 0451153553 0671001795 044661193X 0312971346 0446604666 0061009059
159230,0671027360 0385508042 0385511612 0316666343 0142001740 0385497466 0312263120 0385490992 0345339711 0679781587
159259,0312291639 044651652X 0345337662 0316769487 0345351525 0345313860 0060502258 0385505833 0446607657 014028009X
159283,0091867770 0330332775 000649840X 0345384466 0446532231 0060392452 0552998001 0099771519 0099747200 0552996181
159308,0385504209 0553296981 0156027321 0786868716 034540288X 0446611867 0446608890 0312291639 039592720X 0316096199
159333,0439064872 0439136369 059035342X 043935806X 0345339681 0439139600 0385504209 0345339703 0345339711 0316666343
159390,0684872153 3150000017 3442541751 3423202327 3423201509 3257229534 3492045170 325722575X 059035342X 3257227809
159394,2253063339 2253150711 2253044903 2266023039 2070408507 2253057843 2205054252 2070360024 2253005274 2253152846
159428,0385335881 0385335482 0312278586 0060096195 0385730586 0385335830 0446670251 0060085452 0140293248 0440241413
159429,0140293248 0312278586 880781210X 0312422156 0060502258 0385335482 014028009X 8806166484 0440212561 8806143042
159455,0446611867 0316096199 0446605239 0446610399 0312278586 0142001430 0060987103 0385335482 0385335881 0060934417
159506,0345370775 0451524934 0345380371 0440214041 044022165X 0451526341 0316769487 0345353145 0553572997 059035342X
159564,0312305060 0028604199 0552998486 0156628708 006050918X 0375504613 0385334923 0452280621 0552998001 0312274920
159647,0671027360 0385504209 0440241537 0515130389 0312995423 0446612790 0440241073 0446610038 0553582747 0373218192
159687,0060977493 038082101X 044023722X 0140042598 0060915544 0452282152 0060929871 0140298479 0375725849 0060936363
159720,0452264464 0385722206 0140298479 0060915544 0452282152 0679781587 0060934417 0312305060 014028009X 0375725784
159727,0440241073 0446610038 0446606189 0446611212 0786868716 0446605484 0385484518 0446608815 0446605409 0446359866
159732,0312990456 0061009059 043935806X 0312265840 059035342X 0312980140 0312971346 0312966970 0345339681 0312976275
159754,0440241537 0440221471 0385511612 0440224764 0440225701 0440226430 0446607657 0425154092 0385508042 0385504209
159783,0446672211 0440225701 0440213525 044651652X 0440211727 044021145X 0316666343 043935806X 0446610399 0446310786
159787,0375725784 0060930535 0553572997 0375726403 0449005615 0060921145 0679781587 0061097314 0345361792 0316776963
159802,0385730586 059035342X 0440414806 0385335881 0064407675 0060928336 0064407683 0385335482 043935806X 0439064872
159817,0440226430 0446672211 0375707972 0316899984 0142001740 0385484518 0375706771 0446605239 038079487X 0345361792
159822,0385504209 0446605239 0515135062 0142001740 0515131229 0385335482 0385336179 0446531332 051513287X 0515132020
159834,0345337662 034538475X 0439064872 044651652X 0345313860 0446608955 0345351525 0380789019 043936213X 059035342X
159854,0375727345 0060928336 0060930535 0060959037 0316601950 0345361792 0452282829 0060934417 0142001740 0312291639
159858,0345402871 0316666343 0312924585 0345370775 0345378482 0312980140 0345391055 0061009059 0446359866 0345361792
159860,0345313860 0345351525 0345397819 0345404319 0449212602 0345409671 0060930535 044651652X 0345334531 0345369947
159863,0099771519 0330332775 0552998001 0330375253 0099279274 0552137030 0552996009 0091867770 0446605239 0440206154
159868,0553574671 0553578316 0553578308 0679781587 0515111279 0425152251 0515127396 051510566X 0515115649 0671028375
159946,0142001740 0380789035 0156027321 0060938455 0060987103 0062502182 0375725784 0452282829 0385504209 0312195516
159950,0060930535 0679781587 0345313860 0446672211 0060928336 0440236673 0140293248 0671510053 0380789019 0804106304
159954,0060928336 0316284955 044023722X 0679781587 014028009X 0060959037 0060976845 0452282152 0375703055 0060392452
159977,0385504209 067976402X 0679751521 0060928336 0440234743 0446310786 0452282152 0553272535 0060916508 0452264464
160032,3442541751 3150000017 3423201509 3423202327 3492045170 325722575X 3423202947 3426029553 3442092981 3404148665
160062,043935806X 0151008116 0312421273 0060929871 0439139597 0312282990 0679723161 0451191145 0553274503 0316666343
160077,0312305060 0060959037 0060915544 0385722206 0312195516 0060934417 0142001740 0440414806 0452282152 0446365386
160101,0060987103 0380002930 0064407667 0345361792 0156027321 0060987529 0441003257 0449911519 0385722206 0316779423
160109,0316666343 0385505833 0385490992 0385503822 0553106643 0385497466 038529929X 0345452534 0679426159 0449215296
160154,0385504209 0451163966 0440180295 0156027321 0060929871 0451524934 0679723161 0060916508 0684801523 0590353403
160168,0345337662 0345313860 034538475X 0345384466 0345409671 0345397819 0060928336 0345404319 044651652X 0345422384
160180,0446605239 0440226430 0446606812 0451203771 0786868716 0316096199 0515131229 0385505833 0140067477 0446611085
160196,0786881852 0385730586 0440224675 0553272535 0440226104 0440204887 0316601950 0743418174 059035342X 0446606812
160200,0380789019 0552137030 0552131075 0380789035 0812550706 0552140295 0552145424 0552134627 0552134651 0441569595
160231,0345313860 0345351525 0345384466 0345409671 0345422384 0345334531 0345369947 0345434803 044651652X 0060928336
160242,0345370775 055321313X 0553213148 0394820371 0553213172 0446365386 0312305060 034540288X 0312924585 0553213180
160295,0060938455 0786881852 0671250671 0345417623 0060987103 0679429220 0684872153 0671708635 0804106304 0449212602
160332,0375726403 0452282152 0142001740 0060959037 0385722206 0060930535 068484477X 0312305060 0060934417 0312195516
160334,0142001740 0060959037 0446672211 044023722X 0345443284 0345424719 0060976845 0316666343 0671510053 0312305060
160344,0425163407 0425175405 0425147622 0380718340 0380718332 0425158616 0440224764 0446364193 0440226430 0380717018
160346,0312924585 0671021001 0679429220 0440206154 0385472951 0679446486 0440214041 038550120X 0375504397 0316969680
160361,0440221471 0440220602 0425180964 0440234743 0440236673 042510107X 0425116840 0425109720 0425143325 0425150143
160378,0385722206 0385504209 0375707972 0451526341 0440234743 0375727345 0671021001 0375706771 0345378490 0060928336
160381,0380789035 0060987103 0380789019 0064407667 0345361792 0316769487 0385492081 0441790348 0060987529 0142001740
160393,059035342X 0439139600 043935806X 0439136350 0439064864 0439139597 0316666343 0590353403 0345339681 0345342968
160401,0316666343 0345417623 0446610038 0312278586 0446609404 0316601950 0441172717 0385503822 0385484518 0671250671
160431,0316601950 0312195516 0671021001 0316666343 0375706771 067976402X 0140293248 044651652X 0671003755 0446310786
160432,2253063339 2253150711 2253044903 2070360024 2266023039 2290311782 2253057843 2205054252 2070408507 2253005274
160434,0345339681 0345339738 0446310786 043935806X 0439136350 0439064864 0439064872 0590353403 059035342X 0439139600
160507,0380731851 0380817691 0671024108 0449223612 0451206525 0440236169 0446602620 0671026011 0671042262 0671021001
160511,0553279912 0446310786 0553578316 0515090174 044023722X 0060502258 0449221482 0446605239 0449221512 0345417623
160541,0553272535 0553296981 0425172546 0440235596 0440204194 0553250531 0671042572 0099245027 0345301110 0440221595
160548,0804106304 002542730X 0312278586 0345417623 0316096199 0385504209 0553213148 038542017X 0375504613 038572179X
160558,0345370775 0451176464 0316769487 0451524934 0440206154 0451160525 0451137965 0451168615 044023722X 0451183665
160571,0375727345 0316666343 0385504209 0375726403 0316776963 0671003755 0156027321 0060977493 0140293248 0743418174
160574,0385503822 0316693006 0385497466 0385490992 0316969680 0446364193 0446610038 044651652X 0385424736 0316693200
160633,0060928336 0385504209 0316284955 0679781587 0440226430 044023722X 014028009X 0743418174 0449219364 0440224764
160636,0440226430 0316769487 0671027344 0786881852 0316779423 0553375407 0062502182 0316777722 0671894455 0842329218
160681,0425152251 0399501487 044021145X 0446310786 0440235596 0451184963 0440220602 0553208845 0451163966 0066214122
160735,0440226430 044651652X 0316666343 0440217547 0440213282 0440184053 0440200563 0440176484 0446672211 0440222656
160746,0385510438 0316602906 0316603287 0316693006 0385508042 0399150897 0385511612 0316969680 0316603570 0316693200
160769,0156027321 0316666343 0330332775 0452260116 0345350499 0099747200 0971880107 038549081X 0671727796 0446670251
160803,0425192725 0312995423 0312980140 0515130389 0449003795 0451203771 0671027360 0060502258 0425188787 0312983271
160819,0380730138 0743237188 0385265700 0385335482 0385336179 0316601950 037570504X 0446670251 0375707972 0060987103
160864,0440207622 0440343194 0451205421 0446364193 0345441036 0316569321 0385420161 0684874350 0345439104 0345338588
160871,0345339681 0345378482 0156027321 0385504209 0553296981 0316666343 0345438329 0345353145 0060188731 038550120X
160878,0312195516 0060976845 0316601950 0671021001 0679781587 0375700757 0385335482 0060392452 0385504209 0142001740
160881,0385504209 0312282990 0312195516 0316777730 0060938455 0375725784 0060929871 0140119906 0316776963 0393319296
160939,0446672211 0345445848 0312195516 068484477X 0060959037 067976402X 0345435168 0452282152 0440498058 0316601950
160943,0316777730 014028009X 0446601241 0345313860 0767905385 0679735771 0679429220 0446610038 0385498802 0142001740
160994,0316666343 0142000205 0312278586 0345443284 0375706771 0316781266 0446672211 0316284955 0375502238 0316096199
161037,0345378490 034540288X 0345380371 0440206154 0451156609 0345337662 0345353145 0451177096 0425121259 0440224675
161039,0375504397 0451156609 067102423X 0451167317 0452279178 0670855030 0451155750 0670844527 0451163524 0451172817
161041,0684801523 0345342968 0316769487 0060929790 0451526341 0156027321 0451524934 0679745203 0425152251 0060809833
161065,3442541751 3150000017 3492045170 3423202327 3423201509 3423202947 325722575X 3426029553 3257227809 3404148665
161098,8408043641 8433969978 8432206407 8445071416 0151008116 8478884955 8420616893 8477204055 8401328942 8433925180
161101,0440220602 0440234743 044021145X 0440241073 044022165X 0440225701 0440214041 0345313860 0451166892 044023722X
161102,0345353145 0345370775 0440211727 0440214041 0345391055 044022165X 044021145X 0440213525 034540288X 0446359866
161200,059035342X 0439064872 0671744216 0515107662 0345339703 0380814803 0440215625 0380820854 0439136369 0553561537
161211,0316769487 0451524934 0345342968 0385486804 0399501487 0441569595 0451191145 0671004107 0684801523 0312924585
161222,0060938455 0451524934 0553277472 0440180295 0316777730 0393319296 0399501487 0446532231 0380789019 0679735771
161234,0439064872 0440222656 0842332251 059035342X 084232920X 0842329285 0842329161 0312195516 084233226X 0786868716
161250,0446610038 0446612790 0440241073 0440241537 0440221471 044023722X 0312971346 0061009059 0446607657 0446605484
161252,0156027321 0142001740 0671027360 0452282152 0316666343 0060928336 0375706771 0060930535 0375727345 0151008116
161265,0156027321 0684874350 039592720X 0553273914 0060938455 0142001740 0452282152 0425152251 0375705856 0316769487
161268,043935806X 0380789035 0345342968 0312980140 0451191145 0060502258 0312983271 0345413350 0312980159 044651652X
161275,0440226430 0375706771 0385265700 0140067477 0671042858 0446364193 0345361792 0451188462 0446310786 0451184963
161299,0385504209 0312983271 0312980140 0671027360 0446611212 0345413903 034541389X 0440241073 0440241537 031298328X
161326,0156027321 0316666343 0385504209 0060934417 0452282152 0385722206 0375726403 0060930535 0375725784 0312305060
161346,0312966091 0061009059 0312966970 0312971346 0312980140 0312976275 0312265859 038550120X 0312983867 044651652X
161348,044022165X 0440220602 0425163407 0345353145 0345370775 0440225701 044023722X 0345380371 0345337662 0440224764
161361,0684872153 044651652X 051513287X 0440206154 0552124753 0446605239 0375707972 0515133973 0515132020 0671011367
161373,0439064872 0439136369 0439139600 0440241073 0446610399 0446608955 043935806X 0439136350 044023722X 0061015725
161385,0440234743 044023722X 0345402871 0440241073 0440236673 0440211727 0345353145 0440221471 0440225701 0425143325
161391,0385335881 0385335482 0385730586 0312966091 0671001795 0385335830 0312971346 0385336179 0064472272 0312966970
161443,0451169530 0399501487 059035342X 0439064872 0142001430 068484267X 0451209907 006101351X 0671727796 0449002632
161448,0440224764 044022165X 0440213525 0440220602 0440206154 0425175405 0312924585 0425154092 0446605409 0440234743
161462,0440214041 044021145X 0440213525 0440224764 0440220602 0440221471 044022165X 0440236673 0440234743 0446672211
161467,0316969680 0385503822 0316693235 0316666009 0316693200 0385490992 0316693006 0385505833 038550120X 0316666343
161476,0446364193 0312924585 0440224675 0440206154 0441569595 0375707972 0385492081 0425175405 0385479565 0446610038
161480,2253063339 2253150711 2253044903 2070360024 2266023039 2290311782 2253057843 2070408507 2205054252 2253005274
161498,3442541751 3150000017 3423202327 3492045170 3423201509 3423202947 3257229534 325722575X 3426029553 3442092981
161511,0142001740 0316769487 0156027321 0060928336 0375700757 0375727345 0060502258 0316776963 0345337662 0316666343
161533,0156027321 044023722X 0316666343 0452282152 0060977493 0375726403 0060934417 0312305060 0316096199 0142001430
161577,0330262130 0552137030 0552124753 044651652X 0330367358 0552131067 0552128481 044651862X 0552131059 0552996009
161619,0345361792 0786881852 080410753X 0786868716 0671708635 0446532231 0385490445 0684874350 0440221471 0060915544
161652,3442541751 3423201509 3492045170 3423202327 3423202947 3426029553 3257229534 325722575X 3150000017 3442092981
161662,0743418174 0312278586 0312966806 0385335482 0316969680 0060096195 0385508042 0385335881 0312971125 0385336179
161677,0312195516 0060502258 0060928336 0312278586 0553211404 0060987529 0452282152 0385720106 0449212602 0385722206
161685,0312924801 0099771519 002542730X 0452282152 0515131229 0553572997 0451203771 0515132020 0028604199 044021145X
161744,0679781587 0385504209 0375726403 0316666343 0385492081 0151008116 0060934417 0446612545 0316776963 0446608815
161750,0440212561 0553582526 0440215625 0312980159 0515128554 0515130966 0446611867 0515131229 0515124214 0515136530
161752,0061009059 0312966970 0312971346 0312976275 0312980140 0312983867 0312990456 0312265859 0345370775 0312265840
161755,0345339681 0345339738 0345339711 0385504209 0439064872 059035342X 0439136369 0439139600 043935806X 0316777730
161777,3442541751 3150000017 3492045170 3423202327 3423201509 325722575X 3257229534 3426029553 3423202947 3442092981
161831,0425128164 0553582747 0425121259 0553580191 0425107469 0425144429 0786868716 0345384350 042513525X 0345386108
161870,0440241073 0671510053 0446606812 0375703055 0440224764 067976402X 0446605239 0425185710 0446605484 0446612545
161872,0345339681 0385504209 0446310786 0439064872 0553260111 0385484518 0439136369 0439136350 059035342X 0590353403
161873,0440211727 0345378490 051513628X 0446610542 0440234743 0515136379 0440214041 0446364266 044021145X 0312971125
161880,0345361792 0060930535 0679429220 0060921145 0060987529 0140119906 0684874350 0385424728 0070212570 0060391626
161882,0062502182 0553582747 0671021001 0449005615 0380731851 067976402X 0446611212 0385492081 0380789019 044023722X
161899,0060934417 0385504209 0060959037 0679781587 0375726403 0151008116 0380731851 0312195516 0060977493 0312282990
161903,0515131229 0515132020 0515128554 006101351X 0515128546 0515126772 0373484410 0515132187 0373244487 0515135062
161936,0385730586 0060934417 0804106304 0671021001 0446532231 0345391802 0446394521 068484267X 0345387651 0385265700
161974,0375726403 0316666343 0375727345 0743418174 0375502238 0064407667 0345438329 0142000205 0061097101 0440226104
161986,0679781587 0060977493 0375725784 0671510053 0684874350 0316777730 014028009X 0345361792 0140119906 0684848783
162001,0452282152 0345337662 0316666343 0449212602 014025448X 0446672211 0060930535 0671510053 0061097101 0060934417
162014,0142001740 0060392452 0061009059 0804106304 0441003257 0312305060 0345335287 0452282152 0446532231 0375707972
162017,0099771519 0330332775 0552996009 0425154092 0099727412 0590660543 0441003257 0451188462 0446606812 0140039589
162019,0439064872 0439136369 0312291639 0385504209 0679746048 0060928336 0312278586 0439139600 014028009X 0385730586
162030,0060934417 0316666343 0345361792 0316096199 0380731851 031242227X 0312966970 0061009059 0312291639 0312305060
162035,0385492081 044021145X 0440226430 0440221471 0440224764 0345361792 0385486804 0060928336 0440211263 044022165X
162052,0060502258 031242227X 0786817070 0064407667 0449003795 0142001740 0099771519 0064471101 0064471047 0786867647
162092,0451172817 0451176464 0451177096 059035342X 0451167317 0451156609 0451160525 0345342968 0451180232 0451184963
162095,0380718340 0553561618 0345337662 0446601241 055356451X 0316693294 0446605484 0316690619 0446606189 044651652X
162121,0316601950 0440226430 0312278586 0425169863 0425154092 0385335482 014028009X 0375707972 0446364193 0446610038
162137,0446608955 0446605239 0515135062 0446611867 0515136379 0515136530 0446613436 0446531332 0446610399 0373218966
162155,0345417623 0060987103 0312291639 0312976275 0312980140 0060987529 0449003787 0142001740 014023313X 0312966970
162200,0316666343 0060987103 0345413350 0345417623 0060392452 0380789019 0804106304 0440998050 0553573136 0312274920
162205,0446310786 0316769487 0385492081 0671003755 0440206154 0345391802 0679735771 0345378482 0451526341 067976402X
162219,0515095826 0515093203 051510566X 0515115649 0515107867 0515132268 0515111279 044651652X 0515120278 044922046X
162260,0345361792 0452282152 067976402X 0671510053 0446672211 0312243022 0380789035 0684872153 0375727345 0385720106
162264,0375707972 0316769487 0375700757 0375703055 0452269571 0425162443 0375702709 0375706771 014100018X 0440226104
162306,3442541751 3150000017 3492045170 3423202327 3423201509 3423202947 3426029553 325722575X 3257229534 3442092981
162311,0671027360 0385504209 0060392452 0380789019 0064407667 0380789035 0446611212 0316777730 0671527215 034541389X
162376,0156027321 0375726403 0679781587 0060930535 0312195516 0312305060 0385722206 0316666343 0312291639 0375725784
162380,0440235596 0316666343 0142000205 0375707972 0385265700 044021145X 0312195516 0446611085 0440215625 0553272535
162458,0440211727 0380731851 0425163407 0684872153 0440214041 0312924585 0345353145 0345378490 0440213525 0345339681
162465,0446672211 0312278586 0375706771 0062502182 0553272535 0671003755 0316601950 0060391626 0425167313 038533334X
162473,0380752891 0553573403 0812511816 0345318854 0440221471 0553274066 0345313151 0440211727 0345417623 0345350499
162496,0345370775 0345380371 0345378482 0345391055 0345378490 044021145X 034540288X 044022165X 044023722X 059035342X
162519,0142001740 0060502258 0375727345 044023722X 0385335482 0440226430 0385336179 0553279378 0140293248 0060928336
162538,0385504209 0156027321 0452282152 0312195516 0671027360 0142001740 0312305060 0316096199 0316569321 0375726403
162562,0385335482 014028009X 0312278586 0060928336 0440226430 0446672211 0440220602 0446605239 0440211727 044021145X
162564,0060976845 0671021001 0316601950 0446672211 0671510053 0679429220 0385335482 0440211727 0804106304 0316666343
162590,0316769487 0060928336 0316666343 043935806X 0060392452 0446608955 0440226430 0446670251 0439064864 0671021001
162596,0375707972 0345361792 0142000205 0375727345 0671021001 0446672211 0140244824 0684872153 0060959037 0316601950
162610,0440241073 0446667900 0449003795 0345402871 0449003787 0312924585 0380789035 0441003257 0446359866 0446608890
162625,0399501487 0060916508 0140042598 0451524934 0451526341 0553296981 0440219078 0446611867 038542017X 0374129983
162626,0553250531 0345351525 0345370775 044651862X 034538475X 0345313860 0385722206 0449212602 0345384466 0553280945
162639,0060934417 0385508042 043935806X 0385335830 014100018X 0316601950 0060502258 0385335881 0385472951 0441005489
162641,0385504209 0671027360 0312422156 0786868716 0385510438 0385484518 0671027387 0385508042 0385503954 0312263120
162662,044651652X 0385484518 0316601950 0345361792 0375707972 0671038184 0679429220 0142000205 0385424736 0446672211
162671,0446605239 0446606812 0385335482 0446608955 0316601950 0385335881 0446310786 0446610399 0385335830 0446672211
162715,0060930535 0140293248 067976402X 0385335482 0060976845 0345439104 0060915544 0061097314 014028009X 068484267X
162738,0380789035 0440220602 0399501487 0553572997 0060976845 0440213525 0553279912 0451184963 014028009X 0743418174
162747,014028009X 0380814021 0671027344 0440495962 0064407675 0440998050 0609807900 0440401585 0316777722 0064410129
162762,0316769487 0345353145 0440213525 0451524934 0060915544 0140293248 0679746048 0316666343 0684801523 0345417623
162775,0449221512 0553271636 0449219364 0553279556 0553284789 0449221482 0449221504 0449223612 0553279912 0449219461
162780,0316666343 0060928336 0060976845 0316096199 0142001740 0440226430 0316601950 0375700757 0425167313 0140293248
162798,0316666343 0452282152 0385504209 0099771519 0142001430 0385486804 0590660543 000649840X 0312278586 0552998486
162827,0385504209 0452282152 044023722X 0142001740 0440234743 0440241537 0440224764 0446531332 0440213525 0312291639
162840,0439064872 0439136369 0439139600 0385492081 0345339703 044023722X 0440219078 0440211263 0439139597 0345370775
162849,0449003787 068484267X 0375700757 0425192725 0142001740 0449219364 0060930535 0425175405 0449219461 0385492081
162856,0385504209 0671027360 0345339703 0345339738 0345339711 0060392452 043935806X 0385335482 0312278586 0385335881
162861,044021145X 0440211727 0440214041 0440220602 0440221471 0440224764 044022165X 0446672211 0671021001 0440234743
162886,0316666343 043935806X 0140293248 0671027360 0312291639 0060987103 0446608955 0385504209 0439136369 059035342X
162917,0679781587 0385484518 0679429220 0671510053 044651862X 0446672211 0345361792 006101351X 0316780375 0399144463
162962,002542730X 006101351X 0385492081 0060922532 0380789035 0399144463 0060938455 0140067477 0553274503 0452282152
162980,0312291639 0312924585 0060502258 0380731851 0312980140 0061009059 0425163407 0449003787 0440206154 0440236673
163052,0786868716 0446605239 0440236673 0786817070 0842332251 0842329218 0070212570 0060256737 0842329129 0399144463
163059,0316769487 0345342968 0679781587 0142001740 059035342X 0440206154 0671003755 0312195516 0312924585 0375707972
163072,0425175405 0440180295 0425147622 034536676X 0440111498 0385720920 014100018X 0140042598 0385492081 0312924585
163093,044021145X 0440220602 0316693200 0385490992 0070212570 0385424728 0440213525 0385493800 0425169863 0440213991
163128,044021145X 0684872153 0385486804 0380789035 0345361792 0385484518 0060928336 0684874350 0671027360 0070212570
163140,0345370775 0385335881 0345342968 0060934417 0684801523 0385336179 0446612790 0156027321 038549081X 0064471055
163169,0345370775 0446608955 0345353145 0440222656 0316769487 0446606812 0671021001 0440206154 0671041789 0345378482
163187,0786881852 0399149325 0312195516 038550120X 0345337662 0743237188 0312291639 0449212602 0385503822 0553280341
163194,044023722X 0440241073 0385504209 0440224764 044022165X 0440236673 0440241537 0345417623 0440221471 0440214041
163202,0316769487 0451524934 0060938455 0345337662 0671004107 0060987103 0441003257 0441172717 0380789019 0399501487
163288,3442541751 3150000017 3492045170 3423202327 3423201509 325722575X 3423202947 3426029553 3257227809 0385504209
163302,059035342X 0439064872 0439136369 043935806X 0440214041 0440213525 0439139597 0440211727 0312195516 0380731851
163307,0440211263 0440235596 0440184053 0440224837 014028009X 0440213282 0440217547 044651652X 0440200563 0440176484
163319,0380789019 0440234743 044022165X 1563890119 0064407667 0440225701 0440213525 0553572997 0930289595 044023722X
163326,0671003755 0446672211 044021145X 0142000205 0140293248 0375707972 0316601950 0345439104 0070212570 0446310786
163329,0446605239 0440226430 0345387651 0060987561 0446310786 0670892963 0452282152 0446394521 0553273914 0446611867
163335,0804106304 0786881852 067976402X 0060958022 080410526X 0142001740 0060915544 0452282152 0684859777 0151008116
163358,0345380371 0440224675 0440206154 042510107X 0425143325 0425147584 0449212602 0440236673 0345402871 0345370775
163415,0684801523 014028009X 0399501487 0385335482 0345342968 0440180295 0060915544 0140293248 0312278586 0425152251
163419,0345413350 0345413369 0446310786 0316769487 0380789019 0345417623 0060938455 0399501487 0452282152 0451526341
163430,0312195516 0553250426 0316666343 0312278586 0440222656 0446672211 0553250531 0449212602 0446608955 0060502258
163433,0440234743 0345339703 0345339681 0140293248 0440224764 0446310786 0679751521 0553279378 0345339738 0385504209
163443,0399143947 0385504209 0380718340 0399145087 0425180638 0316602906 0316666009 0316969680 0425175405 0316693200
163449,055357258X 0312995423 0151008116 0451203771 0452282152 0553574671 0553574663 0446608955 0345438329 0446606812
163462,0385504209 0375725784 0156027321 0060934417 0312282990 0452283205 0375726403 0142001805 0671041789 0345342968
163467,0446672211 0440211263 0060928336 0440222656 0446608955 0385484518 0440226430 0316666343 0380730138 014028009X
163488,0446310786 0312195516 0316284955 0380002930 0671021001 0449212602 0060502258 0316666343 0060921145 0060915544
163512,0385504209 0312195516 0060928336 0060976845 0060959037 0375706771 0140293248 0316601950 044023722X 0452282152
163517,3442541751 3150000017 3492045170 3423202327 3423201509 3257229534 325722575X 3423202947 3426029553 3257227809
163521,044022165X 0440213525 0671004107 0380789019 0441172717 0451169530 0440214041 0553573403 0375826688 0064407667
163523,0345350499 0060928336 0439064872 0553573403 0316776963 0345335465 0345337662 0440215625 0679781587 0385336179
163529,2253063339 2253150711 2253044903 2253057843 2266023039 2253005274 2205054252 2070408507 2277260029 2290311782
163533,0553250426 0553289411 0553280945 0345370775 0609610597 0345337662 0440222656 034540288X 0618002219 0553260960
163534,0330332775 0099771519 0552996009 0330367358 0552137030 000649840X 0552998001 0552996181 0590660543 0590112899
163542,0312195516 0316284955 0671003755 0316601950 0316666343 0345443284 0671038184 0375706771 0060959037 0446608955
163554,0441003257 0380789019 0380789035 0345338588 0399501487 0345314255 0345313151 0380752859 0345322231 074343627X
163570,0446611212 0345361792 0316601950 0451176464 0425109720 0451142934 034540288X 0451169514 0446605484 0446612790
163579,0671027360 0440221471 0345339703 0345339711 0312995423 0156027321 0440241537 0345337662 0345339738 0345339681
163586,0156027321 0312291639 0385335482 0330332775 0316666343 0446670251 0451166892 0385335881 0385497466 0553280341
163600,051513287X 0515128546 0515128554 0515126772 0515130389 0515133973 0515121843 0373244487 0515135062 0373484224
163608,0316666343 0380789035 0446672211 0836204387 0440498058 0345413350 0836218353 0836218620 0836218256 002542730X
163612,0446605239 0440226430 0316666343 0446610399 014028009X 051511992X 0446608955 044651652X 0385505833 0440222656
163655,0440234743 0446672211 0440224764 0375703861 0060977493 0140298479 0553582755 0440211727 0060976845 0440214041
163676,0439064872 043935806X 0439136369 0439139600 0439139597 0439064864 0345339703 0385505833 044023722X 0679746048
163681,0440211727 044651652X 0440214041 038542471X 0316690619 0385490992 0385472951 0375727345 0312195516 0142000205
163689,0385484518 0345424719 0380789035 0060987561 0446310786 0679781587 0060987529 006101351X 0385492081 0385265700
163695,0312976275 0345348036 0425080021 0446606189 0312966970 0312980140 0064408655 0449213943 0312966091 0064408647
163751,0380002930 0380789019 0552137030 0380789035 0345384466 0553572997 0446310786 0345391802 0064407675 0552131067
163754,0385335482 0385335881 0385336179 0312278586 0312291639 0743418174 0140293248 0060085452 0385335830 0385730586
163759,0385504209 0060987103 0440226430 0373226918 0684874350 0671004107 0156027321 051513225X 0375703063 0316769487
163761,0385504209 0671027360 0684874350 0060930535 0446610038 0671004107 0060987103 0316769487 0446364193 0446611085
163776,044023722X 0385505833 0312278586 0446606812 0446605239 0385503822 0446608955 0452282829 0385484518 014028009X
163796,0385511612 0385508042 0316693200 0399150897 0385510438 0316602906 0316666009 0316693006 0385503822 0316969680
163804,0316601950 0312980140 0425182878 0312983271 0425178765 0440226104 0312966091 0312986343 0446610038 0425172546
163824,2253063339 2253150711 2253044903 2070360024 2266023039 2205054252 2290311782 2253057843 2070408507 2253005274
163851,0440211727 0440220602 0671021001 044022165X 0446672211 0451172817 0440224764 0553572997 0440234743 044023722X
163876,0385504209 0316666343 0671003755 0446672211 0142001740 0452282152 059035342X 0060987103 0671027360 0060987529
163886,0385504209 0345339703 0345339681 043935806X 059035342X 0671027360 0345339711 0439136369 0345339738 0439139600
163901,0671510053 0684872153 0679781587 0345361792 0316666343 0316601950 0345459202 0385265700 0385492081 068484267X
163912,0425180638 0345348036 0451166892 0061009059 044661193X 0446604666 0451197399 0684872153 0061015725 0440213290
163914,3442541751 3150000017 3423202327 3492045170 3423201509 3426029553 325722575X 3257229534 3423202947 3257227809
163925,0099771519 0330332775 000649840X 0552998001 0552998486 0091867770 0330375253 0099747200 0140265988 0749397543
163973,0425158616 0345380371 0440221595 0061009059 0449221512 0425169863 044021145X 0440210690 0440224705 0345391055
164008,8408043641 0316666343 8432206407 8433969978 8445071416 0679781587 8420441708 8478884955 068484477X 8477204055
164027,0060928336 0385504209 0671021001 0316666343 0446605239 0156027321 0312195516 0385336179 0345384466 0440226430
164036,0446672211 0064400557 014100018X 0452260116 0671003755 0553213148 0440213525 014131088X 0312278586 0345350499
164061,0553582127 0671011367 0553579983 0425180638 0440211727 0553581554 044651652X 0553569910 0446610038 0553578693
164076,0060987561 0060934417 0060958022 0671003755 0345361792 0440234743 0375726403 0142001740 067976402X 014025448X
164096,0452282152 0316666343 0099771519 0553572997 0671727796 0060392452 0440211727 0142001430 0330262130 0060936231
164105,0316666343 0060928336 0446672211 0312195516 0060976845 0671021001 0375727345 0345443284 0375706771 0142000205
164140,0375706771 0316769487 0060930535 0375727345 0345443284 0142000205 0140293248 0671003755 0446672211 0385265700
164150,0345361792 0553277472 0441003257 0440180295 0060987529 0441790348 0345342968 0451160525 0316769487 0345348036
164191,0385504209 0671021001 0060928336 043935806X 0060929871 0385335482 0316666343 0590353403 0156027321 0385498721
164206,0385335482 0140293248 0312278586 006101351X 0385335881 0679429220 0553250426 0449003787 0385479565 0156012197
164252,0385503822 0316693200 0316693251 0316969680 0385508042 0385424728 0385497466 0316603570 0684874350 038550120X
164301,0312983824 0345438329 0671003755 0345391055 0312966806 0060915544 014029628X 0446359866 0446606324 044021145X
164307,3442541751 3150000017 3492045170 3423202327 3423201509 3257229534 325722575X 3423202947 3426029553 3257227809
164323,0440211263 0060928336 0440224764 0446310786 0440241073 0385492081 044022165X 0440221471 0440220602 0440213525
164348,0060938455 0060392452 0385504209 0345337662 0316666343 0679781587 0345370775 0440221471 044023722X 044022165X
164378,8408043641 0452282152 8432206407 8445071416 8478884955 8433969978 8477204055 8420616893 8433925180 8425337690
164413,8408043641 0671003755 8433969978 8432206407 8433925180 8445071416 8478884955 0151008116 8477204055 8420616893
164418,0345417623 0385505833 038550120X 0316666009 0385508042 0316693235 0385511612 0316693200 0446531332 0316693006
164425,0452282152 0385722206 0312195516 0385504209 0375727345 0312305060 0060928336 0449005615 0060976845 0385498802
164465,0312291639 0439064864 039480001X 0439136350 0439139597 0609610597 0553250531 0394800028 044651862X 0394800206
164480,0142001740 0140293248 0060934417 0316666343 0156027321 0385335482 0385504209 0375726403 0375725784 0060930535
164492,0385504209 0385503822 0316969680 0385510438 0316666343 0385511612 0316602906 0316693235 0399150897 0316603570
164513,0553279912 0312278586 0380012863 002542730X 0553211404 0449219364 0553280341 0670892963 0345417623 0385479565
164518,0446672211 0316666343 0375706771 0140293248 0312195516 0316284955 0316601950 0375707972 044651652X 0345443284
164519,0060987529 0060938455 0380978415 0380727501 0786881852 0786868716 0440998050 0440343194 0446604666 076791404X
164524,0330332775 0552996181 000649840X 0330375253 0375703861 0552999458 0099771519 0091867770 0099279274 0552998001
164533,0385722206 0440234743 0671880187 0380977788 0028604199 0399144463 0061020710 0385472951 0140298479 0345387651
164549,0316666343 0385508042 0671027360 0385511612 0142001740 0679781587 0316693006 0385503822 0385424736 0385510438
164578,3442541751 3150000017 3492045170 3423202327 3423201509 3257229534 325722575X 3423202947 3442092981 3426029553
164581,043935806X 0439139597 059035342X 0439064872 0439136369 0156027321 0446310786 0385484518 0345339703 0671027360
164583,0380789019 0060987103 0345350499 0060987529 0553562738 0380789035 0441003257 0345435249 0553560735 0316769487
164584,0316666343 0312195516 0316776963 0142001740 0446672211 0142000205 0060928336 0060934417 0375727345 0375726403
164675,0312278586 0425109720 0425180964 0060938455 0425147584 0345378490 0425177173 042510107X 0425116840 0425150143
164706,0590494465 059048351X 0590494457 0590568744 0399144463 0590466194 059045367X 0590483552 0590568752 0590453653
164728,0440220602 0425180964 0385504209 0345339703 0425116840 0425147584 0345417623 0425122123 0345370775 044022165X
164775,0385503822 0375727345 0385505833 0142001740 0385497466 0060173289 0060175400 0385511612 0142000205 0385508042
164777,0671027360 0425182908 0385504209 0446611611 0440241073 0425178765 0345413903 0066214122 0345413873 0345447867
164828,0440211727 055329315X 0380752999 0373790481 0373790473 0505523752 0505524503 0505524090 0515107662 0440214041
164847,055357258X 044922046X 0553560247 0553572040 0553574671 0553578316 055356773X 044651652X 0553280341 0449223604
164870,0375727345 0060934417 0452282829 0316601950 0385722206 0060976845 0385720106 0060959037 0375726403 0375702709
164905,0440220602 0060930535 038572179X 0060502258 0345342968 0375726403 0345337662 0385492081 0060934417 0425115801
164906,0440226430 0440211263 0439064872 0440213525 0440222656 0440221595 0440220602 0451203771 0440223202 0440221471
164926,043935806X 0385504209 0345339703 0439136369 0345339738 0345339711 0439139600 0439064872 0440211727 0345380371
164932,0060987103 0385335482 0446608955 0375725784 0439404371 0060928336 006101351X 0439064872 0671693816 014028009X
164944,2253063339 2253150711 2253044903 2266023039 2070360024 2290311782 2253057843 2205054252 2070408507 2253005274
164955,0385511612 0385504209 0385503822 0385510438 0316969680 0316693006 0316666009 0399150897 0385497466 0316603570
164956,0385484518 044023722X 0671003755 0553279378 0316096199 0452282152 0142001740 0156027321 0345361792 0060959037
164966,059035342X 044651652X 0590568744 0440225701 059048351X 0590494457 0345370775 0440236673 0590494465 0679721037
165073,0099771519 0552996009 0552137030 0330332775 0552124753 0345313860 0552996181 000649840X 0590660543 0452283205
165149,0312278586 0140293248 880781210X 0440212561 0385335482 8806166484 006101351X 0440235596 8806143042 0385335881
165182,0440234743 0440241537 0446611212 0446612545 0446611778 0440241073 0425182878 0425177173 0385504209 0446607657
165183,068484477X 0452282152 0671038184 0375727345 0671003755 0671510053 014023313X 0385720106 0312195516 0316569321
165232,0452282152 0671510053 0553273914 0451526341 0373834365 0312195516 0553583441 0446613436 0451167317 0452264464
165262,0064407667 0064407675 0064407683 0552124753 0380789035 0552137030 0064407691 0380977788 0552131067 0552131059
165267,0345417623 044023722X 0440241073 0316666343 0440224675 0345353145 0553580221 0553582755 0312278586 0066214122
165268,0440214041 0345391055 044021145X 0345370775 0440222656 044022165X 0451183665 0440213525 034540288X 044023722X
165308,0385335881 0385335830 0446608955 0385335482 0385336179 0316666343 0142001740 0312278586 0385730586 0515135062
165316,0345353145 0345314255 0345370775 0345318862 0345378482 0380759489 0345342968 0345378490 0812511816 0345313151
165319,002542730X 0316284955 0441003257 0345342968 0553262505 0553562614 0060934417 0140067477 0425179885 0399501487
165345,0345443284 0060987561 0060976845 067976402X 0345439104 0060928336 0060934417 0452282829 0060915544 0316601950
165375,006101351X 0060502258 0440215625 0440212561 0140293248 0440235596 0312278586 0142000205 880781210X 0316096199
165392,0060976845 0312195516 0452282152 0316601950 0316666343 0142001740 044651652X 0316284955 0385720106 0671021001
165420,0553560735 0345417623 0553278746 0441790348 0449208133 0345333926 0684865742 0345353145 0679444815 0441003257
165425,0446610038 0425180638 0446612790 0553578022 0425182878 0553578693 0446605484 0446601241 0446612545 0446611212
165444,0836218353 0836218221 0836218256 0836217691 0836218620 0684872153 0836218787 0316107018 0836218523 0836220889
165452,0671027360 0380789019 0060938455 0446532231 0440206154 0451524934 0671004107 0316769487 067976402X 0441172717
165457,3442541751 3492045170 3150000017 3423202327 3423201509 325722575X 3423202947 3257229534 3426029553 3257227809
165499,034540288X 0553296981 0446606812 0446394521 0345391055 0345370775 0451526341 0553273914 0452281725 0440204208
165503,0060502258 0971880107 0875421180 0385335482 0743418174 044651652X 0385504209 0875421245 0142000205 043936213X
165507,3442541751 3150000017 3423202327 3423201509 3257227809 3257229534 3423202947 325722575X 3426029553 3442092981
165512,0345313860 0399501487 0425152251 0345351525 0380789035 0099771519 014028009X 0671021001 0375725784 0385335482
165516,0060928336 0316601950 0971880107 0060976845 0375706771 0399501487 0140298479 014028009X 0385335482 0446608955
165549,3442541751 3492045170 3423202327 3423201509 3257229534 325722575X 3423202947 3426029553 3257227809 3442092981
165558,2253063339 2253150711 2253044903 2070360024 2266023039 2290311782 2253057843 2205054252 2070408507 2253005274
165576,0804106304 044023722X 0312305060 0679781587 0679746048 067976402X 0060977493 0316666343 0060915544 0679745203
165582,0316666343 044021145X 0446672211 0345313860 0440222656 0440213525 0385484518 0385504209 0060928336 044651652X
165609,0425143325 042510107X 0425116840 0425180964 0425109720 0425122123 0425083837 0345380371 0425170349 0425150143
165654,0590353403 0439136350 0439064864 0439139597 0345339738 0446310786 0618002219 0345370775 0345339711 043935806X
165669,0345361792 0385492081 044021145X 006099486X 0385484518 068484267X 0451142934 0345389964 0684872153 0671024248
165697,0345339738 0385504209 0345339711 0345339681 0446310786 0451524934 0684801523 0316776963 0316777730 0345342968
165728,0345337662 0345313860 0345351525 0345384466 034538475X 0345397819 0345404319 0312924585 0345409671 044651652X
165758,0385504209 0345313860 006101351X 0451172817 0345337662 0451160525 043935806X 0451169530 0142001805 0439136369
165759,0345417623 0440241073 0440221471 0452282152 0440225701 0446672211 0440226430 0451183665 0440234743 0312243022
165763,0446672211 0060392452 0671510053 0440211727 0671021001 068484477X 0316601950 0060976845 0380789035 0375727345
165769,0671021001 0375706771 0316666343 0060928336 0140293248 0375707972 044651652X 0385265700 0142000205 0316284955
165781,0671027360 0066214122 0060392452 0385504209 0312995423 0345378482 0345417623 0312263120 0061015725 0380789035
165806,0061015725 0151008116 0060502258 0380727501 0142001740 0380789035 0440498058 0452282152 0099771519 0670880728
165811,0316666343 0449212602 0679781587 0525947647 0399145087 043936213X 0399142851 0312979096 0345413873 044651652X
165838,0385504209 0452282152 0142001740 0156027321 0316666343 0060930535 0316601950 0446672211 0060938455 0679781587
165866,0375504397 0452279178 0451156609 0451172817 0451167317 0671024248 0684853515 0451176464 0451160525 0375706771
165884,0440224764 0425154092 044023722X 0425163407 0425175405 0425158616 0446364193 0380710218 0440214041 0380718340
165914,0449219364 0449221504 0449221482 0553279912 0449219461 0449221512 0449223604 0553284789 0449003795 0553279556
165932,0399501487 0345370775 0345378490 0345380371 0345378482 0345353145 0671027387 044021145X 034540288X 0441172717
165987,0061009059 0312966091 0312966970 0312971346 0312976275 0312980140 0671001795 0312291639 0385484518 0312265867
166017,0375725784 0553572997 0312282990 0684874350 0060934417 0446605239 0151008116 0679746048 0440206154 0767905385
166030,0373218192 0515135062 0373218397 0446612790 0316284955 0446612545 0515130389 0553582747 034541389X 0446613436
166055,0449003795 0399149155 0440208459 0142001740 0446394521 0446612790 0425180638 0440236703 0312983867 0312980140
166123,0345337662 0449212602 0345350499 0312983271 0553573136 0345413350 0451456718 034538475X 0330332775 0446609404
166130,0439136369 0439139600 043935806X 0439139597 0439136350 0439064864 0590353403 0440213525 0446608955 0385504209
166141,0330332775 0099771519 0749397543 0552996009 000649840X 0552137030 0749395990 0552996181 0091867770 0552124753
166174,0385498802 0375727345 0399501487 0441005241 0441304834 0345361792 002542730X 0316666343 0385492081 0671510053
166220,0446672211 0142000205 0375727345 0375706771 0345443284 0452282829 0316601950 0743237188 0385265700 0316899984
166287,0060930535 0312305060 0312195516 044023722X 0345370775 0380731851 0316168688 0060987103 0375707972 0345378490
166291,0312195516 0312983271 014028009X 0316601950 0312980140 0345435168 0446672211 0380731851 0385505833 0375726403
166327,0060928336 0439064872 0375700757 0142001740 0312195516 0060987561 068484477X 0060930535 0060976845 0452282152
166363,2253063339 2253150711 2253044903 2070360024 2205054252 2266023039 2290311782 2253057843 2070408507 2253005274
166383,0345353145 0345417623 044023722X 0345317580 0440234743 0345335287 0380759470 0345313151 0345378482 0380752891
166390,0060928336 0671038443 0553572997 0679731148 0553571656 0451188454 0684872153 0671026011 0385424736 0345423135
166391,0446364193 0385504209 0385497466 0316693200 0446607657 0446606189 0446604801 0316693286 0446612790 0385505833
166409,0385722206 0449223612 0449219364 0684874350 0446310786 0385335482 0449221482 0060502258 0553279912 0449221490
166460,0385504209 0316569321 0452282152 0312195516 0099771519 0552137030 0316666343 0142001740 0552124753 0316601950
166492,0441304834 0441001971 0441002935 0441003745 0345423402 0441000916 0441005748 0441004520 0441005241 0345337662
166534,2253063339 2253150711 2253044903 2070360024 2266023039 2253057843 2290311782 2070408507 2253005274 2205054252
166540,059048351X 0590494465 0590494457 0399144463 0590568744 0590466194 0590483552 0590568752 0590453653 0590483447
166546,0385504209 044023722X 0440241073 0440221471 0440225701 0671027360 0440220602 044022165X 0440224764 0061015725
166569,0425154092 0380718332 0425147622 0440224764 0671250671 0425180638 0425169863 0440225701 0399145087 0380718340
166596,0060502258 0345459202 0671021001 0451203771 0312278586 0385335482 038079487X 0440223202 0380730138 0451197399
166630,3442541751 3492045170 3423202327 3423201509 3150000017 3257227809 3423202947 3257229534 325722575X 3426029553
166639,0142001740 0446672211 0671003755 0140293248 0060976845 0385335482 044023722X 0452282152 0312278586 0671021001
166646,067976402X 0446672211 0142000205 0375727345 0316769487 0316666343 0553375407 0425152251 0385484518 0156027321
166670,0440206154 0440236673 0375700757 0446670251 0142001805 0312291639 0312924585 0061009059 0312995423 0140298479
166689,3442541751 3150000017 3492045170 325722575X 3423202327 3423201509 3257229534 3257227809 3423202947 3426029553
166719,0786881852 0345370775 0399144463 0786867647 044651652X 0385484518 0842329129 0671250671 0446610038 0446606812
166753,0312195516 051513287X 0316666343 0446610038 0515132020 0440236673 0671003755 0385504209 0515135062 0345361792
166758,0156027321 0385504209 0142001740 0375726403 0671003755 0312195516 0316666343 0312291639 0375725784 0553572997
166767,044023722X 0380731851 0449005615 0375726403 0312305060 0142001740 0156027321 0060959037 0786868716 0375727132
166772,0671003755 8408043641 0679781587 0312924585 0142001740 0440206154 8432206407 0440224675 8433969978 0151008116
166824,0380018179 0440221471 0345339495 0142004235 0515134368 034529873X 0345368991 0515128546 0345369335 0345334310
166825,0440234743 0440226430 044021145X 044022165X 0440213525 067976402X 0440214041 044651652X 0070212570 0375727345
166828,0345339681 0345353145 0345339711 0345339738 0345417623 0345378482 0345378490 0671004107 0441790348 0385505833
166830,0671534718 0671642561 067164257X 0671020293 0312291639 0671534726 0671729411 0312195516 0671534742 0671525433
166856,0140293248 0312278586 0553582747 014028009X 8806143042 006101351X 067102423X 0312422156 8806166484 0385335482
166860,2253063339 2253150711 2253044903 2070360024 2253152846 2266023039 2290311782 2205054252 2253057843 2070408507
166891,0452282152 0060976845 0060930535 0375727345 0316601950 0142001740 0385498802 0345439104 0671003755 0060915544
166892,042510107X 0440224675 0425180964 0425109720 0425147584 0425116840 0425143325 0345380371 0425170349 0425083837
166904,0451524934 0345342968 0316769487 0060929871 0446310786 0451163966 0451526341 0345391802 0393312836 0671027344
166922,044023722X 0440236673 0099771519 0440224764 0061009059 0316769487 0140620109 0312291639 0349101779 0330375253
166934,0316284955 0804106304 0446310786 0345342968 0452264464 0375727345 068484477X 0449907481 0679745203 0446672211
167012,2253063339 2253150711 2253044903 2266023039 2070360024 2253057843 2290311782 2205054252 2253005274 2070408507
167038,0440241073 044023722X 0440236673 0345417623 0440225701 044022165X 0440224764 0440221471 0440241537 0061015725
167052,0312291639 0345348036 0060915544 0385505833 0440180295 0671021001 0440226430 0312278586 0553380095 0060938455
167056,0345342968 0446310786 0380002930 0451524934 0385504209 0385720106 0345391802 0451172817 0553208845 0425152251
167147,0439064872 059035342X 0385424728 0439136369 0060175400 0553250531 0385504209 0553250426 0671027360 0345339703
167166,3442541751 3150000017 3492045170 3423201509 3423202327 3257229534 3426029553 3423202947 3257227809 3442092981
167176,059035342X 0671021001 0312278586 0385479565 044021145X 0440213525 0312924585 0345378490 0446606812 014100018X
167189,0385492081 0380789019 0399501487 0449002632 0451176464 0061097314 0060930535 0440206154 0380789035 0553296981
167211,0140293248 0312278586 0385335482 880781210X 006101351X 0060502258 8806143042 0553582747 8806166484 8845215989
167243,0385722206 0380002930 0425152251 002542730X 0028604199 0552996181 0375725849 0679781587 0345391802 0670030643
167272,0449221490 0553271636 0553279556 031298328X 0553279912 0312971346 0449221482 0449223612 0553280368 0449219364
167275,8408043641 8433969978 8432206407 8445071416 0440224675 8420441708 8477204055 8478884955 8420616893 8466307125
167300,0330367358 0099771519 000649840X 0099279274 0552996181 0552996009 0552124753 0099747200 0552998486 0749397543
167327,0440226430 0140293248 0743418174 0385335482 0060928336 0316096199 0060096195 0142000205 0312983271 0385265700
167349,0441304834 0441005241 0441004520 0441005748 0441008534 0345313860 0345337662 0441007813 0441003257 0425181685
167375,0142001740 0312195516 0385504209 0060930535 0316666343 0156027321 0375726403 0060934417 0060976845 0312282990
167386,0316284955 0316666343 0446672211 0345443284 0142000205 0446606812 0316899984 0060928336 0446605239 0312291639
167389,0345342968 0553274295 0440498058 0064472272 0345339681 0380600129 0064400557 0440401585 0553213148 0020442203
167402,8408043641 8433969978 8432206407 8445071416 0156013924 8477204055 8420616893 8478884955 8408028480 0684859335
167403,0099771519 0330332775 0552996181 0552124753 0552996009 0684862719 0451169530 0349101779 000649840X 0425152251
167436,0385504209 0156027321 0312195516 0312278586 0316776963 0446310786 002542730X 0316284955 0671027360 0743418174
167438,0440202043 2253063339 059035342X 2253150711 0747532745 2253044903 0439064872 2266023039 044021145X 2253057843
167442,0345313860 0064407667 0345339681 0345384466 0060930535 0345438329 0380727501 034538475X 0385479565 0345351525
167455,0345387651 0060930535 0070212570 0786867647 0671510053 0345443284 0380789019 0399144463 0140254544 0446605239
167471,0684872153 0671011367 067976402X 0060392452 006101351X 0345402871 0425180638 0446667900 0767900383 0440180295
167478,0679781587 0156027321 0385722206 0312195516 0142001805 0684874350 0452283205 0151008116 0060958022 0385479565
167484,0440211727 0440221471 0440234743 044021145X 0440225701 0440214041 044651652X 0440213525 0440226430 0440220602
167492,3442541751 3150000017 3492045170 3423202327 3423201509 3426029553 3257229534 3423202947 325722575X 3442092981
167494,0446606812 0312924585 059035342X 0385474016 0345370775 0345378490 006101351X 0446605239 0060502258 0671004107
167507,0552137030 0099771519 0552124753 0330332775 0552996009 0590660543 0349101779 0380977788 0590112899 0060938455
167517,0312278586 0440226430 0060928336 0743418174 0385335482 0671021001 0385504209 0140293248 044023722X 0446605239
167519,8408043641 8433969978 0316666343 8432206407 8445071416 0440224675 0312924585 0684859335 8477204055 8478884955
167521,0552137030 0330332775 0552124753 0590660543 000649840X 0552998486 0316096199 0349101779 0380789019 0440206154
167556,0446672211 0345337662 0316666343 0440211727 0679781587 0060928336 0743418174 0440224675 0671021001 0679429220
167562,0060930535 0375700757 0446672211 0060921145 0452282152 0060977493 0679781587 0060934417 0452282829 0060928336
167587,0312278586 0316569321 0316969680 0375706771 0385504209 0385505833 0446608955 0743418174 0316601950 0060976845
167600,0399501487 059035342X 0446310786 0345342968 0553272535 0451526341 0553296981 0312305060 0064407667 0553274503
167611,0312195516 0552124753 0552137030 0375706771 0552128481 0552131059 0552131075 0552145424 0060930535 0375702709
167614,0142001740 0671021001 0060928336 0452282152 0440211263 044651652X 0060930535 0345313860 0440235596 0671003755
167625,0439064872 0439136369 0439139600 0439139597 043935806X 0385504209 0439136350 0439064864 0440211727 0345339703
167644,0060928336 0316601950 0375707972 0446672211 0385265700 0440226430 0316666343 0375727345 0140244824 0671003755
167678,0061009059 0671001795 0312980140 0312966091 0671027360 0312971346 0380813815 0312306326 0380789019 0380731851
167715,0345313860 0345337662 0345384466 0345351525 034538475X 0441304834 0345404319 0441010512 0515133876 0441001971
167722,0345339681 0345339703 0142001740 0345339738 0452282829 0679745203 0618129022 0375727345 0446310786 0385504209
167746,0446310786 0671027360 0446611867 0375707972 0345387651 0440215625 0375727345 0446364193 0446605239 0425167313
167750,0446310786 0451524934 0345391802 0316769487 0345342968 0425152251 0451526341 0553572997 0380789035 0451163966
167756,0345370775 0440211263 0345337662 044651652X 0312924585 0142001430 0060928336 0345378490 0451183665 0375706771
167759,031242227X 0064407667 0345342968 0553274295 0375726403 0440487617 0671027360 0345438329 0440401585 0060934417
167761,0385335482 0385335881 0385336179 0060096195 0671027360 0446532231 0060938455 0385730586 0385504209 0446605239
167768,3442541751 3150000017 3492045170 3423202327 3423201509 3257229534 3423202947 3426029553 325722575X 3442092981
167782,0156027321 0385504209 0375725784 0060938455 0312421273 0385722206 0316776963 0312305060 0671027360 0060934417
167790,0316666343 0446610038 0553375407 0446607657 0446310786 0767905385 0446612790 0609804138 0345339703 0316769487
167794,0451169530 0064407667 0099771519 0590660543 0552996009 000649840X 0552137030 0439064872 0064471101 0590112899
167800,0142001740 0515135062 0439139597 0385504209 0439064864 0312291639 043935806X 0316777722 0515131229 0373218397
167812,0060934417 0375726403 0345438329 0156027321 0446531332 0385722206 0142001740 0452282152 0312305060 0312195516
167813,014028009X 0670892963 0451524934 0345391802 0451163966 0316777730 0439064872 0446310786 0553272535 059035342X
167844,0316096199 0385504209 0385484518 0671003755 0380731851 0446677450 0312305060 0679781587 0451526341 044023722X
167847,0441172717 0316776963 0345413350 067976402X 0671003755 044021145X 0446672211 034536676X 0446519138 0140481346
167906,0316769487 0804106304 0399501487 0679785892 0451191145 0553275976 067976402X 0679745203 0679720200 0375707972
167944,0316769487 0380002930 0446310786 0345342968 0375700757 0064400557 0440414806 059035342X 0439136350 0439139597
167945,0345370775 0440206154 0330332775 0440224675 0345380371 0060392452 034540288X 0099279274 0452280621 0142001430
168006,0345361792 0385486804 0060976845 0060987103 0679781587 0375726403 0316096199 0385475721 0316781010 0385512104
168016,0440226430 0446610038 0446612545 0425154092 0446609404 0446364193 0446606189 0553578685 0425158616 0425175405
168029,051513287X 0515126772 0515128546 0515131229 0515128554 0515132020 0142001740 0373218192 0312291639 0373218397
168034,0446359866 0446607711 0425182908 0380731851 0345413873 0671011367 0425178765 0446601241 0553572326 0345413903
168036,0316769487 0060929871 0446310786 0399501487 0156027321 0345370775 038533348X 0385486804 0441172717 0684801523
168047,0060915544 0345348036 0671510053 0380789019 0060502258 0316769487 0425152251 067088300X 0446607657 0590353403
168064,0452282152 0060938455 0553279378 0316776963 0142001740 0064400557 0425107469 0345337662 0060915544 0786868716
168129,2253150711 2253044903 2070360024 2290311782 2253057843 2205054252 2253005274 2070408507 2253152846 2277260029
168139,0385335881 0385336179 0671021001 0385504209 0060928336 0312278586 0142001740 0140293248 0743418174 0385508042
168144,044021145X 0446310786 0380002930 0345370775 0440213525 0060921145 014100018X 059035342X 0671003755 0440222656
168212,0345370775 0525947647 034540288X 0670880728 0440222656 0743418174 0345337662 051513287X 0452281903 0345384350
168216,0440234743 0345417623 0425121259 0425107469 0312966091 0440217547 0440184053 0316969443 0671001795 0440211727
168245,044023722X 0375700757 0515107662 068484267X 0553574116 0553296981 051512219X 0671737791 0679746048 0451169530
168307,0446606812 0446611867 0446608955 0446610399 0140293248 0440206154 0345387651 006101351X 0375707972 080410526X
168336,044023722X 0380731851 0061015725 0312305060 0440241073 0425180638 0449003795 0446612790 0060934417 0449005615
168337,0060976845 0099771519 031242227X 067976402X 0345387651 0671510053 0679745203 044651652X 0786817070 0786867647
168387,0142001805 0060930535 0515135062 0140298479 0312291639 0345313860 0385504209 0446672211 0671003755 0515130389
168388,0142001740 0446611212 0061009059 0446604801 0425192725 0449003787 0671027360 0446612790 0425180638 0446612545
168402,0142001740 0156027321 0345339703 0439139597 0671744216 0679781587 0345339711 051513287X 0439136369 0060513640
168438,0440234743 0440498058 0440224764 0440241073 0140293248 0312983824 0316569321 0671510053 0440226430 0316601950
168464,0440414806 0064407675 043935806X 0439139597 0345370775 0439139600 0439136369 0064407691 0440219078 059035342X
168478,0142001740 0451203771 0385335482 0553578316 0449003787 0316168815 044023722X 0515134384 0671004530 0515132020
168487,0440224764 0446364193 0440234743 0446607657 0425154092 0446601241 0425163407 0380718340 0440236673 0446605484
168500,0142001740 0316601950 0141000198 0345438329 0140293248 0385335482 0385722206 014028009X 038079487X 0060930535
168545,0312195516 0316284955 0316096199 0446672211 0316776963 0312278586 0385504209 0060928336 0452282152 0440226430
168636,0446610038 0061015725 0312995423 044023722X 0312291639 0553582747 0446612545 0515135062 0515130389 0446608815
168639,0345339703 0345339738 0345339681 0345337662 0345370775 0345417623 0345353145 0451524934 034540288X 0440211727
168642,0425115801 0312291639 0312305060 0385336179 0156027321 0449005615 0345313860 0679781587 0446670251 0345439104
168705,0345337662 0060502258 0385722206 0553250426 0345351525 0684874350 0156528207 0385720106 0345397819 0345384466
168719,0446607657 0375700757 0446610038 0446612545 0142001740 0440212561 0446608815 0452282152 0446611867 0440217563
168736,0312195516 0156027321 0316284955 0312278586 0316776963 0743418174 0452282152 0385504209 0312282990 0374199698
168763,0156027321 0385722206 0375726403 0312305060 0142001740 0060934417 0316666343 0345438329 0385504209 0452282152
168804,0316666343 0425167313 0385335482 0446672211 0140293248 0446608955 0316601950 0375706771 0140244824 0679746048
168805,0399145087 0399143947 006101351X 0684195984 0399146253 0399141464 0425147622 044651652X 0425154092 0679781587
168815,0743418174 0374199698 0316776963 014028009X 0375412824 0385497466 0385504209 0375726403 0375703764 0385722206
168816,0312195516 0385504209 0679781587 0142001740 0452282152 0440211727 0440234743 0316776963 0345337662 0446672211
168841,0345313860 0345337662 034538475X 0345351525 0345384466 0679429220 0451169530 0671510053 0345422384 0345397819
168861,0440224675 0553273914 0440236673 0440206154 0345402871 0140298479 0451203593 0312924585 0425155404 0446602612
168954,0316666343 0385335482 0312195516 0312278586 0060987103 0060930535 0385335881 0385336179 0316601950 0156027321
168971,0671027360 0385504209 0440241073 0440236673 0425180964 0061015725 044023722X 0425191184 0446611778 0425170349
168985,0060929871 0345342968 0684801523 0440180295 0446310786 0345391802 0451524934 0140042598 0671027344 0553208845
168999,0142001740 044023722X 0060928336 0156027321 0140293248 0385504209 0671021001 0375727345 038079487X 0060930535
169006,0451176464 0451180232 0451156609 0451167317 0451184963 0451190491 0451177096 0451190548 0451166582 0451186362
169027,0679781587 0786868716 0440236673 0399144463 0316666343 0671250671 0553213148 0385484518 0842332251 0312195516
169043,0345353145 0345378490 0425153975 0345384350 0425115801 0425128164 0425107469 0425142485 0425130711 0345386108
169054,0380789035 0441569595 0062502182 0345313860 067976402X 0671004107 0380813815 0671041789 0451169530 0345351525
169057,0312966970 0312971346 0312980140 0312966091 0446610038 0312983271 0671001795 0312265859 0446607657 0312306326
169076,0316666343 0375727345 0316601950 0345361792 0142000205 0375707972 0440226430 0449907481 0140244824 0671021001
169101,0375700757 0671250671 0060175966 0380789035 0312282990 0380816555 0316776963 0312421273 0380813815 0553277472
169130,0316666343 0060959037 0312291639 0142001740 0060987103 0385722206 0375700757 0060928336 0060934417 0316601950
169181,0345417623 0345353145 0345378490 0345370775 042510107X 0345402871 0425116840 034540288X 0425143325 0440241073
169192,043935806X 0439064872 0439136369 059035342X 0439139600 0553250531 0553250426 0553289411 0345339703 0345339681
169223,0345337662 0345439104 0812511816 0812517725 0345338588 0345314255 0812551478 0812551486 0812513711 0743418174
169233,0316666343 0375725784 0385335482 0060928336 0312278586 0140293248 0345370775 0345353145 0425152251 0316096199
169243,0399147195 044922046X 0345313860 0399149155 0312980140 0446605239 0312966970 0345413903 0425178765 055357258X
169249,0312195516 043935806X 0385504209 0060928336 044023722X 0439139597 0446608955 0345370775 0060930535 0439136350
169255,0316769487 0375725784 0060977493 0316777730 0446310786 0679746048 0312278586 0312282990 0553289691 0425152251
169282,0316666343 0312278586 0316569321 0385497466 0671021001 0156027321 0142000205 0060976845 0446531332 0385511612
169309,0425154092 0380718340 0425163407 0425180638 0440225701 0446364193 0440234743 0425175405 0446612790 0446610038
169310,0316666343 0446531332 0316781142 0446606812 0446608955 0316781010 0316969443 0375412824 0312278586 0553250531
169321,2253063339 2253150711 2253044903 2070360024 2266023039 2253057843 2290311782 2253005274 2205054252 2070408507
169357,0446605239 0399149155 0446611867 0440241537 0446612545 038550120X 0142001740 0399147195 0446611085 0312265867
169371,0440498058 0440487617 0446310786 0553296981 0394820371 0440998050 0590353403 0440405483 0439136350 0064400557
169380,0061009059 0312983271 0312265867 0451207246 0385336179 0312983867 0375760911 0441003257 031298328X 0142002267
169400,0446610038 0446611212 0316601950 0446607657 0446605484 0440241073 0446601241 0440224764 0446364193 0446606189
169403,0375707972 0312278586 0375727345 0385265700 0316601950 0140293248 0385498802 0671003755 0671038184 0446605239
169438,0345417623 0425143325 0425109720 0425180964 042510107X 0425116840 0425147584 0425083837 0425122123 0441172717
169450,0060930535 0060976845 0679781587 0140293248 014028009X 0060959037 0345443284 0060977493 067976402X 0060987103
169462,0060987529 0060934417 0515131229 0515132020 0060959037 051513287X 0515130389 0060977493 0515135062 0452282152
169465,0440213525 044021145X 044022165X 0440220602 0440224764 0446672211 0440221471 0440236673 0060928336 0440234743
169492,0679781587 0385722206 0142001740 0385504209 0449005615 0679429220 0385424728 0156027321 0385484518 039592720X
169517,0316693006 0385503822 0316693235 0316666009 0385497466 0316693200 0316666343 0316693286 0316693251 0316693294
169534,0786868716 0060928336 0142001740 0385504209 0385720106 0345361792 0375727345 0316096199 0385492081 0446310786
169558,0385484518 0609804138 0842329129 0399144463 0743436210 0440220602 0842329218 0399501487 0380731851 0671708635
169585,0446611867 0440226430 0446605239 0446394521 0375706771 0446611085 055337933X 0451203771 0440212561 0316569321
169600,0439139597 043935806X 0439064872 0439136369 059035342X 0446310786 0060977493 0451526341 0451524934 0451163966
169634,0316601950 0375707972 0446672211 0060928336 0385720106 0060930535 038079487X 0316569321 0380730138 0440226104
169644,0553574574 0064407667 0312305060 0375703055 0345351525 0140620109 0679442790 0316769487 0060502258 0345337662
169663,0385486804 0142001430 0156027321 0345436911 0679751521 0452280621 0452283205 0449005615 0671027360 038548951X
169677,0452282152 059035342X 0440211263 0345370775 0451203771 0060502258 0446608955 0316789089 0440235596 0312195516
169681,0439136369 043935806X 0440414806 0804106304 0375725784 0439064872 0064407667 0439139600 0786867647 0385486804
169682,0345342968 0345339681 0452264464 0441102670 0439139600 0316776963 0451524934 0345350499 0439136350 0804106304
169692,0552124753 0552131059 0552137030 0552131075 0552145424 0552140295 0552134627 0552134643 0552134635 0552134619
169699,014029628X 0061009059 0553268880 0312966091 0316666343 0452282152 0060976845 0440213525 0060928336 0316601950
169722,0425154092 0440224764 0425169863 044023722X 0440225701 0425163407 0380718332 0425175405 0380718340 0425158616
169727,0316666343 0142001740 0671027360 0452282152 0316096199 0385484518 0312195516 0375726403 0312291639 044023722X
169735,044023722X 0156027321 0385504209 0060934417 0440221471 0440224764 0375726403 0440234743 0380731851 0452282152
169770,0316769487 0380789019 0345342968 0380789035 0062502182 006101351X 0060502258 0385492081 0441172717 0425158640
169779,0440234743 0440211727 0345380371 0440214041 0440225701 0553296124 0553280341 0440213525 0449221482 0553271636
169781,043935806X 044023722X 0671027360 0446605239 0060938455 0590353403 0425169863 0425192725 0345339681 0439064864
169784,0452282152 051513287X 0142001740 0515131229 0515132020 0515128554 0515126772 0446672211 0446527785 0446531332
169821,014025448X 0140254544 0060173289 0440213525 0440220602 0743418174 014028009X 0440224764 0061009059 0373250126
169824,0446310786 0345342968 0380002930 0345380371 0312924585 0375725784 0345413350 0060929871 0446677450 0345387651
169827,0440221471 0345337662 0440225701 0425163407 0440220602 0425154092 044022165X 0446611212 034540288X 034538475X
169859,0552124753 0552131067 0552128481 0552131075 0552131059 0552134619 0552145424 0552140295 0552134643 0380789035
169860,0425152251 0380977788 0156027321 0060977493 0151008116 0553296981 0553579606 0062502182 0316666343 0140119906
169877,0060930535 0671510053 0345439104 0140293248 0316569321 0060916508 0316601950 0345465083 0446670251 0345436911
169893,0385504209 0375706771 0440236673 0061009059 0671003755 0060976845 0060928336 0060930535 0312983867 0316601950
169905,0440414806 0440998050 0553296981 0312278586 0345370775 0060915544 055321313X 0316666343 0671021001 0385335482
169934,0385504209 0385510438 0385511612 0385508042 0399150897 0316969680 0316603570 0316602906 038550926X 0316693200
170012,0425180638 0446608815 0425175405 0446604801 0425169863 0440224764 0440241073 0425147622 0425154092 038542017X
170039,8408043641 8445071416 8432206407 8433969978 0312924585 8478884955 8420616893 8477204055 8478886451 0156013924
170054,0375725784 0060977493 0151008116 0312282990 0316776963 0385504209 0446532231 0060392452 0375703861 038079487X
170073,0446606812 0316096199 0312278586 0312274920 0385503822 0425154092 0552143774 0385512104 0451166892 0747551006
170077,0375707972 0440226430 0425167313 0375727345 0425162443 0684872153 0425180638 0385265700 006101351X 0061097101
170092,0385504209 0142001740 0345350499 0446672211 0312291639 0156027321 0316284955 0375727345 0060930535 0446310786
170118,0440213525 0440211263 0553572997 0440211727 0552124753 059035342X 0439064872 0440221471 0375725849 0385720106
170154,0440220602 0385504209 0156027321 002542730X 0316666343 0452282152 0553572997 0440211727 0345380371 0099771519
170155,0345361792 0060959037 042516098X 0060921145 0679781587 0441172717 038079487X 0060977493 0060930535 0142001805
170158,2253063339 2253150711 2070360024 2253044903 2266023039 2253057843 2290311782 2205054252 2253005274 2070408507
170169,0066238501 0373710992 0440213991 0877733759 0373710615 0140275290 0752809032 0751529087 0552121606 0552103721
170181,3442541751 3492045170 3150000017 3423202327 3257227809 3257229534 325722575X 3423202947 3426029553 3404148665
170184,0345443284 0684862719 0060958022 0425172546 0330332775 0061097314 0375703861 0446310786 0099771519 0446607657
170192,0156027321 0316666343 0385504209 0971880107 0553375407 0385512104 0316776963 0345402871 0345427637 002542730X
170208,0439064872 059035342X 0312278586 0786881852 0439136369 0439136350 0316666343 0446608955 0140067477 0441304834
170227,0316096199 0316666343 0060928336 0330267388 0552124753 0385484518 0312195516 0553279378 0312274920 0330332775
170229,0446672211 0060929871 0060976845 0345342968 0451524934 0316769487 0440180295 0380789019 0451190564 0684801523
170255,0142001740 0312305060 0452282152 0142001430 0385504209 0375726403 0312195516 0312291639 044023722X 0060934417
170256,067976402X 0385504209 0312195516 0452282152 0060930535 0679781587 0345439104 0316601950 0375707972 0446672211
170264,0345339681 0380731851 0345413350 0312278586 0446672211 043935806X 059035342X 0060928336 0345413369 0345339703
170273,3442541751 3150000017 3492045170 3423202327 3423201509 3257229534 325722575X 3426029553 3423202947 3442092981
170310,0142001740 0452282829 0449907481 067976402X 0060959037 0316601950 0385504209 0060928336 0142000205 0375706771
170314,8408043641 8445071416 8432206407 8433969978 8478884955 0312924585 0440224675 8420616893 0140298479 8478886451
170317,0060928336 0345337662 0446672211 0385484518 0060976845 044021145X 0440221471 0440224764 0345384466 0440220602
170346,0439064872 0439136369 0440226430 0452269571 0679746048 0743418174 0439139600 059035342X 0385504209 0140293248
170372,0671510053 006101351X 0060976845 0060987561 0375706771 0345424719 0375707972 0140293248 0060930535 0060921145
170377,0380789035 0345342968 0064400557 0671027344 0380977788 0345391802 002542730X 0060929871 0553279378 0385730586
170401,0345370775 0440211727 0440214041 0345380371 0060928336 044021145X 0440222656 0440224675 044022165X 0312195516
170415,0316284955 0452282152 0345337662 0316776963 0312195516 0060938455 0060915544 0312278586 0060987529 0060934417
170424,0440225701 0385504209 0439064872 0425154092 0385335881 0440226430 0671880314 0399143947 0425163407 042516098X
170469,0099771519 0091867770 0552996181 0552137030 0330332775 000649840X 0452282152 0552998001 0552998486 0099800403
170493,0312195516 0060976845 0385504209 0060930535 0142001740 0316776963 0316601950 0316284955 0446672211 0452282829
170499,0671027360 0312195516 0060928336 0452282152 0060976845 0446672211 059035342X 0385335482 0671021001 0446605239
170509,0515132020 0312995423 0515131229 0671014196 051513287X 044651652X 0446672211 0515135062 0515090506 0515132187
170513,0142001740 0345370775 0345339703 0786868716 006101351X 0553296981 0156027321 0140067477 0345337662 0439136369
170518,0440235596 0316666343 0440223202 0553280341 0345387651 0142001430 0440122090 0553268880 0425147622 0449221512
170519,0440222656 0312195516 0060930535 0679781587 0060175400 0385504209 0060173289 0671003755 0345439104 0316569321
170522,0380731851 0446611867 0553578693 0440206154 0553583468 0553578022 0553582127 0425180638 0553571818 0553586122
170527,0446607657 0446610038 0446611212 0446612790 0425182908 0553582135 0316602906 0446612545 0553582143 0345413903
170545,039480001X 0590414291 0394800184 0307127923 0142000205 039480029X 0307302636 0375727345 0440940001 0064440419
170558,0452282152 0385722206 0375726403 0060976845 0743418174 0142001740 0312195516 0316776963 0061009059 0060987103
170568,0446612545 0446607193 0446609617 0446611808 0446609404 0553578022 0446612790 0553578693 0440224764 0425182878
170572,0345350499 0345313860 034538475X 0345351525 0441003257 0345337662 0380789019 0060976845 0345397819 0441790348
170575,0440226430 0446611867 0446672211 0140293248 0446610399 0312983824 0446608955 0375706771 0316781266 0312278586
170595,0316601950 0316666343 0446611867 0345443284 0375707972 0446672211 0385505833 0452282195 038079487X 0316569321
170612,3442541751 3150000017 3492045170 3423202327 3423201509 325722575X 3257229534 3426029553 3423202947 3257227809
170634,0061009059 0671708635 0380012863 0553296981 0312971346 0451169530 0446611867 0440414806 0312966970 0312983271
170675,0385504209 0452282152 0316666343 0671027360 0142001430 0786868716 0452283205 0385722206 0312305060 0385486804
170693,0515131229 0515132020 051513287X 0515128546 0515128554 0515130389 0515121843 0373218397 0373484224 0373218192
170699,0385505833 038550120X 0385490992 0385508042 0316693200 0316666009 0385511612 0316969680 0316693235 0385497466
170701,0399501487 0316666343 0060987561 0553272535 0553279378 0316601950 0452264464 0142000205 0449907481 0385498802
170702,044023722X 0440224764 0440220602 0440221471 0440225701 0345353145 0440234743 044021145X 0440213525 0452282152
170724,0316666343 0440217547 0440176484 0440213282 0312278586 0446527033 0440200563 0440193613 0440207622 0440173701
170742,0440226430 0312291639 0440200563 0446610542 0140298479 0373825013 0425107469 0156027321 0316569321 0425179613
170762,0425163407 0449003795 0449221482 0425180638 0449221504 0449223612 0553279556 0425169863 0449223604 0380718340
170767,0373218397 0515136530 0373218966 0373218192 0515136379 0446605239 0373218036 0515135062 0515128554 0373218958
170771,0440211727 0345342968 0440220602 0440221471 0446672211 044021145X 0679781587 0553274295 014025448X 0446310786
170791,0312278586 0670892963 0671727796 038079487X 0385730586 014100018X 0385335482 0060915544 0312983824 014028009X
170792,0345339703 0345339681 0385505833 0439139597 0786868716 0345339738 0316096199 0440414806 0553296981 0439136350
170804,0345337662 0345313860 0060928336 0345351525 034538475X 044651652X 0440211263 0345397819 0316284955 0385335482
170805,0312278586 0553250426 0449907481 0316666343 0316601950 044021145X 0399501487 0380002930 0142001430 0671004107
170810,0440226430 0312274920 0062502182 0440225701 0345443284 044023722X 0385484518 044021145X 0440211263 0451190564
170837,0345339703 0345339738 0345339681 0385504209 0385497466 0385503822 043935806X 0446310786 0385508042 0439139597
170845,0060976845 0312195516 0316601950 0671021001 0385335482 0142001740 0375700757 0312291639 0679781587 0060392452
170850,0316969680 0316693006 0316666343 0385511612 0316693235 0385508042 0385503822 0316693200 0385510438 0671027360
170861,0156027321 0142001740 0060930535 0375726403 0312291639 0452282152 0060934417 0671027360 0449005615 0446532231
170866,0312195516 0446672211 0060976845 0385504209 0140293248 0452282152 0316601950 0142001740 0316666343 0440234743
170869,0316096199 0385484518 0743418174 0375502238 0316666343 0142001740 038550926X 0316969680 0312195516 0446611867
170947,0440220602 0385472951 0446610399 0440214041 0440211727 0060175400 0385508042 0316693200 0515131229 038550120X
170966,0425154092 0380718340 0446364193 0425147622 0425163407 0425169863 0425180638 044023722X 0345353145 0425158616
170982,0385335482 0385335881 0140293248 0312291639 0385504209 0060096195 0312278586 0140298479 0743418174 0446670251
171005,0345337662 0385504209 0345313860 0060930535 0142001740 0375726403 0345351525 0345465083 0156027321 0345413903
171007,0385335482 0743418174 0385335881 0140293248 0385336179 0385730586 0312278586 0440241162 038550926X 0446605239
171011,059035342X 0439139600 0439136350 0439064864 0590353403 0345339681 0345339703 0345339738 0345339711 0385504209
171020,0671510053 0142000205 0345339738 0060976845 0345339681 0452282152 0345339703 0345339711 0142001740 0449907481
171026,044021145X 0446672211 0440226430 0671003755 0440213525 0440214041 0440211727 0385484518 0440224764 0385424736
171031,0060930535 0373825013 0671510053 0385492081 0451172817 0373706928 0446605239 0373825021 0373225962 0312278586
171045,0440234743 0440220602 0440224764 0440221471 0440213525 0440236673 044022165X 0440214041 0440225701 0425154092
171049,0375504613 0316666343 0684801523 0060976845 038082101X 0060915544 0679745203 014029628X 0375725849 080410753X
171050,0446610038 0446611212 044023722X 0425182908 0440241073 0446607657 0425180638 0440241537 0061015725 0553582747
171055,0440212561 0440217563 044022425X 0375727345 0060959037 0452282152 0142001740 0385484518 0312195516 0060934417
171065,0316666343 0385484518 0316776963 0312195516 0375502238 0312966970 0316569321 0671001795 0060173289 0312966091
171078,0440224764 0440234743 0425154092 0440214041 0446359866 0440213525 0446610038 0425147622 0440236673 0345353145
171079,0440226430 0375727345 0440222656 0446607657 0446605239 0446610038 0440234743 0446606189 0446604801 0446601241
171082,051513287X 0515132020 0515128554 0515126772 0515128546 0515130389 0515135062 0373218397 0373244487 0515121843
171088,0312278586 0316666343 044023722X 0345417623 0061015725 0679429220 0345441036 0553289411 0446672211 0553582755
171090,0684801221 0553208845 0316693200 002542730X 0345446860 0440220424 0028604199 0062502182 0743206045 0345391810
171104,0375707972 0060977493 0151008116 0316780375 0140119906 0345413369 0316769487 0670892963 0345413350 0385479565
171118,0345413350 0441172717 0316776963 067976402X 0671003755 044021145X 034536676X 0441304834 0446519138 0140481346
171134,0099771519 0330332775 0552137030 0552124753 0552996009 000649840X 0091867770 0330367358 0552131067 0749397543
171157,0385504209 067102423X 0451184963 0671027360 0440234743 0061015725 0142001740 0345361792 0312995423 006101351X
171165,0553250531 0609610597 0553280945 0553250426 0345384466 0440215625 0440217563 044022425X 0440212561 0345337662
171169,0060928336 0316284955 0679746048 0060976845 0452269571 0375725784 0439064872 0440226430 0439136369 0385335881
171206,3442541751 3150000017 3492045170 3423202327 3423201509 3257229534 325722575X 3423202947 3426029553 3442092981
171235,3442541751 3150000017 3492045170 3423202327 3423201509 3257229534 325722575X 3426029553 3423202947 3257227809
171271,0099771519 0552137030 0060938455 0552996009 0330332775 0552124753 0552131067 000649840X 0590660543 0091867770
171286,014028009X 0140293248 8806143042 880781210X 006101351X 0385335482 8845215989 0440226430 0316096199 8845237303
171295,0446310786 0451524934 0060928336 0451526341 0345342968 0440180295 0060929871 0451163966 0671003755 0385484518
171359,0446605239 0440226430 0515128554 0671004573 0446611085 0451203771 0515130389 0312983298 051512608X 0515135062
171389,0552124753 0552131067 0552137030 0312305060 0552131059 0375700757 0552128481 0552131075 0142001740 0380977788
171404,0385504209 0439136369 0439064872 0440226430 0452269571 0449219364 0743418174 0679746048 042516098X 006101351X
171435,0385503822 0312195516 0140280553 0440235162 0446608955 0060173289 0671027387 0399149325 0679746048 0316693286
171444,0449221504 0553279912 0449221482 0449003795 0449219364 0553280341 0449221512 0553279556 0553271636 0553280368
171445,0679781587 0743418174 0312195516 0452282152 0316666343 0684872153 0060928336 0060987103 0385486804 0140293248
171475,0385504209 0312195516 0156027321 0151008116 0671027360 0316776963 0452282152 0316284955 0312278586 0375725784
171506,0312195516 0375726403 0142001740 0316666343 0312305060 0060930535 0385722206 0671003755 044023722X 0449005615
171555,0312980140 0446610038 0385484518 0440236673 0345391055 0060934417 0312966091 0345391802 0425133540 0385492081
171569,2253063339 2253150711 2253044903 2266023039 2290311782 2070360024 2205054252 2253057843 2070408507 2253005274
171594,0060928336 0609804138 0671021001 0345313860 0446670251 034538475X 0345351525 0440180295 0312924585 0679429220
171602,0553572997 0451156609 044021145X 0451184963 0451190564 0451190491 0451190521 0553268880 0451190556 0451524934
171623,0553572997 0553268880 044021145X 0440212561 0375706771 0451203771 0446672211 0553275976 0440211263 0440222656
171638,0671027360 0446611867 0446612545 0312983271 0515130389 0312995423 0515132020 0553582747 0446612790 0515131229
171703,0345350499 0553380095 0385505833 0385503822 0312983824 0553572997 0449907481 0385497466 0452283205 0440225299
171774,0345370775 0345353145 0345378482 0345337662 034540288X 0345380371 0345339681 0440206154 0312924585 0671004107
171783,0380789035 0345337662 0345348036 0440498058 0553262505 0440401585 014131088X 0345313860 0446601241 0060987529
171818,0452282152 0060987103 0312195516 0380789035 039592720X 014029628X 0156027321 0385474016 0142001430 0345438329
171846,0552996009 0552137030 0552124753 000649840X 0091867770 0552996181 0590660543 0590112899 0552998486 0552998001
171859,0316601950 0452282152 0060930535 0312291639 0446670251 0452283205 0060976845 0142001740 0312195516 0142001805
171904,0312924585 8408043641 0440206154 0440224675 8432206407 8445071416 0151008116 8433969978 0451169514 8477204055
171942,3442541751 3492045170 3150000017 3423201509 3423202327 3257229534 325722575X 3426029553 3423202947 3257227809
171967,0316601950 0679781587 0316666343 0375706771 0440222656 0446672211 0446608815 0452282152 0446364193 0671003755
171968,0786868716 0553296981 0140293248 0553580221 0140067477 0060248025 0679781587 0440219078 0553582755 0425128164
171970,0316776963 0375726403 0743418174 0142000205 0060934417 0446532231 0375502238 0156027321 0670032379 0375725784
171972,0060987103 0375707972 0440212561 0446606812 0446608955 0060959037 0425162443 0060987561 006016848X 0060502258
171986,0553271636 0553280368 0553279556 0553284789 0449221512 0449219461 0061009059 0449219364 0449221504 0312966091
171988,3442541751 3150000017 3492045170 3423202327 3423201509 3257229534 325722575X 3423202947 3426029553 3442092981
171999,0446672211 0316601950 0385505833 0375727345 0375706771 0452282829 0440226430 0671021001 0446605239 044023722X
172010,0345384466 0345397819 0345404319 0060928336 0345422384 0345334531 0345434803 0345369947 0679405283 0345396936
172023,0316168815 0142001740 0312305060 0385494246 0440221471 0449911519 0312274920 0345337662 0440220602 0385722206
172030,0451156609 0345417623 0451172817 0440206154 0451177096 0451137965 0451169530 0440211727 0451186362 0064407675
172048,0679781587 0060987529 0375700757 0060928336 0060987103 0060930535 0312195516 0060959037 0060977493 0375705856
172061,0316666343 0446672211 0316284955 0671021001 0446310786 0671003755 0446606812 0316601950 0140293248 0440235596
172091,0316601950 0385504209 0670839531 0375504397 0451156609 0345465083 0142001740 0684867621 0670868361 0684853507
172101,0345337662 0345339711 0345339703 0345348036 0345339681 0609610597 0553573403 0345351525 0345335465 0345417623
172119,0316666343 0316284955 0452282152 0375727345 0446672211 0060928336 0142001740 0385265700 0060987103 0060934417
172122,0345370775 0446532231 0140067477 0345417623 0345353145 0345378482 0804106304 0060392452 0451191145 0451524934
172123,0330332775 0099771519 0330367358 0552998486 000649840X 0552996009 0590112899 0552137030 0590660543 0091867770
172128,059035342X 0380814021 0345342968 0060502258 0060513640 051513628X 0446610038 0515136379 0446310786 0316769487
172180,0552124753 0552131067 0552137030 0552134627 0552145424 0552134651 0552134619 0552142379 0552147680 0552134600
172186,0060392452 0385504209 0151008116 0375725784 0060938455 0316666343 0316777730 0312282990 044022165X 031242227X
172192,0142001740 0385504209 0316666343 0316666009 0446531332 051513287X 044651652X 0316969680 0316969443 0375726403
172203,0684874350 0553250426 0553250531 0316601950 0452264464 0375727345 0385720106 0060934417 042510107X 0060928336
172215,0446672211 067976402X 0142000205 0060915544 0452282829 0375727345 0671021001 0142001740 0316601950 0385720106
172216,0380789019 0380789035 0440226430 0553572997 0440222656 0375707972 0345350499 0345342968 0312983824 0375706771
172233,3442541751 3150000017 3492045170 3423202327 3423201509 3257229534 3426029553 325722575X 3423202947 3257227809
172331,0553277472 0060938455 0375725784 0449212602 0345335511 0441790348 0345335651 0671004107 0345335708 0345352661
172367,0380789035 0375725784 0060392452 0671510053 0440206154 0060987103 0062502182 0441569595 0151008116 0380977788
172370,0345353145 0425128164 0553580221 0345378490 0345386108 0553582747 067102423X 0425124347 0553582755 0425142485
172374,0446610038 0345342968 0440226430 0385335482 0060929871 0316769487 0446611212 0060930187 0345439104 0671021001
172377,0440414806 0345370775 0064407667 006099486X 0451191145 0061009059 043935806X 0786881852 0440219078 0679751521
172406,0345378490 0345353145 0345391055 0345380371 0425109720 0425155404 0425116840 042510107X 0345386108 0446359866
172462,0312971346 0312976275 0312966091 0671001795 0312980140 0061009059 0312265859 0312983867 0312265867 0312265840
172486,0399501487 0385486804 0061009059 002542730X 0345370775 0671004107 0064407667 0142001430 0385474016 0553572997
172512,0452282152 0385335881 0385335482 0439136369 0312278586 014028009X 0385504209 0312195516 0446608955 0061009059
172539,0452282152 0439064872 0142001740 0440221471 043935806X 0440222656 0440241073 0553250531 0385504209 0345339703
172558,0345337662 044651652X 0345342968 0060915544 0440186560 034538475X 0440998050 0345417623 0446607193 0440221471
172588,0345337662 0345313860 034538475X 0345351525 0385504209 0425143325 0446672211 0312195516 0345384466 0440234743
172601,0312278586 0345443284 0142000205 0842329218 0446611867 0446605239 0842329129 0842329250 0316969443 0316666343
172613,3442541751 0380789035 3492045170 0671510053 3423202327 3423201509 325722575X 3150000017 3423202947 3257229534
172634,0140298479 0679723161 0099771519 0312924585 0140620222 0446670251 8408043641 0060929871 0552998486 0156007754
172676,0671744216 0515107662 0553561537 0553574108 0553565060 055329315X 0553283545 0671737791 0553289322 0380896931
172700,0425175405 0425154092 0345378490 0380717018 0380718340 0380710218 044021145X 0425163407 0380789035 0440213525
172713,0452282152 0060936363 0316601950 0451166892 0553572997 0316666343 0060930535 044023722X 0060915544 0452282829
172742,0671003755 0312278586 0671041789 0449907481 0316666343 0425167313 0375707972 0671021001 0425152251 0385498802
172760,0380789019 0380789035 0316776963 0312924585 0441172717 0441569595 0440206154 034536676X 0385486804 0060929871
172865,0679781587 0312291639 0345392825 0446610038 059035342X 0440234743 0446605484 0375700757 0061009059 038542017X
172874,0451526341 0316769487 0425152251 0312278586 0345348036 0440206154 0446310786 0671727796 0451176464 0380977788
172888,2253063339 2253150711 2253044903 2266023039 2070408507 2253005274 2253057843 2290311782 2205054252 2070744833
172941,0440206154 0330332775 0091867770 0552996009 0446605239 0099279274 0446606812 0380713802 0441003257 0684872153
172962,0060502258 0312278586 0060987103 0385479565 0316769487 0452269571 0316693200 0060930535 0446612790 0316569321
173018,0345313860 0345337662 0345351525 0552996009 044651652X 034538475X 0099771519 0345384466 0316789089 0385484518
173053,0553296981 055321313X 0440225701 0345370775 0804106304 014029628X 006016848X 0553213148 0375706771 002542730X
173111,0142001740 0316096199 0060976845 0316776963 0385504209 0743418174 0385512104 0385335482 0375502238 0449005615
173122,0316769487 0399501487 038542017X 0553213148 0316666343 0679781587 0060502258 0375703055 0786881852 0553213172
173131,0446310786 0345342968 0060929871 0385504209 0451524934 0440219078 0451163966 0684801523 0553274295 059035342X
173190,0142001740 0671004107 0060915544 0553279378 0312291639 044023722X 0446310786 0385722206 0553277472 0441172717
173201,2253063339 2253150711 0451526341 2253044903 2070360024 2266023039 2290311782 2205054252 2253057843 2070408507
173203,0060928336 0060915544 0060976845 0671001795 0312195516 0449212602 0061009059 0312966091 0385474016 0440211727
173225,0440226430 0446612545 038079487X 0446609404 0312990456 0553576798 0425168298 0312980140 0553578693 0312265867
173253,0380789019 0786868716 0385484518 0440241073 0553277472 0679429220 038550120X 0060392452 0156528207 0449212602
173291,0316666343 0345339681 0440998050 0316096199 0446605239 0060987103 0060987529 0345348036 0345384466 0345337662
173301,0440221471 0440224764 044021145X 0440226430 0440213525 0440241073 0440225701 044022165X 0446611867 0446359866
173343,0385504209 0385484518 038550120X 0345351525 0345337662 0142001740 0385503822 0345384466 0060930535 0316666343
173388,0099771519 000649840X 0330332775 0552998001 0440206154 0552137030 0552124753 0552998486 0749395990 0091867770
173412,0060502258 0060976845 0380814021 0385335482 0316769487 0446670251 0671021001 0060987103 059035342X 0345350499
173415,0671027360 0385504209 0060392452 0345413873 0553272535 0451188454 0671727796 0449212602 0385314744 0312195516
173481,044021145X 0440213525 0440224764 0440226430 0440234743 044022165X 044023722X 0446672211 0446611212 0446359866
173486,0060987103 0345423402 0385504209 0441304834 0345313860 0671027360 0441001971 0441002935 0515135062 0441003745
173509,0446606812 0316601950 0375727345 0060958022 0312278586 0743418174 0449005615 0142000205 0060173289 0451526341
173511,0446605239 0842329218 0842329129 0786868716 044651862X 0446606812 0385484518 006016848X 0842329242 0446610038
173517,0316666343 0156027321 0743418174 0375726403 0385722206 0375725784 0385504209 0060987103 0312305060 0312195516
173557,0312195516 0671027360 0440206154 0449212602 0375725784 0440224675 0441569595 0060938455 0380789019 0451188454
173632,0316601950 0446612790 0399149325 0971880107 0440211727 0679781587 0446672211 0671880187 0140298479 0440214041
173650,0441005489 0380789035 0345370775 0380789019 0671021001 0552137030 0446605239 0380002930 0552131067 0060934719
173652,0671038184 0375706771 0375707972 0446672211 0446679593 0425162443 0345439104 0316601950 0140244824 0380730138
173654,0515131229 0515130389 0515132020 051513287X 0515126772 0515135062 0515136379 0515128554 0515136530 0515121843
173657,3150000017 3442541751 0140620222 3423202327 325722575X 3257229534 3423201509 3257227809 3492045170 0140620109
173679,0446310786 0425152251 0553208845 0385484518 0345387651 0451524934 0439139600 0345339681 0156027321 0553289691
173684,0140067477 0440219078 043935806X 0553296981 0380789019 0786868716 0446605239 0385484518 0618002219 0375826688
173728,0385335881 0385335482 0316569321 0316096199 014028009X 0385336179 0316666343 0312291639 0060976845 0385730586
173743,0312278586 0316284955 0385504209 0316776963 0316096199 0553582755 038572179X 0743418174 0446531332 0312195516
173769,0671737821 0671744216 0380814803 0553561537 0312195516 0553565060 0671737791 0380762609 0553574108 055329315X
173773,0451524934 0440206154 0385504209 0316666343 044022165X 0345342968 0060392452 0375725784 0440213525 0399501487
173813,0440211263 8433925180 0385720106 059035342X 0440213525 0439064872 0553572997 044021145X 0380789019 0440221471
173835,0425154092 0312983271 0449003787 031298328X 0425169863 0425180638 0425163407 0380718332 0312265867 0425147622
173856,0553560735 0441172717 0345323440 0345417623 0345333926 0553580272 0553573403 0312282990 0553562738 0441569595
173860,0375727345 0446672211 0060930535 0375707972 0345443284 0380730138 0060976845 0060959037 0060928336 0375702709
173875,0312291639 0099771519 0156027321 0590660543 0440241073 044023722X 0061015725 0142000205 0349101779 0440236673
173881,0385484518 0316096199 0156027321 0142001740 0786881852 0385504209 0446605239 0140067477 0446611867 0671250671
173888,0345342968 059035342X 0446310786 0380002930 044022425X 0440212561 0440414806 0385510438 0439136350 0440217563
173906,0142001740 0385335482 0060502258 0060928336 044023722X 0375700757 0609804138 0142004235 0375727345 0385336179
173930,0451166892 0060959037 0452282152 0060936363 044023722X 0425180638 0316776963 044021145X 0316601950 0425158616
173951,0156027321 0671003755 0375706771 0060930535 0312195516 0385722206 0385504209 014023313X 038079487X 0060938455
173969,0330367358 0553572997 0060938455 0156027321 0375727345 0380002930 0425192725 0345391802 0312195516 038542017X
173999,2253063339 0747532745 2253044903 2253150711 2266023039 2070360024 2290311782 2205054252 2253057843 2253005274
174004,0060959037 0452282152 0060934417 044023722X 0385504209 0060921145 0375725784 0140119906 0156027321 038572179X
174034,0425175405 0425163407 0425158616 0425169863 0380718332 0380718340 0446364193 0449003787 042516098X 044022165X
174062,0316603570 0553250531 0446672211 0553250426 044922046X 0553574671 0553574663 0446520802 0316603287 0671004530
174072,0446672211 0452282152 0312195516 0060915544 0060928336 0316666343 0060959037 0385720106 067976402X 0316601950
174081,0374199698 0099771519 034540288X 0156711427 0451166892 0804106304 0375725784 006000438X 0375406530 0156628708
174092,0060958022 0552996009 0140265988 0316782505 0552998486 0743418174 0091867770 0142001740 0552998001 0142001805
174139,0553280368 0449223612 0449221482 0553280341 0099771519 0449221512 0553279556 0449219364 0553271636 0349101779
174140,0380002930 0142001740 0553250426 0394800168 0553250531 0440940001 0140067477 0060256656 0517556278 044651862X
174142,0316284955 0743418174 0671004530 0671758896 0316693006 0440226430 0385503822 0553582755 0156027321 0671867172
174151,0842329129 0786868716 084232920X 0842329161 0385484518 0310205719 0440222656 0316666343 0439064872 0140067477
174179,059035342X 0345339681 0439064872 0345339711 0345339738 0439136369 0316666343 0439139600 0439136350 0380731851
174195,0316769487 0345413350 043935806X 0345339681 0446310786 0345370775 0375707972 0312924585 0060392452 0671027360
174216,0142001740 0345339703 044022165X 0375412530 0440221471 0060976845 0312305060 0316666343 0385479565 0060188731
174259,3442541751 3150000017 3257227809 3492045170 3423201509 325722575X 3423202327 3257229534 3426029553 3423202947
174304,0449212602 0553274295 0446610038 0679781587 0671670689 0440940001 0316777722 0312291639 0440998050 0446608815
174322,0385508042 0385511612 0385505833 0316666343 0316969680 0385504209 0312265859 0440241073 0385490992 0345417623
174326,0452282829 0345443284 0375707972 0316899984 0060959037 0316601950 0060928336 0312195516 0671003755 0140244824
174334,0425171493 0345436911 0060938455 0451203771 0449003795 0345445848 0385722206 0515131083 0553574671 0553280368
174367,0446612790 0446611212 0446612545 0446607657 0440241073 044023722X 0446605484 0425182878 0446608815 0446364193
174375,0060987103 0440211727 0345361792 0440220602 0440213525 0060976845 0440224764 0060915544 0440214041 0440226430
174376,3442541751 3150000017 3423202327 3492045170 3423201509 3257229534 325722575X 3426029553 3442092981 3257227809
174388,0425175405 044023722X 0449003787 0440224764 0425169863 0425192725 0380717018 0449003795 0446610038 0380718332
174428,0312195516 0316666343 0060928336 0316284955 0060930535 0060959037 014028009X 0142000205 0142001740 067976402X
174478,0312195516 0552996181 0440206154 0099747200 0099800403 014012389X 0375703861 0345370805 0099429799 0099279274
174501,0142001740 0452282152 0312195516 0312305060 0553272535 0385722206 014029628X 0375700757 0060502258 0451526341
174503,0446310786 0375707972 0316666343 0671003755 0140293248 0345361792 0316284955 0679781587 0375706771 044021145X
174509,0439064872 0385504209 0439136369 0312195516 0439139600 0446310786 043935806X 0316284955 0060928336 0446608955
174534,0786881852 0446606812 0316666343 059035342X 0399144463 0446605239 0439064872 031205436X 006101351X 0440211727
174568,0671004107 0060987103 0380789019 0345339681 0446604666 0380789035 044021145X 0446310786 0441790348 0345369947
174590,0446672211 0060928336 0060959037 0316601950 0060976845 0452282152 0375700757 0375707972 0679781587 0375706771
174596,0671021001 0385504209 0316666343 0743418174 0060392452 0312195516 0440222656 0440214041 0385730586 0440213525
174601,0380789035 0671027360 043935806X 0141000198 0380789019 0312974256 0439136369 0064407667 0345339703 0345339738
174615,0316666343 0375727345 0671510053 067976402X 0385492081 0446672211 0684872153 044651862X 0142001740 0671041789
174625,0060392452 0671027360 0385504209 0380813815 0064407667 0316769487 0312278586 0380002930 0380789035 0060938455
174633,0446310786 0671003755 0345342968 0380002930 0140067477 0385484518 0070212570 0440212561 0399501487 0553572997
174638,0385504209 0312966970 0312291639 0060502258 0060930535 0142001740 0385335482 044023722X 0061009059 031242227X
174642,0440226430 0060928336 0140293248 0316666343 0446611867 0446605239 0385492081 006101351X 0439064872 0446606812
174683,044023722X 0446606189 0440212561 0060987103 0688177751 0060959037 0440222656 0316781266 0060502258 0312278586
174692,0316601950 0842329129 0446672211 014025448X 0380731851 0140254544 0440223202 0451203771 0842329218 0446610100
174700,0446610038 0380731851 0446359866 0312195516 0440241073 0345417623 0440211727 0446604801 0440220602 0446612790
174723,0375706771 0671003755 0385265700 0060930535 0316601950 0446672211 0142000205 0375702709 0312195516 0316769487
174726,044023722X 0440224764 0385504209 044022165X 0440220602 0440234743 0060928336 0440213525 044021145X 0380731851
174738,0446364193 0425154092 0425169863 0380718340 0425163407 0446601241 0446609323 0425175405 0425147622 0446608815
174791,0743418174 0316776963 0142001740 0345339703 0345339681 0345370775 0345337662 0380002930 0385335482 0345339738
174793,0060959037 0375705856 0452282152 0060977493 0060987103 0142001740 0449223612 0375700757 044023722X 0449221490
174827,0312980159 0515136530 051513628X 0312983271 051513287X 0515136379 0515135739 0515132020 0515131229 0515128554
174830,0449212602 0449221512 0553279556 0449221504 0449223612 0312995423 0553284789 0449219364 0446672211 0452264464
174834,0440221471 044021145X 0425154092 0440234743 044023722X 0440213525 0425175405 044022165X 0380718340 0425180638
174848,044651652X 0786881852 0679429220 006101351X 0671250671 0439136350 0439064864 0439064872 0385486804 0439139597
174851,0440207622 0440217547 0440184053 0440176484 0440201926 0440111811 0440213282 0440170796 0440221315 0440211891
174892,0312990456 0312265867 0312966970 0312265859 0515132020 0312983271 0312976275 0515131229 0316666009 0312980140
174897,0064407667 059035342X 0440414806 0345370775 0064471047 0064407675 0439064872 0064471063 0786881852 0446532231
174911,0440241073 0440234743 0440224764 044022165X 044023722X 0440221471 0440241537 0440236673 044021145X 0440214041
174914,0316666343 0679781587 0156027321 0060987103 0385335482 0446670251 014028009X 0375725784 0140298479 0060928336
174916,0312195516 0060930535 051513225X 0385479565 0316601950 014025448X 0440220602 0316666343 0060934417 0316096199
174918,0385504209 0385508042 0671027360 0385511612 0385503822 0399150897 0316693006 0312995423 0316603570 0671027387
174962,0553572997 0345391802 0452282152 0330262130 0345391829 0345391810 0380977788 0028604199 0552137030 0345391837
174986,0345348036 0446310786 0312980140 0345342968 0671510053 0345413350 0345391055 0312976275 0380789035 0380002930
174987,0385504209 0060934417 0156027321 0375725784 0375726403 0142001430 0060987103 0671027360 0385721420 0452283205
175000,0345351525 0345384466 034538475X 044022165X 0440214041 0440220602 044651652X 0440221471 0440211727 0060928336
175003,0439064872 0439136369 0679781587 0399144463 0060248025 0618002227 0312195516 0064407667 0385484518 0316666343
175052,0451166892 0452282152 0446612790 0440221595 0449907481 0316601950 068484477X 0345446860 0439064872 0440204194
175062,0446605239 0446611867 0316781266 0316096199 0142000205 0312291639 0345443284 0345439104 0316769487 0440235596
175068,0553250426 0553289411 0553280945 0345370775 0684874350 0609610597 034540288X 0440214041 0449212602 0345337662
175070,0439064872 0439139597 0439136369 0385504209 0439136350 059035342X 0439064864 0590353403 0446531332 051513628X
175100,042510107X 0425083837 0345417623 0345370775 0425122123 0425109720 0425180964 0440206154 0345380371 0345353145
175101,044651652X 0439064872 0440220602 0425109720 044021145X 042510107X 0385486804 0345380371 0425158616 0425180964
175117,0316666343 0385512104 0345378482 0385492081 0062502182 0452264464 0345370775 0060928336 0671021001 0345402871
175123,0449223612 0449003795 0449003787 044023722X 0449221512 0449219364 0449221504 0449219461 0446611212 0553280368
175141,0385504209 0345417623 051513287X 0679444815 0515131229 0440206154 0373484410 0425175405 0385511612 0515132020
175185,0316666343 0060928336 0316601950 0316284955 0446672211 0385265700 0375707972 0140244824 0060976845 0385720106
175189,0446310786 0684801523 0385504209 0451526341 0060929871 059035342X 0590353403 0553280414 0684801221 0345350499
175205,0515132020 0312966970 0515131229 0312990456 042518630X 0312983867 0312976275 0515132187 0312980140 0515130389
175254,0385504209 0440221471 044023722X 0440224764 0440241537 0440234743 0440225701 0440220602 0440236673 0060930535
175271,0316601950 0060976845 0345361792 0671510053 0375727345 0440211727 0679781587 0142000205 0316569321 0446310786
175278,0671027360 0060934417 0452283205 0452282152 0060987103 0441003257 0156027321 0385504209 0312282990 0671004107
175283,0316769487 0451526341 0671021001 0451524934 0060929871 0316666343 0345342968 0060987561 0670892963 0553280414
175284,0446610038 0446611212 0316693006 0553584510 0316693200 0316603570 0316602906 0312966970 0446607657 0440241073
175287,0446310786 0316666343 0671003755 0375700757 0345443284 0439064864 0679781587 0060930535 0060987561 0439139597
175329,0060930535 0452282152 0375726403 0671510053 0345337662 0449005615 014025448X 0060977493 0345439104 0446611085
175331,068484267X 0449003795 068484477X 0684872153 0452269571 0449212602 038079487X 0060938455 0553250426 0452264464
175367,2253063339 2253150711 2253044903 2266023039 2070360024 2253057843 2205054252 2070408507 2253005274 2253152846
175399,0345337662 0553250426 0440222656 0345370775 0553289411 044022165X 0345353145 059035342X 0553280945 0345380371
175463,0842329269 0842329277 0439064872 0842332251 084232920X 0842329285 0842329161 084233226X 0310205719 0345339681
175485,043935806X 0316776963 0345339681 0345339703 038082101X 0142001740 080410753X 0060928336 0345339711 0345350499
175493,3442541751 3150000017 3423202327 3423201509 3257229534 3423202947 325722575X 3426029553 3257227809 3404148665
175510,3150000017 3492045170 3423202327 3423201509 3257229534 325722575X 3426029553 3423202947 3257227809 3442092981
175529,0515131229 0515128554 0515128546 0515126772 0684872153 0515130389 0345361792 0515133973 051512317X 051512608X
175536,0316666343 0380813815 0316776963 0375725784 0385486804 0439136369 0374199698 0439064872 059035342X 0375703861
175559,0679429220 0786881852 0312195516 0786868716 0375700757 0679781587 0345337662 080410526X 0316779423 044651652X
175576,0786881852 0446608955 0842329218 0842329129 044651652X 080410526X 0316777722 0786868716 0452282152 0385484518
175636,0439136350 0446310786 0439064864 043935806X 0439136369 0439139597 0060502258 0440221471 0440211727 0440212561
175738,0316776963 0679781587 0380813815 0786868716 0312421273 0060987103 0525947647 0142001740 0375725784 0743418174
175752,2253063339 2253150711 2253044903 2070360024 2266023039 2290311782 2253057843 2205054252 2070408507 2253005274
175759,006016848X 0842329218 089480829X 0446605239 0446610038 0385335482 0743418174 0446611085 0842329129 0842329242
175794,0515126772 0515131229 051513287X 0515132020 0446611867 051512317X 0515135062 0440226430 0515121843 0515130389
175805,0684872153 0679745203 0060915544 0679781587 0060921145 080410753X 0446606812 0142001740 068484477X 0440211727
175822,2253063339 2253150711 2253044903 2070360024 2266023039 2290311782 2205054252 2253005274 2070408507 2277260029
175867,0060928336 0440226430 0679746048 0316284955 0452269571 0743418174 0385335482 0385335881 0060976845 0971880107
175874,0451167317 0451176464 0440226430 0451156609 0451180232 0451188462 0451172817 0451160525 0451163524 0671024248
175886,0743418174 0316666343 0156027321 0385335482 0142001740 0452282152 0312291639 0385504209 0316776963 0099771519
175912,0345348036 0064408639 0425080021 0064408647 0156528207 0451171357 0064408655 0345413369 000649840X 0671510053
175921,0345402871 0099771519 0330332775 0552998486 0156027321 0552996009 0316666343 0060392452 0552137030 0590660543
175978,0345313860 0345384466 0385492081 0345351525 0380789035 034538475X 0441003257 0552124753 0061020710 0061057649
176005,0312966091 0671001795 0312971346 0312966970 0312976275 0312980140 0312983867 0060976845 0312265859 0312265867
176037,0345370775 034540288X 0440222656 0062502182 034538475X 0440211263 0345337662 0345313860 0440236703 0553279912
176047,3442541751 3150000017 3492045170 3423202327 3257229534 3423201509 059035342X 325722575X 3426029553 3423202947
176062,0312291639 0156027321 044023722X 0451166892 0330332775 0099771519 0446610038 0452283205 0553280341 0452282152
176094,0312924585 0451156609 0345370775 0440224675 067102423X 0451155750 0451167317 0316769487 059035342X 0451176464
176099,059035342X 0385504209 0671027360 0399144463 0060392452 0439064872 0439136369 0064407667 0439139600 0385484518
176100,0316601950 0446672211 067976402X 0312195516 0060928336 0440241073 0060976845 059035342X 0440224764 0446606812
176102,0375726403 0142001740 0345438329 0345443284 0316601950 0446675059 0440226430 0345439104 0375727345 014025448X
176105,0316776963 0375702709 068484477X 0440225701 0060977493 0452282829 0060976845 0060915544 0385265700 0060934417
176110,0380002930 0440998050 043935806X 0061020702 0449212602 044021145X 0439064864 0061020710 0061092177 002542730X
176114,0399501487 0440226430 0425152251 0446310786 044021145X 0316769487 0451191145 044651862X 0380012863 031298328X
176128,0140293248 0312278586 8806143042 880781210X 0385335482 014028009X 006101351X 8845215989 8845237303 8806166484
176214,0345417623 0446610038 0060987103 0515126772 0316601950 0061015725 0451166892 0060502258 0515132020 0515128546
176254,0385336179 0385335881 0385335482 0064472795 0446608955 0385730586 051513287X 0380814021 0515132020 0385729332
176256,0316666343 0316693006 0446608955 0446605239 0316569321 0316969443 0446606812 0385503822 0316693235 0385508042
176277,0316096199 0385498802 0743418174 0385492081 0156027321 0316666343 0743227441 0312171838 0440220602 0399501487
176297,0316284955 0060976845 0440212561 0060928336 0375703055 0156027321 0452282152 0425162443 051513628X 0385720106
176348,0385504209 0671027360 0452282152 0385508042 0375504397 0385510438 0316693006 0385511612 0142001740 0440236703
176357,044023722X 0312995423 0440241073 0671027360 0440234743 0446611778 0440236673 0345417623 0061015725 0385504209
176360,0070212570 0452282152 0142001740 014025448X 0786868716 0061097101 0385510438 0312995423 0671027360 0553582763
176395,0375706771 0060502258 0375727345 0671003755 0553272535 0345391802 0452269571 0553562614 0609804138 0062502182
176408,0316666343 0060938455 0553271636 0553280341 0449221512 0552998486 0449221490 0449221482 0140265988 0330332775
176444,0385335482 0446606812 0440211727 0671021001 0446605239 0316666343 0451526341 0446310786 0684872153 0684848783
176459,0060928336 0142001740 0060976845 0553279912 0553280368 0060938455 0316284955 0316601950 0449221504 0385504209
176465,0345337662 0671693816 044651862X 0060987529 0345334531 0786881852 0142001430 034538475X 0671250671 0375760911
176477,0060934417 0375725784 0671027360 0060977493 0061097314 0060930535 0060921145 0312421273 0142001805 0385504209
176481,067976402X 0679781587 0446672211 0679745203 0345361792 0385492081 068484477X 0671042572 068484267X 0316601950
176486,0345417623 0425170349 0425180964 0440236673 042510107X 0425116840 0425147584 0440220602 0345380371 0425143325
176509,0060928336 0316284955 044023722X 0679781587 0385474016 014028009X 0452282152 0060976845 0446605239 0375703055
176526,0375725784 0060938455 0380789019 0385504209 0671027360 0060392452 0440206154 0156027321 0062502182 0451191145
176576,0060930535 0452282152 0140298479 0060928336 0446672211 0385504209 0060976845 0142001740 0060959037 0375706771
176597,0345380371 0345370775 044021145X 0380002930 0345391802 0451524934 0345378490 0441569595 034540288X 0156027321
176656,0385504209 0312278586 0156027321 0671027360 0060934417 0316096199 0142001740 0312195516 0385484518 0452282152
176658,0439064872 059035342X 0439136369 0439139600 0316666343 0060987103 0064407667 0439136350 0060930535 038542017X
176667,0380814803 0671744216 059035342X 0515129933 0451207947 0380820846 0505524090 0671737791 050552354X 0060531231
176668,0385504209 051513287X 014025448X 0515132020 0316601950 044021145X 0515131229 051512608X 0373484003 0373244487
176682,0671027360 0060392452 0671708635 0446394521 0684874350 0446605239 0399144463 0140067477 044021145X 006101351X
176736,3442541751 3150000017 3423202327 3492045170 3423201509 3257229534 325722575X 3423202947 3426029553 3404148665
176742,3442541751 3150000017 3492045170 3423202327 3423201509 3257229534 325722575X 3423202947 3426029553 3257227809
176785,0142000205 0316569321 0345443284 0385505833 0345439104 0316899984 0452282829 0312195516 0375502238 0060928336
176804,0440224675 0449219364 0449003787 044922046X 0449221490 0140293248 0553574663 0671028375 0425151875 0425180964
176835,0316666343 0446610038 0375726403 0061009059 0375703861 0440234743 0312195516 0151008116 0679781587 0425169863
176838,0670030643 2253063339 2253150711 2253044903 0743418174 0747532745 2290311782 2266023039 2070408507 0380789035
176853,0385504209 0679781587 0156027321 0316666343 0316776963 0060928336 0345337662 0142001740 0452282152 0449212602
176875,0064407667 0312966091 0060987103 0743418174 0312971346 0312966970 0553280341 0552137030 0060392452 0552131067
176879,0440215625 044022425X 044021145X 0425152251 0446607657 0440241073 0743227441 0553574574 0440226104 051513628X
176887,0156027321 0385335881 0312305060 0385504209 0385335482 0385486804 0446310786 0316666343 0312291639 0385336179
176894,0446605239 0842329218 0345370775 0842329129 0842329242 0786868716 0842329250 0446610038 0842329269 006016848X
176902,0385335482 0385336179 0743418174 0312278586 0312291639 0060928336 0060096195 0140298479 0316666343 0440414806
176903,0446672211 0060928336 0316284955 0385484518 0142000205 0671038184 0316666343 0140244824 0060987561 0060391626
176916,0312195516 0060930535 0142001740 0679781587 0156027321 0671027360 0060928336 0312278586 0312291639 0449005615
176978,014131088X 0440220653 0440219078 0553296981 0345370775 0440487617 0553213148 0064405842 0440498058 0394820371
177021,0380789019 0142001740 0060934719 0451160525 0345427637 0670868361 0452282152 0441790348 0066214122 0316776963
177040,0446604801 0425158616 0446601241 0446610038 0446606189 0446364800 0345380371 044021145X 0446611212 0449221490
177072,0446672211 0312966970 0312195516 0671021001 0446610038 014028009X 0316666343 0446610399 0679781587 0312278586
177073,0451172817 0671670689 0451153553 0671534718 0345380371 0671534734 0671729411 0451176464 0671443283 0553274295
177090,051513287X 0515130389 0515136530 0515135062 0515132187 0515126772 0515121843 0515128546 0312983271 0515128554
177091,0439064864 0439136350 0312980140 0440498058 0553574663 0385482388 0425192725 0312995423 0312971346 0312291639
177157,0515132020 051513287X 0515130389 0142001740 0440226430 0375707972 0515128546 0452282152 0312291639 0515135062
177180,0451169530 0671004107 0440206154 0441790348 0671027387 0425158632 0441172717 0312995423 0345323440 0671027360
177186,0451167317 0385504209 0451170385 0451137965 0451176464 006101351X 0345380371 0451169514 0451177096 0440206154
177195,0140293248 0451526341 0446310786 0316769487 0451524934 0385335482 0553274295 0345313860 0345342968 0684801523
177233,0385730586 0060096195 0385335830 0312278586 0064472272 0140293248 0446310786 0440414806 0446605239 0385336810
177237,0446611867 0446610399 0515130389 0440226430 0446606812 0515131229 0312291639 0385505833 0515132020 0380731851
177262,0345342968 0060929871 0345391810 0345361792 0140042598 0060964049 034538475X 0679745203 0312924585 0385474547
177277,000649840X 0552996009 0330332775 0552124753 0091867770 0552131067 0312976275 0312966091 0749397543 0060392452
177284,0156027321 0385504209 0142001740 0439139597 043935806X 0316666343 0439064864 0439139600 0312305060 0151008116
177295,0316666343 0142001740 0452282152 0156027321 0060959037 0312195516 0375727345 0452282829 0060930535 0375706771
177330,0316666343 0375727345 0380718340 0385324057 0385486804 0142001740 0446364193 0316284955 0440224764 0425175405
177349,051513287X 0515132020 0515131229 0515126772 0515128546 0515128554 0373244487 0373484410 0515130389 0515121843
177363,0060987103 0060938455 0060959037 038079487X 0375702709 0312291639 0316777730 0375707972 0316769487 0060392452
177374,051513287X 0515126772 0373244487 0515136530 0373484232 0515132187 051512317X 051513628X 0373218397 0515121843
177375,0385504209 0312195516 0316666343 0142001740 0786868716 0439139600 0312305060 0151008116 0452282152 0312995423
177386,044023722X 0440241073 0440221471 0440236673 0446604844 0452282152 0425143325 0446611778 0446611212 0345417623
177405,0060938455 0440226430 0440180295 0393319296 0786881852 0451191145 0671250671 0316777730 0140042598 0345337662
177432,0451160525 0399501487 0684801523 0451163966 0451526341 0441172717 0451169530 0451184963 0451172817 0451169522
177451,044021145X 0440220602 044022165X 0440214041 0446364193 0425163407 0440213525 0345380371 0425154092 0425147622
177458,0525947647 059035342X 0446672211 0312966091 0345361792 043936213X 0679745203 043935806X 0312980140 0670880728
177492,0380018179 0440221315 0312195516 0553213148 0440213282 0515128554 0316666343 0440111811 0440176484 0312305060
177510,0316666343 8408043641 8433969978 8432206407 8445071416 0679781587 0440224675 8420441708 8478884955 0060392452
177531,0060938455 043935806X 0060392452 0316569321 0446672211 067976402X 0345361792 0385484518 0060391626 0385492081
177550,8408043641 8445071416 8432206407 8433969978 0140298479 8477204055 8478884955 8420616893 0684859335 8433925180
177569,0446612790 0345413873 0316602906 0316666009 0425182878 0449003795 0399145087 0425180638 0446601241 0425175405
177573,0312305060 0385722206 0679781587 0385504209 0345436911 0142001740 0142001430 0385503954 0671027360 0671880187
177590,0842329129 0070212570 0842329269 0440222656 0842329277 0312195516 0385484518 0316666343 0440214041 0399144463
177630,0345313860 0671021001 0316769487 0679735771 0380789019 0441569595 0060502258 0451524934 0440206154 0451526341
177638,051513287X 0515131229 0515128554 0515128546 0515126772 0515135062 0515130389 0515121843 0515133973 051512608X
177645,0452282152 0060976845 038082101X 0312195516 044023722X 0140298479 0440236673 0061009059 0380815923 0060987103
177660,2253063339 2253150711 2253044903 2266023039 2253057843 2290311782 2253152846 2205054252 2253005274 2070360024
177673,0142001740 0375726403 0312422156 0374129983 0060188731 038079487X 0316776963 043936213X 039592720X 068484477X
177683,0385504209 0399150897 0316602906 0385510438 0399149155 0316693006 0345452550 0385508042 0385511612 0316969680
177688,3442541751 3150000017 059035342X 3492045170 3423202327 3423201509 044021145X 3257227809 325722575X 3257229534
177690,051513287X 0515132020 0515131229 0515126772 0515128546 0373244487 0515128554 051512608X 0373218397 0515121843
177764,0316666343 0679745203 0380703882 0345350499 0345342968 0380015390 034538475X 067976402X 0345339681 0316096199
177850,0099800403 0385722206 0385720920 0671003755 0394223802 0385486804 039592720X 0679781587 0671041789 0553580930
177861,0671011367 0671028375 0440224764 0345413903 0446610038 0671011375 0440236673 0446612790 0684872153 0380817691
177862,0446610038 0446612790 0446607657 0399149155 0316693006 0385505833 0446605484 0553578693 0385510438 0446612545
177876,0515128554 0515128546 0515136530 0515126772 0515131229 0515136379 0515132020 051513287X 0515121843 051512317X
177879,0684801523 0671617028 0452264464 0440219078 044021145X 0399501487 0345342968 0345313860 0684801221 0345351525
177932,0684874350 0440343194 0515130389 034540288X 0446612545 042513525X 0440207622 0385420161 0345369335 0786862572
177934,043935806X 0439136350 0439064864 0590353403 059035342X 0439136369 0439064872 0439139600 0345339681 0064400557
177968,0142001740 0385722206 0449005615 0312305060 0375412530 068484267X 0345417623 0449003795 0156027321 0452282152
178003,8408043641 8432206407 8445071416 8433969978 8478884955 0312924585 8420616893 0140298479 8478886451 8478884459
178032,0385484518 0385504209 0156027321 0316096199 0142001740 0446605239 0446611867 0446519138 0062502182 0316969443
178035,0425154092 0449221482 0425169863 0425163407 0425180638 0449221490 0440214041 044021145X 0380718332 0446604801
178056,0060502258 0446310786 0312278586 0440212561 0385335881 0312291639 0060928336 0679746048 0140293248 0446670251
178058,0425154092 0425175405 0380718332 0425169863 0425180638 0380718340 0425158616 0425163407 0446610038 0515131229
178072,0671021001 0385504209 0385335482 0316601950 0316666343 0446670251 0375706771 0060502258 0743418174 0312278586
178079,0671027360 0385504209 043935806X 0385510438 0061015725 0385503822 0671027387 0399150897 0446611638 0312983271
178093,0515130389 0312995423 0440236703 0515135062 0373218192 044661193X 0671011367 051512608X 0425182908 0515132020
178107,3150000017 3492045170 3423202327 325722575X 3423201509 3426029553 3423202947 3257229534 3442092981 3257227809
178130,0316666343 0380753006 055329315X 0842329129 0380752999 0671744216 0380753022 0671737791 038542017X 0380750872
178151,0375727345 0452282829 0142000205 0312195516 0375700757 0316569321 0385484518 067976402X 0671003755 0060928336
178181,0679781587 0671510053 0446672211 044651652X 0060930535 0345337662 0060928336 0671250671 0684874350 0345313860
178195,0345384466 0345337662 0553580221 0425144429 0425153975 0345386108 0553580191 042513525X 0425124347 0425107469
178199,0060938455 044023722X 0312278586 0066214122 0671027360 0316777730 0670892963 0385503822 0385511612 0316781142
178201,0156027321 0142001740 0375726403 0060930535 0316666343 0345439104 0312305060 0345361792 0385722206 0385265700
178223,0316666343 0446605239 0452264464 0312278586 0786868716 0446608955 0425115801 0671042858 0425124347 042513525X
178240,0440214041 044021145X 0440221471 0345353145 0345380371 044022165X 0345370775 0440213525 0312195516 044023722X
178269,0449212602 0312195516 0385503822 0142001740 0316168688 0449003795 0446611212 0446679593 0786868716 0156027321
178322,0385484518 0375727345 0142001430 0743418174 014029628X 0316666343 0060928336 0452282829 0316569321 0345438329
178356,0515121843 0515126772 0515136530 0515135062 0515128554 051512317X 0515132020 0515124214 0515128546 051513287X
178377,0446605239 0446606812 0446610399 0553296981 0140293248 0141007338 0312278586 0099279274 0385730586 0330375253
178458,0515128546 0515126772 0515132020 0515131229 051513287X 0142001740 0515130389 051512317X 0515121843 0373218397
178478,0671003755 0553272535 0440234743 0316789089 0141301155 059035342X 0553274295 0451197399 0446601640 0385265700
178485,0385484518 0060928336 0316666343 0553279378 0066214122 0786868716 0679746048 0553296981 0671021001 0060976845
178522,0385497466 0399146253 0316693006 0425147622 0385503822 0316602906 0425175405 0380718340 0374281602 038550120X
178570,0345438329 0446606812 0446610399 0316569321 038079487X 0156005891 0440208459 0679746048 0060929790 0425162443
178587,0440241537 0671027360 0399501487 0345339703 0440234743 0385504209 0441569595 0425143325 0440236673 042510107X
178597,0060987103 0375726403 0345361792 0060934417 0375725784 0316666343 0316096199 0312278586 0385722206 0156028778
178667,0446611867 0140298479 0452282152 0786868716 0446605239 044023722X 0316788228 0385484518 0385335482 0451156609
178733,0451156609 0451167317 0451176464 0451137965 0451180232 0451177096 0451169530 0451142934 0440211727 0451186362
178758,8408043641 0312924585 8445071416 8432206407 0345417623 8433969978 8477204055 8478884955 8420616893 0440224675
178773,8408043641 8432206407 8445071416 8433969978 8478884955 0312924585 8477204055 8420616893 8401328942 0684859335
178797,0452282152 0553572997 0345391802 0345391810 0452264464 002542730X 038082101X 0452280621 0140298479 0028604199
178880,0060959037 0142000205 0375726403 0316601950 0671003755 0385265700 0452282829 0345439104 0345443284 0380731851
178890,0451167317 0553582747 0451160525 0451180232 0451169514 0671041789 0451156609 8408043641 0451188462 0451191013
178905,0439064872 059035342X 0439136369 0452264464 0446519138 042516098X 0385720106 0425147622 0385474016 0380789035
178914,0142001740 0385199570 0670835382 0451172817 0385504209 0385505833 0670868361 0684853507 0670839531 0684853515
178919,0060930535 044023722X 0440236673 0440225701 044022165X 0440234743 0440220602 0440213525 0679429220 0140293248
178920,0142001740 0451524934 0452282152 0060929871 0385722206 0060173289 067976402X 0451526341 0684874350 0345439104
178950,0449221512 0449221482 0449219364 0553279912 0449221490 0553271636 0449003795 0449219461 0553284789 0553280341
178961,044022165X 0440221471 0345337662 044651652X 044023722X 0440211727 0440213525 0345370775 0440224764 044021145X
179019,0446310786 0451524934 0451163966 0345342968 067976402X 0316769487 0446364193 0446611212 0446610038 0385497466
179068,044021145X 0440211727 0440221471 0440220602 0440224764 0440213525 0440234743 0440225701 0345380371 0345370775
179075,0060928336 0312195516 0684874350 044021145X 0060392452 0440226430 0140067477 0385484518 0679429220 0440211727
179118,0375702709 0671021001 0380730138 068484477X 0385720106 038079487X 0060934417 0452282829 0684872153 0385482388
179135,0345413350 0345348036 0553375407 002542730X 0345413369 0028604199 0446310786 0515119784 0156528207 0425169693
179147,0786868716 0679781587 0316777730 0525947647 0316776963 006101351X 0312291639 034536676X 0679731148 0060977493
179216,8408043641 8445071416 8433969978 0312924585 8420616893 8478884955 8477204055 0684859335 0316666343 0452282152
179256,0060936231 0380977788 044023722X 0553213148 0345417623 043935806X 0345380371 059035342X 0140620338 0380718332
179288,0385492081 0671021001 0440223202 0316569321 0345370775 0385420161 0066214122 0449907481 0590353403 0684872153
179321,0316666343 0060928336 0312278586 0140293248 0385335881 0385336179 0446670251 0375706771 0743418174 0060976845
179327,0316769487 0345342968 0316666343 0385504209 0671021001 0446532231 0060392452 0399501487 0451526341 0316776963
179383,0515135062 0515131229 0515130389 051513287X 0515128546 0515132020 0373218397 0515126772 0440241537 0515128554
179414,0316777730 0385504209 0553272535 0553572997 0316776963 0140298479 0385722192 0375725784 0451524934 0060987561
179423,0671727796 0345370775 0671004107 0804106304 0375727345 0446605239 0553279912 0028604202 002542730X 0061097853
179433,0312983867 0312265867 0312265859 0312990456 0385504209 0446675059 0446604666 0345413903 0060930535 0425192725
179444,0441172717 0553580272 0451524934 0316776963 0441102670 0812550706 0380789019 0451160525 0553580337 0451169530
179501,0439139597 059035342X 0439064864 0439136350 0439064872 0439136369 0439139600 0590353403 0345370775 0440206154
179532,0312305060 0142001740 0452282152 039592720X 0156007754 0312195516 0385504209 014029628X 0446532231 0156027321
179534,0440241073 0060976845 0671510053 068484477X 0446672211 044021145X 0380789035 0440211727 0440224764 0452282152
179553,0446601241 044021145X 0425158616 0440224764 0380718340 0440211727 0446610038 0440214041 0440221471 0440234743
179571,0060928336 0316284955 0671021001 0679746048 0425167313 0060976845 0385498802 0679781587 0060977493 006101351X
179576,0380750872 0380753006 0380899825 0380756293 0553292722 0380897393 0380762587 0380725703 0553574108 0515107662
179591,0316601950 0060928336 0452282152 0312195516 0385720106 0375727345 0679781587 0375703055 067976402X 0060959037
179624,0452282152 059035342X 0345439104 0440211263 0140298479 0380789019 0060930535 0671021001 0439136369 8445071416
179641,2253063339 2253150711 2253044903 2266023039 2290311782 2070360024 2253057843 2205054252 2070408507 2253005274
179648,0345337662 044651652X 0345351525 034538475X 0345313860 0312966970 0446531332 0312971346 0312976275 0385493800
179688,0446611212 044023722X 0440236673 0446607657 0440225701 0446364193 0446610038 0440234743 0446609323 0451166892
179718,0345337662 0671004530 0446601241 0671758896 044651652X 0446609404 055357258X 0671004573 0446607657 0671741195
179730,0060928336 0440212561 0439064872 0441008534 0061009059 0060930535 0140298479 0345423402 0441003745 0441002935
179733,0446608955 0385335482 0385335881 0440226430 044651652X 0446605239 0671021001 0312278586 0385335830 0440211727
179734,0446608955 0312278586 0439139597 0440414806 0385729332 0446363251 044651652X 0440226430 0446310786 0345339703
179739,0345370775 0064409422 0440221471 059035342X 0590353403 0439139600 0440222656 0439136350 0312291639 0440212561
179741,0671027360 0385510438 0312976275 0312966091 0312980140 0312971346 0316693006 0316666343 0385511612 0399150897
179744,0070212570 0060392452 0451526341 014023313X 006016848X 0140067477 0312195516 0316569321 0345368754 0312966970
179772,0385484518 0671003755 0060502258 0786868716 0312195516 0786881852 0345361792 0142001740 0385505833 0070212570
179791,0552137030 0552131075 0552131059 0446310786 0552145424 0451526341 0552134651 0345370775 0552134627 0060392452
179793,0312983824 0385492081 0440220602 0515131229 051513287X 0440221471 038542471X 0312974256 0312983271 0373218400
179799,0316666343 0747551006 043935806X 0099771519 0747546290 0330367358 0312278586 0747538484 0552124753 0552131067
179812,0330332775 000649840X 0552998486 0156027321 0099771519 0330367358 0385335482 0552996181 0062502182 0552996009
179826,0440241073 0552131067 0552124753 0446672211 0552137030 0552131059 0552128481 0060938455 0060392452 0552131075
179831,0449223612 0553271636 0553284789 0449221512 0553280341 0449221504 0440217520 0449221482 0553280368 0451526341
179843,0312995423 0380789019 0515135062 044023722X 0671027360 0066214122 0553582755 0061015725 0316769487 0440241073
179853,0380789019 0345350499 0060987103 0553579908 0380789035 0553562738 0440217563 0440215625 0440212561 0553560735
179857,0060976845 067976402X 0836221192 0836220889 0446519138 0446672211 0743412028 0836218221 0316601950 0553582755
179859,0385512104 0385492081 0316666343 002542730X 0441304834 0380789019 0671510053 006101351X 0142002267 006109868X
179885,0060928336 0316666343 0385504209 0060976845 0446532231 0385335482 0446672211 0060392452 0316284955 0452282152
179904,0425169863 0425180638 0425163407 0380718332 0425175405 0380718340 0425158616 0425147622 0440226430 0440224764
179906,0345361792 014028009X 0060987529 0385484518 0440226430 0786881852 0446672211 0316666343 0316284955 044651652X
179939,8408043641 0312924585 8478884955 8477204055 8478884459 0684859335 8425337690 0156013924 8401328942 8466307125
179978,0440940001 0064407667 0399145672 0553274295 0440226430 0345438329 0385493800 0375726403 0156027321 0316096199
180032,0345413350 0316776963 0743418174 0440221471 0553562738 0316666343 0393317552 0345446860 0345413369 0553573403
180042,0446672211 044021145X 044651652X 067976402X 0316601950 0316284955 0452282152 0440214041 0375707972 0679781587
180146,0060938455 0552137030 0684872153 0385722206 0552124753 0671023616 0440206154 0060392452 0375700757 0552131067
180164,0156027321 0140067477 0446611867 0062502182 0786868716 0553296981 0380807343 0385484518 0440204887 0679745203
180169,0449212602 0380789035 0060928336 0553572997 0061009059 0425192725 0142002267 0385484518 0380789019 0345413350
180280,3442541751 3150000017 3423202327 3492045170 3423201509 325722575X 3426029553 3423202947 3257229534 3442092981
180284,0671042858 0140244824 0316666343 0385265700 0142000205 0316899984 0316284955 0451149513 0440224675 0425144429
180295,0552137030 0446532231 0099771519 0440236673 0330332775 0440206154 0349101779 0060392452 0060938455 0552124753
180333,8408043641 8445071416 8432206407 8433969978 8433925180 8420616893 8478884955 8477204055 0552124753 8420441708
180348,0671027360 0060392452 067976402X 0425152251 0142001740 0380814803 0312195516 0515124206 0316601950 0375700757
180378,0316666343 0446672211 0446606812 0553560735 0375706771 0345368932 0684848783 0440224764 0804106304 067976402X
180383,0446612790 0446605484 0446610038 0446607657 034541389X 0345413903 0671027360 0446612545 0446609323 0446364193
180406,0156027321 0316776963 0375725784 0385486804 0312195516 0142004235 0385722206 0312305060 0375726403 0312291639
180407,0345417623 0385504209 0312995423 0425143325 0425122123 0425116840 042510107X 0440234743 0425170349 0425147584
180436,8433969978 8445071416 8432206407 8478884955 8477204055 8420616893 0156013924 0312924585 8478886451 8401328942
180495,0515131229 0515130389 0515135062 0446610038 051513287X 0446605239 0515132020 0446611867 044023722X 0446610399
180509,8433969978 8445071416 8432206407 8478884955 8477204055 8420616893 0312924585 8478886451 0156013924 8420441708
180522,055321313X 0312195516 0553213148 0446605239 0345370775 0440220653 0440414806 059035342X 0380814021 0553213172
180548,3442541751 3150000017 3492045170 3423202327 3423201509 3257227809 325722575X 3257229534 3423202947 3426029553
180549,0061009059 0312966091 0312983867 0312966970 0312980140 0312976275 0671001795 0312265867 0312971346 0449223604
180558,0140293248 0060915544 0385335482 0060502258 0060987103 0312278586 0451203771 0671510053 034540288X 0446672211
180569,0441172717 0441102670 0441172695 0312282990 0553580302 0345342968 0316769487 0553560735 0441104029 0380789019
180571,3442541751 3150000017 3492045170 3423202327 3423201509 3426029553 325722575X 3423202947 3257229534 3257227809
180580,0380789035 0446604666 0345339681 044661193X 0345361792 0061020702 0061020710 0441790348 0385492081 0441003257
180586,0440211727 0440226430 0440224675 0440214041 0316776963 0316666343 044021145X 0440206154 014028009X 0316284955
180591,0439064872 0439136350 0439139597 0590353403 0786881852 0375700757 0679781587 0345339681 0151008116 0060977493
180651,0330332775 0091867770 0552996009 0140265988 0385605145 0099747200 0451166892 0399149325 0552124753 0684848783
180754,0439136369 059035342X 0439064872 0440219078 0064407667 0439139597 0439404371 0064407675 0446608955 0439139600
180779,0385492081 067976402X 0345353145 0385486804 0345342968 0380789035 0345378482 0399501487 0140042598 0671027387
180801,0312983271 0312980140 0312966970 0061009059 0312966091 0312983867 0312976275 031298328X 0671001795 0385335482
180840,0449212602 0312305060 0380002930 0156027321 0312195516 0385722206 0345342968 0684801523 0345417623 0380778556
180860,0380018179 0345387651 0345370775 0375727345 0671041789 0440222656 0060502258 0440234743 0451177096 002542730X
180865,0385484518 0345361792 0451142934 0671024248 0671042858 0452264464 0439139597 0380002930 0590353403 0451160525
180898,067976402X 0671617028 0446310786 014028009X 0440498058 0440241073 0553572997 0380005239 044021145X 0375703055
180909,0140293248 006101351X 014028009X 0060502258 880781210X 8845215989 0385335482 8806143042 8806166484 8845237303
180913,0385512104 0375756981 0345361792 0062502182 0679310711 0385335482 0380012863 0060915544 0061097314 0786881852
180919,0385720920 0385498721 0385199570 0441790348 0385508042 0399139540 0452279178 0312282990 0679446486 0670844527
180925,0060392452 0060502258 0440206154 0375707972 0345370775 0151008116 0446605239 0385730586 0060987103 0440224675
180942,0385497466 0345339681 0425147622 0316693294 0316969680 0425121259 0385508042 0374281602 0425128164 0399145087
180957,0385504209 044022165X 0446605239 0151008116 0671027360 0446532231 0385510438 0060392452 0671004107 0312282990
180958,0446310786 0451526341 0440224675 043935806X 0140620184 0345342968 0140620222 0440211727 0099771519 0345348036
180975,0440234743 0425185710 0425180964 0312995423 0671027360 0440225701 0451166892 042510107X 0449219364 0440241073
180981,0679781587 0385504209 0446610038 0316666343 059035342X 0684874350 0385484518 006016848X 0439064872 0451524934
181011,0440414806 0345370775 0440220653 055321313X 0440407524 0380702843 044048474X 0590634275 0380709562 0380600129
181076,0140293248 0446605239 0345438329 0446606812 0385335881 0375703063 0440204887 0345313860 0345391055 0553578359
181077,0440225701 0345417623 0440234743 0345380371 044022165X 0345370775 0440236673 0345339703 0345391055 044023722X
181103,0440998050 0064472272 0345339681 0440498058 0345348036 014131088X 0440220653 0440487617 0380714752 0064471047
181120,0385492081 0060977493 0060934417 044023722X 0345424719 0345361792 0451166892 0671041789 0439136369 0345402871
181165,0375707972 0142000205 0375727345 0452282152 067976402X 0345443284 0316782505 0345413369 0345348036 0060930535
181176,0439136369 0312278586 0060977493 0316769487 0060934417 0312966970 0312983867 0312966091 0385510438 0060987103
181212,0449003787 0449003795 0553574671 0515134384 0345313860 0446670251 0804106304 055357258X 0515131083 014025448X
181223,0060959037 0671021001 0142000205 0375727345 0446672211 0316601950 0375707972 044023722X 0312195516 0671003755
181233,0061015725 0440498058 0446604666 014131088X 0446608955 0440945151 044100315X 0439064864 0446310786 0345452569
181254,0375502238 0842329218 0140257934 0446605239 0345438329 0786868716 0842329242 0316666343 0842329129 0842329250
181316,0385504209 0440221471 0156027321 0440241073 0671027360 0385492081 0385498802 0142001740 044023722X 0440220602
181411,0064407667 0312291639 0142001740 0345370775 0064407675 0064471063 0786868716 0064471047 0064471055 0061009059
181436,0375504397 0670868361 0670858692 0451156609 0670855030 0525941908 0452279178 0670835382 0385199570 0345444884
181443,0446604666 0385486804 0553279378 0449005615 0385512104 0375705856 0385492081 006099486X 067976402X 0345337662
181452,0345339738 0345339711 034540288X 0345417623 0345380371 0440206154 0312924585 0345391055 044023722X 0345354621
181473,059035342X 0312278586 0440498058 0446672211 0446605239 0316666343 0385335482 0380814021 0671021001 0064407667
181476,0446612790 0446607657 0440241073 0446612545 0425180638 0446610038 0451208765 0553582526 0061015725 0425189864
181496,0345391055 043935806X 0345370775 0671025341 0312924585 0439136369 0440224675 0345342968 0380731851 034540288X
181532,0553289411 0553250531 0618129022 0452282152 0061015725 0345441036 0066214122 0553280945 044023722X 0345417623
181598,0679457526 0385486804 0385484518 0767902521 0671776975 0385479565 0452283442 0425152251 0684874350 0380789035
181666,067976402X 0671510053 0385418493 0451166892 0385479565 0679745203 0312952716 031242227X 0060977493 0060175966
181687,0060976845 0316601950 0060928336 0446672211 0316666343 014028009X 0142001740 0140298479 0743418174 0140293248
181691,0316096199 0446605239 0316666343 0385504209 0060928336 0786868716 0066214122 0385484518 0345417623 0399150897
181714,0440498058 0440401585 0553211404 0345413350 0345413369 0064407055 0385504209 067102423X 0679879269 0671003755
181736,0312291639 0312195516 044023722X 0060930535 0060987103 0679781587 0142001740 0375726403 0385504209 0452282152
181793,0316769487 0446532231 0060977493 0451524934 0440414806 0679429220 0375700757 044022165X 0553296981 0151008116
181796,0515131229 051513287X 0515126772 0515128554 0515133973 0515135062 0515136530 0515130389 0373244487 0373218192
181833,0316601950 0062502182 038533334X 0375706771 0446672211 006099486X 0679441018 0312980159 0553578308 0609804138
181856,0440211727 0060915544 0553572997 0440998050 0452264464 0553380095 0064400557 0440498058 0345378490 0380002930
181870,0345370775 0345353145 0345380371 0345378490 0345391055 0440222656 0345417623 0440221471 0345378482 0440206154
181877,0446364193 0380002930 0345391802 0446610038 0446607657 0345342968 0441569595 0345427637 0385720106 0156027321
181879,0156027321 0552137030 0552124753 0552996009 0552131067 0330332775 0552131059 000649840X 0552998001 0552134627
181896,0312966970 0312976275 0312966091 0312971346 0312983867 0553578022 0061009059 0671001795 0312990456 0446610038
181909,0440226430 0446672211 0385504209 0060928336 0375706771 0425167313 0671003755 042516098X 0385335881 0679746048
181944,0440206154 0345387651 0312924585 0425116840 0060928336 0385335482 0440224675 0425180964 0345380371 0684872153
181948,0385424728 0385424736 044021145X 0440221471 0385511612 0440212561 0385490992 0385472943 0440236673 0385472951
181956,0345342968 0156027321 0399501487 0441172717 0316769487 0140042598 0060929871 0451524934 0345337662 0553572997
181995,0380789019 0380789035 0446605239 0060930535 0140067477 0441005489 0345313860 0671021001 0671041789 0061092177
181997,044651652X 051513287X 0515132020 0515128554 0515131229 0446672211 0440226430 0515128546 0452282829 0316601950
182025,0449212602 043935806X 0439136369 0553250426 0553271636 0553375407 0451524934 0375504397 0451191145 0142001805
182053,0345351525 0312195516 0060928336 0140067477 014028009X 059035342X 0671617028 0590353403 044651652X 0060392452
182085,0316601950 0671003593 0385504209 051513225X 0312983824 0345413903 0440226430 0312195516 0385492081 0373835396
182086,0062502182 0440226430 0553561618 067976402X 0671003593 0345443284 0399146431 0380814803 0345378490 0345380371
182088,0345337662 0345335465 0345384466 0345413350 0345350499 0441005241 0441002935 0441304834 0441005748 0345351525
182101,034540288X 0345353145 0345378490 043935806X 0345391055 0441005489 0345378482 0451183665 0064400034 0312924585
182117,0441304834 0441005748 0345423402 0441008534 0425181685 0441007813 0441009239 0515133876 0345435273 0441010512
182157,0446672211 0375727345 0671021001 0316666343 0345370775 0440226430 0446605239 0385505833 044022165X 0385324057
182164,059035342X 0440414806 0064407667 039480001X 0440998050 0786881852 0156027321 0064472272 0439425220 0064407675
182180,0446605239 0316666343 0385484518 0440226430 0312278586 0060928336 0316969680 0375706771 0345443284 0061097101
182183,0385504209 0156027321 0671027360 0060987529 0345342968 0671003755 043935806X 0684801523 0345313860 0439136369
182202,059035342X 043935806X 0439139600 0439139597 0385335482 0385730586 0446608955 0440414806 0590353403 0380814021
182212,0345368932 034529873X 0345253736 0345362861 044166251X 0345335465 0345368991 0345339495 0345333926 0380752891
182229,038550120X 0385503822 0375727345 0446605239 0446672211 0375700757 0446610399 0385490992 0452282829 0671003755
182275,0451167317 0451172817 0451176464 0451156609 0451180232 0451177096 0451184963 0451173317 0451188462 0451169522
182306,0060392452 0440226430 014028009X 0451184963 0060391626 0446532231 0385504209 0440221471 0440214041 0345439104
182334,067976402X 0345438329 0380789035 0671510053 0671027360 0316284955 0440226430 0060938455 0345424719 0156027321
182345,3150000017 3442541751 0140620109 3423202327 325722575X 3257229534 3423201509 3492045170 3423202947 3442092981
182367,8408043641 8432206407 0312924585 8433969978 8478884955 8477204055 8420616893 0140298479 8478886451 8401328942
182393,0316666343 0345333926 0449208133 0345350499 0345368932 034529873X 0553573403 0345323440 0345362861 0804106304
182403,0425154092 0425147622 0380718340 0425175405 0425163407 0385497466 0425169863 0380718332 0399142282 0425158616
182414,034540288X 0345370775 0345417623 0345380371 0345378490 0345378482 0451151259 0345391055 0316096199 0440224675
182425,002542730X 0385474016 0060928336 0375727345 0446310786 0385486804 0064407667 0345348036 0440414806 0446605239
182429,8408043641 8445071416 8432206407 8433969978 8478884955 0312924585 0140298479 8420616893 0441172717 8478886451
182442,0671003755 0060987561 0385265700 0375707972 014023313X 0316601950 0375706771 0375725784 0060930535 0679429220
182459,0671021001 0316666343 0345337662 0060976845 044023722X 0446310786 0345339703 0446672211 044021145X 0440214041
182506,0060987103 0671003755 0312291639 0060502258 0786868716 0679781587 0385505833 0345361792 0375700757 0060959037
182527,0425147622 0399149155 0446609404 0425163407 0425154092 0446606324 0316284955 0440226430 0316781266 0345443284
182551,0452282152 0140298479 0446672211 0684848783 0440235596 0385265700 0679781587 0312195516 0140244824 0060959037
182577,2253063339 2253150711 2253044903 2070360024 2266023039 2290311782 2253057843 2205054252 2070408507 2253005274
182599,0440234743 0440220602 044022165X 0440211727 044023722X 0440214041 0440225701 044021145X 0440213525 0446672211
182642,2253063339 2253150711 2253044903 2070360024 2266023039 2290311782 2253057843 2205054252 2253005274 2070408507
182727,0375727345 0345342968 0345339681 0553560719 0345353145 0553562614 0451191145 0553568027 0345339738 0553296124
182746,0446364193 0440241073 0440224764 0440225701 0440236673 0440226430 038550120X 0515130389 0385503822 0440221471
182775,0060928336 0425167313 0671021001 0316284955 0679746048 042516098X 0385335881 0375706771 0060976845 0446672211
182781,0440220602 0440214041 044021145X 0440211727 044022165X 0440224764 0316666343 0440234743 0440221471 0440225701
182819,0316666343 0842329129 0446610399 0971880107 0553277472 0440214041 0142000205 0380018179 0380731851 0385490992
182829,0553569910 0312291639 042516098X 0446611808 0385486804 0553571885 0553375407 0671004530 0375703861 0316693235
182838,059035342X 0345339681 0440234743 0439136369 0345339703 043935806X 0439064872 0385504209 0439139600 0440225701
182847,059035342X 0439139600 0439136369 0439064872 0446310786 0451526341 0345353145 0440206154 0345380371 0316769487
182881,0099771519 0671021001 0440211727 0446310786 0156027321 0399501487 0140620222 0553572997 002542730X 0140276904
182931,044021145X 0345391055 0440213525 0316284955 0446672211 0440222656 0060392452 002542730X 0060502258 0671021001
182969,0446672211 0452282152 0312195516 0671021001 0060928336 0060915544 0060959037 0385720106 0679429220 0679781587
182987,0451166892 0452282152 0446610038 0425177173 0446672211 0316601950 0425151875 0553580191 0140298479 042510107X
182993,0743418174 0316666343 0316096199 043935806X 0399150439 0385503954 0671027360 0553802496 0060392452 0590353403
183015,059035342X 0385335482 0064407667 0380814021 0060928336 0060987529 0440998050 0385730586 0060096195 0060987103
183046,0446672211 0061009059 0446675059 055357258X 0312966091 0553572040 0380789035 0446670251 0440211727 0312983867
183061,059035342X 0385504209 0439139597 0439136350 0316666343 0439064864 0786881852 0446608955 0679745203 0446610399
183084,0060928336 0316284955 0060976845 0679781587 0375725784 0679746048 044023722X 014028009X 0385504209 0452269571
183088,043935806X 0439136369 0439064872 0439139600 0385504209 0312282990 0671027360 0441102670 0393319296 0553580272
183101,0446610038 0060987103 0345342968 044023722X 042518286X 006016848X 0440414806 0380718332 0446611867 0451208765
183103,0446610038 0440241073 0446612790 0446364193 0425180638 044023722X 0446605484 0440234743 0446606189 0425175405
183132,0316666343 0446672211 0142000205 067976402X 0385504209 0345443284 0375726403 0316569321 0452282152 0425167313
183134,0312983271 0373218397 0440241537 0312306326 0312971346 0312966970 0312983301 0312983867 0515136530 0312966091
183141,0385484518 0684848783 0446605239 051511992X 0375760911 0446610399 068484267X 0671250671 0684874350 0671021001
183142,0345384466 0345404319 0345409671 034540288X 0345422384 0060930535 0345334531 0345434803 0345369947 0345396936
183146,0452282152 0060938455 0142001740 0345337662 0385420161 0385722206 038542017X 0345439104 0060929871 0440221471
183171,031298328X 0373710615 0373710984 0671042858 0345361792 0373711034 0452282152 0316666343 0316769487 0373711735
183178,0060928336 0316666343 0060930535 0375706771 0142001740 0316569321 067088300X 0671003755 0375726403 0385505833
183187,044021145X 0440211727 0425143325 0312924585 0425122123 0345378490 0440206154 0345380371 0440213525 0345339703
183196,059035342X 0446610038 0375700757 0553560735 0553258524 0609610597 0441001416 0679781587 0345369335 0671733893
183213,3442541751 3150000017 3492045170 3423202327 3426029553 3423201509 3423202947 3257229534 059035342X 3442092981
183257,0060916508 0316776963 0451191145 0375703764 0441569595 0451524934 0380789019 0380789035 0425152251 0060392452
183277,0156027321 0142001740 0385504209 0671510053 067976402X 0060930535 0449005615 0452282152 0451166892 006101351X
183284,043935806X 0439139600 0439136350 0439064864 0590353403 0446672211 0440498058 0385504209 0312195516 0345339703
183287,2253063339 2253150711 2253044903 2070360024 2266023039 2290311782 2253057843 2253005274 2277260029 2253152846
183347,0385504209 0440234743 0440225701 0440221471 0446610399 044022165X 0671027360 0440241537 044023722X 0515130389
183436,0375725784 0679429220 0060502258 0440211727 0440236673 0380789019 0151008116 0684872153 0671041789 0446532231
183446,0316776963 0345337662 0375703764 0345339703 0345313860 034538475X 0345339711 0375726403 0441569595 0375725784
183460,8408043641 8445071416 8432206407 8433969978 0312924585 8477204055 8420616893 0440206154 8478886451 8425337690
183476,0345378490 0684872153 0060392452 0380012863 0345370775 0385504209 080410526X 0446532231 0441172717 002542730X
183524,0385504209 0380977788 002542730X 0316776963 0385722206 0142001740 0446310786 0062502182 0345348036 0670030643
183532,0553279378 0671003755 0385505833 0312291639 0618129022 038542017X 0553380095 0385484518 0446519138 067169507X
183537,044023722X 0440241073 0440236673 0440234743 0440213525 0440221471 0440211727 0425180638 0446610038 0345353145
183540,0440236673 044023722X 0440241537 0440234743 0345417623 0061015725 0373218397 0515130389 0515135062 0373218192
183541,0440213525 0345339681 0440220602 0345378490 0345380371 0345391055 0440214041 0439064872 0070212570 0440236673
183566,059035342X 0375700757 0440219078 0345370775 0060502258 0439136350 0439139597 0439139600 0553375407 0064400557
183572,0671021001 0312195516 0316769487 0446672211 0385335482 0446608955 0679746048 0345313860 0316781266 0156027321
183597,0786868716 0385504209 0140067477 0345361792 0156027321 0452264464 0142001740 0671027360 0684874350 0375727345
183665,0142001740 0060930535 0452282152 0060959037 0316601950 0452283205 0060976845 0345436911 0385486804 0345337662
183722,0553213148 0399144463 006016848X 0345384911 0345339681 0345417623 0345339495 0345253736 0345335082 0345335465
183725,0345339681 0316666343 0060928336 0671021001 0316284955 0345339711 0142001740 0345339738 0446310786 0142000205
183730,0671003755 0156027321 0452264464 0375725784 0316776963 0385504209 0140067477 0375726403 0316666343 0385505833
183739,059035342X 067976402X 0440220653 0439139597 038089968X 0590997289 0671741195 0590629794 0590494465 059048351X
183740,0345353145 0345380371 034540288X 0440206154 0345378482 0312924585 0345417623 0345391055 044022165X 0345339681
183753,0316666343 0156027321 0743418174 0671027360 0385336179 0385335881 0060938455 0316096199 0385730586 0060392452
183758,0451172817 0451160525 0451156609 0451167317 0451176464 0451137965 0451163524 0451184963 0451151259 0451142934
183766,0062502182 0446672211 0312278586 0375706771 0451524934 0380977788 044651652X 002542730X 0553272535 0316601950
183776,0452264464 0385492081 0671510053 006101351X 042510107X 0345427637 0440178002 0060175400 0425147584 0425122123
183800,0345370775 0064471063 0394820371 0439139600 0064471101 0064471047 0439136369 0064407667 0064404994 0440222656
183823,0099771519 0140620109 0552137030 0140620427 0140620184 0316096199 000649840X 0140620664 0552998001 0552131067
183832,0439064872 0439136369 0439139600 0312195516 0316666343 0679781587 0151008116 0446608955 043935806X 0060928336
183883,0385504209 0446310786 0671727796 0061015725 0399501487 0684801523 0553208845 0385492081 0316769487 0060929871
183923,0446605239 0316096199 0316769487 031205436X 0786868716 0446394521 0399501487 0140042598 0440226430 0671755064
183931,0156027321 0452282152 0316666343 0312195516 0312305060 0060934417 0449005615 0385722206 0060958022 0375726403
183952,0312195516 0060934417 0316601950 0316666343 0345443284 0375703055 0385265700 067976402X 0142000205 0060976845
183958,0060987103 0446610038 0060938455 0679781587 043936213X 067088300X 0684872153 0312924585 006016848X 0374199698
183963,0671027360 0385504209 0440241537 0446612545 0399150897 0446611867 0446612790 0345413903 0385510438 0312995423
183985,0375725784 0385504209 0375726403 0679781587 0060934417 0312195516 0060977493 0151008116 0375703861 0316776963
183995,006016848X 0385335482 0451526341 0449219364 0312278586 0449223612 0609804138 0316096199 0399144463 0380012863
183999,0552124753 0552137030 0552131075 0552525952 0552131067 0552128481 0552145424 0552134619 0552131059 0440219078
184011,0451524934 0060929871 0451163966 0316769487 0684801523 0671027344 0393319296 0451526341 0393312836 0316777730
184030,067976402X 0375727345 0316569321 031242227X 0316601950 068487217X 0679745203 0060964049 0553272535 0380730138
184103,0425163407 0425154092 0425147622 0440224764 0425175405 0425158616 0425169863 0446612790 0446601241 0553582526
184121,0684867621 0385504209 0375727345 0375504397 0312195516 067102423X 0743418174 0060502258 0670813648 0670839531
184148,0446608955 0345439104 0316666343 0316168688 0375702709 0316899984 0345435168 0440223202 0312195516 0375727345
184190,044651652X 0142001430 0446667900 0553572997 0385265700 0440221595 0743225082 0786881852 0156027321 0743418174
184196,0312971346 0312976275 0312980140 0446610038 0446612790 0345417623 0312990456 0312983271 0312983867 0440241073
184202,044651652X 0316601950 0515095826 0515090506 0515087122 0515093203 0515129941 0441172717 0060976845 0312306326
184223,0316284955 0446611867 0440235596 0142000205 0440221471 0440224764 0440213525 044022165X 0446609404 0316899984
184266,0316769487 0679781587 0345342968 0446608955 0060502258 0312966970 0684801523 0671617028 0446672211 059035342X
184270,0679781587 0312195516 0446672211 0345361792 044651652X 0671510053 068484267X 006101351X 067976402X 0684874350
184272,0553250426 0609610597 0553250531 0316666343 0553582747 0375705856 0679781587 0440223202 0679444815 0452284449
184279,0345417623 0312971346 0345339738 0671001795 044023722X 0312966091 0345339703 0064471047 0312265859 0316769487
184292,0440235596 0671021001 0440222656 0451203771 0446608955 0446605239 0345370775 0446672211 0451209907 0452282152
184299,0345342968 0451160525 0451169530 0345338588 0451167317 0399501487 0452279178 0451155750 0345444884 0316769487
184305,044023722X 0452282829 0440241073 0440225701 0060959037 0452282152 080410753X 0679745203 0380731851 0684872153
184310,0385508042 0385504209 0385503822 0316969680 0316789089 0385510438 0385497466 0142001740 0316666009 0316693006
184319,0345370775 0064407667 0440414806 014038572X 0553296981 0440220653 014131088X 0316769487 0394820371 0440219078
184348,067976402X 0142001740 0316284955 0385508042 0451524934 002542730X 0671867091 0316666343 0060915544 0316969443
184354,043935806X 0439064864 059035342X 0439064872 0439139597 0590353403 0446310786 0439136369 0439139600 0345413369
184365,0440498058 0446672211 067976402X 0142000205 0316899984 0451202341 0385505833 0446310786 0452264464 0060959037
184386,0671003755 8408043641 8432206407 8445071416 0452282152 8433969978 8478884955 0440211263 8477204055 8420616893
184398,044023722X 0452282152 0060928336 0060959037 0679781587 0060930535 0446605239 0440211727 0375700757 0316284955
184401,0449005615 0060934417 0385498802 0385492081 0446611212 0446612790 0380731851 0060921145 0446610038 0767900383
184424,0316601950 0375707972 0375727345 0060976845 0140293248 0316569321 0312291639 0060987561 0375706771 0060928336
184428,0671510053 0345348036 0312976275 0375700757 0446606189 0449005615 0156528207 0312980140 0312995423 0441790348
184465,0380789035 0380789019 0316666343 0441569595 0449212602 0451524934 0385418493 0060392452 0062502182 0385498721
184479,0156027321 0316776963 0316666343 0375726403 0316096199 0142001740 0786868716 0060934417 0452282152 0385722206
184513,0385505833 0060502258 0440234743 0385424736 0440214041 0440241162 0385511612 0070212570 0312980159 0446606189
184532,0451172817 0590353403 006101351X 0451163524 0439064864 0451526341 0439136350 0451156609 051513287X 0679781587
184547,0380718340 0425121631 0425182878 0425132048 0425147622 0449003787 0446607657 0440224675 0425163407 0425175405
184562,0446612790 0446610038 0446605484 0553578022 0446607657 0553582135 0553578693 0446608815 0553582127 0380731851
184608,0679781587 0375700757 059035342X 0380814803 0380899825 0440222656 0553285947 0380756234 0380752948 067173783X
184629,0440241073 0316601950 067976402X 0060928336 0446608955 0060930535 0440236673 0316284955 0060976845 0440241537
184632,0345337662 0345351525 034538475X 0345384466 044021145X 0312924585 0345397819 0425147622 0446601241 0345409671
184639,0345361792 0452282152 0060959037 0142001740 0385265700 0446672211 0671510053 0375707972 0375727345 0671038184
184661,0330332775 044651652X 0553280341 0312282990 0330367358 0099771519 051511992X 0971880107 0312274920 0452283205
184684,0345339738 0385504209 0671027360 043935806X 0439064872 0385484518 0446532231 0345370775 0451524934 0439136369
184789,0312195516 0140293248 0070212570 0316284955 0060976845 0316601950 044021145X 0375706771 0440212561 0446672211
184845,0380789035 0062502182 0380977788 0345313860 0060934719 0060930535 006099486X 0679429220 0552124753 0345370775
184853,0312976275 0312966970 0312966091 0312980140 0312971346 0671510053 0345348036 0446606189 0380816547 0671001795
184855,8408043641 8433969978 8432206407 8445071416 0312924585 0679429220 8420441708 8478884955 8477204055 0156013924
184871,3442541751 3150000017 3492045170 3423202327 3423201509 3257229534 3423202947 325722575X 3426029553 3442092981
184885,0452282152 0060930535 0345350499 0345335465 0375700757 0451456718 0345337662 0452283205 0064471837 0330332775
184890,0449221490 0425158616 0312983271 0449219461 0425154092 0449219364 0449221482 0449221512 0449003787 0449221504
184904,034538475X 0399501487 0345409671 0345384466 0345370775 0312924585 0345342968 0345369947 0345397819 0679735771
184985,0312305060 0385722206 0679723161 0425152251 0156628708 0060929790 0060977493 0553208845 0156007754 0684801523
184990,0552137030 0552131067 0552131059 0552131075 0552134627 0552145424 0552140295 0552134635 0552134643 0380789035
185011,0452279178 0670839531 0375504397 0670858692 0525941908 0670868361 0670813028 0670855030 0684853515 0670844527
185071,0316693006 0385503822 0385508042 0316666009 0316693235 0385510438 0385511612 0316602906 0316603570 0399150897
185087,0446672211 0142000205 0679781587 0671003755 0345439104 0316789089 0385484518 0671021001 0345443284 0316666343
185119,8433969978 8445071416 8432206407 8478884955 8477204055 8420616893 0156013924 8401328942 8478886451 0684859335
185123,0099771519 0552137030 0590660543 000649840X 0552996009 0330332775 0552998486 0140620222 0590112899 0552998001
185140,0345313860 0440224675 0060987103 0312924585 0380789035 0553582747 0345351525 0345337662 0671041789 0345378490
185147,0060915544 0060976845 0452282152 0060928336 0446605239 0345361792 067976402X 0671510053 0142001740 0446310786
185154,0671027360 0061020702 0553260111 0380789035 0440241537 0345361792 0425143325 0061015725 0441003257 0441790348
185176,0380789035 0385424728 0439136369 0064407683 0064407691 0061015725 0345339738 0385484518 0345339711 0385490992
185233,0451172817 0671003755 0345342968 0380012863 0448095017 0385486804 0345380371 0345351525 0590414291 0451176464
185254,0515126772 0515128554 0515128546 0515121843 0515135062 0515130389 051512317X 051512608X 0373218192 0515136530
185258,0441003257 0330332775 0451166892 0060987103 0345361792 0060938455 0743225406 044900371X 0312278586 0099521016
185275,0345417623 0385504209 044023722X 0156027321 0385722206 0060938455 0679781587 0452282152 0679751521 0312305060
185288,0140293248 0446670251 0316601950 0060928336 0312291639 0446672211 0141000198 0385335482 0060976845 0385335881
185296,0671027360 0380731851 0446611611 0440241073 0385504209 0345413903 0061015725 0446667900 0425192725 0440241537
185308,0552996009 0671027360 0553280341 0091867770 0330332775 0552137030 000649840X 0553271636 0671011367 0140265988
185313,0385504209 0060987529 044023722X 0142001430 0156027321 0060502258 067088300X 0142001805 0375725784 0142001740
185358,0552131067 0552137030 0552128481 0552131059 0552131075 0552145424 0380789035 059035342X 0552134627 0552134651
185359,3442541751 3492045170 3150000017 3423201509 3423202327 3426029553 3257229534 325722575X 3423202947 3257227809
185377,0345370775 0345342968 0375706771 043935806X 0553572997 0440439884 0312195516 0345339681 0441172717 0385504209
185384,0061009059 0440234743 0451526341 0385474016 0385479565 0142000205 0679734775 0671003755 0312291639 0452283442
185390,0786868716 0060928336 0140067477 044651652X 0316666343 0316096199 0345339681 0345361792 0452264464 0446519138
185402,0312195516 0679781587 0671003755 0385486804 0316776963 0060928336 059035342X 0316284955 0142001740 0060977493
185408,0440234743 0441790348 0380752859 0446394521 0345318854 0345417623 0345313151 0452283442 055337933X 0446606812
185448,0451167317 0385511612 0385497466 0385503822 0385504209 0385508042 0451172817 0451156609 0451169530 044023722X
185450,0440211727 0440234743 044021145X 0446672211 0440213525 0440220602 0440225701 0440221471 0440224764 0385424728
185468,0060928336 0312195516 0446672211 0316601950 0452282152 0316284955 0375727345 0060930535 0385484518 0345443284
185473,0316666343 0440225701 042513525X 0425177173 0446611212 0446364193 0553582526 0425172546 042516098X 034541389X
185497,0385504209 0060392452 0671027387 0312995423 0156027321 043935806X 0061015725 0440241537 0060938455 0452283205
185514,0671021001 0440226430 0385336179 0385335881 0743418174 0312278586 0446310786 0446532231 0679746048 0671727796
185519,0515126772 0515130389 051513287X 0345380371 0515128546 0515132020 0449223612 0446610038 0449221482 0446603589
185521,0553582747 0140293248 0345386108 0553580221 042513525X 0425107469 0425121259 0425144429 0553580191 0425181103
185528,0345370775 0345350499 0345337662 0156027321 0679781587 0345417623 0452282152 0060977493 0440206154 0515118656
185537,0375700757 0452282152 0375705856 044023722X 0440211727 0449213943 0452282829 0060959037 0553273914 0312976275
185538,0552137030 0552124753 0380789019 0590660543 0552131067 0062502182 0099771519 0552996009 0552131059 0552996181
185580,0449219364 0449221490 0553271636 0449221512 0553280341 0449221504 0553279556 0449223612 0553284789 0449223604
185634,0446612545 0380718340 0440225701 0312990456 0316666343 0425180638 0446612790 0385505833 0671027360 0425169863
185652,0060928336 0316284955 0679746048 0060976845 0440226430 0671021001 0452269571 014028009X 0743418174 0385335482
185664,0345361792 0679781587 0446672211 0425154092 0671510053 0684874350 067976402X 006101351X 0679429220 0060987561
185671,0312195516 0345361792 0385722206 0060921145 0452282829 0060930535 0060928336 0316569321 038550120X 0446672211
185677,0345342968 0451524934 0440180295 0671041789 0441790348 0441003257 0671027360 0345339681 0380813815 0441172717
185683,0345350499 0804106304 0684872153 0671021001 0385720106 0451166892 0671003755 0375707972 067976402X 0385265700
185722,0312278586 0316666343 0425107469 0786868716 0425153975 0425124347 0553582747 0440211263 042513525X 0446613436
185731,0552137030 0552124753 0064407667 0552131067 0552145424 0552131075 0552131059 0552134627 0380789035 0552128481
185771,0440235596 0679781587 0440222656 0441172717 0553560247 0142001740 0440223202 0345342968 0345337662 0312195516
185795,0440234743 0446364193 0446611212 0446610038 0446605484 0446607657 0440220602 0440236673 0425154092 0446608815
185942,0440180295 0684801523 0552131075 0552128481 0552131067 0345339681 0552131059 0061057649 0552140295 0552137030
185990,0385335482 0312278586 0385729340 0064472272 0385335881 0380814021 0064472795 0440414806 0446605239 0440998050
186003,2253063339 2253150711 2253044903 2266023039 2070360024 2253057843 2205054252 2070408507 2253005274 2253152846
186032,0452282152 0060930535 0142001740 0316601950 0345439104 0140293248 0060976845 014028009X 0446672211 0060959037
186039,0140293248 0385335881 0385335482 0060502258 0312966806 0345438329 0385335830 0312983824 0451206673 0385336179
186041,0345370775 0316769487 0345337662 0151008116 0451524934 0345353145 0441569595 034540288X 0449212602 0671042858
186115,0842329218 0842329129 0842329242 0842329250 0842329269 0842332251 0842329277 0842329285 084233226X 044021145X
186238,0786881852 0061097101 0553582135 0440212561 0553586122 0553581554 0671708635 0553578022 0385484518 0312980140
186293,3150000017 3492045170 3423202327 3423201509 325722575X 3257229534 3426029553 3423202947 3257227809 3442092981
186312,044023722X 0312966091 0312971346 0671001795 0440234743 0345417623 0380718340 0312980140 0451183665 0312976275
186334,0316769487 0345370775 0440224675 0380018179 044021145X 0064471047 044022165X 0312924585 0440206154 0345387651
186362,0440241073 0425178765 0425182878 0312983271 0446607711 0312980140 0425179885 0440224675 0345447867 0425182908
186446,0385504209 0312305060 0452282152 0060938455 0449005615 0385722206 0679781587 0316776963 0671027360 031242227X
186457,0380012863 0330267388 0330262130 000649840X 044023722X 0091867770 0312274920 044651652X 0060392452 0440241073
186527,044021145X 0440214041 044022165X 0440211727 0451184963 0440234743 0671510053 0060928336 0671042858 067102423X
186533,0345337662 0345313860 0345351525 0345384466 0345397819 0399501487 0451160525 0345427637 0451169522 044651652X
186547,0345370775 0345378490 0345380371 034540288X 0345378482 0345391055 0345402871 0440211727 0345354621 044023722X
186564,8408043641 8433969978 8445071416 8432206407 0060392452 0156013924 8477204055 8478884955 0345370775 0312305060
186570,0345378490 0345417623 0345353145 0345337662 0345380371 0345370775 0449212602 0446364193 0553560735 034540288X
186593,2253063339 2253150711 2253044903 2070360024 2266023039 0349101779 2205054252 2253057843 2290311782 2253005274
186601,006099486X 0345382323 0446672211 038550120X 067976402X 0385505833 0345446860 044023722X 0451203771 014025448X
186623,0552124753 0140620222 0140620184 0140620109 0099771519 0552131067 0552137030 0316769487 0330375253 0446606812
186628,3442541751 3150000017 3492045170 3423202327 325722575X 3423201509 3257229534 3423202947 3257227809 3426029553
186678,0375727345 0060959037 0142000205 0060928336 0380730138 0452282152 0385720106 0375707972 0316899984 0316601950
186685,0316666343 0439064872 0345339681 002542730X 0441304834 0439136369 0345384466 0345337662 0842329129 0679781587
186736,0385492081 0679781587 0553274503 0399144463 0446610038 0385720106 068484477X 8472236552 0385420161 0440235596
186762,0142001740 0441569595 0385504209 0380789019 0451524934 0679735771 0345313860 0385722206 067976402X 0345361792
186768,0316776963 0679781587 0590353403 0345361792 0380977788 0060987529 0060938455 0446310786 0385503857 0439139597
186784,0316666343 0439139597 0446310786 0060928336 0385335482 0312278586 059035342X 0590353403 0439139600 0385504209
186807,0345313860 0345351525 034538475X 0060930535 0345404319 0345397819 0345369947 0345409671 0440222656 0345436911
186821,0316601950 0446672211 0060959037 0060930535 068484477X 0345439104 0375707972 0140293248 0375702709 038079487X
186831,067976402X 0446601241 0345313860 0553210092 0312995423 0345384210 0061015725 0345342968 0345391802 0060929871
186837,0425154092 0380718340 0425147622 0425169863 0446606189 0440213525 0446364193 0345370775 0446610038 0440211727
186848,0312278586 0375707972 0375706771 0316601950 0425162443 0440226430 0671021001 0446672211 0316666343 0446310786
186850,0345337662 0312924585 0345384466 0345313860 0345351525 034538475X 0440206154 0345334531 0345397819 0440222656
186899,0316601950 0446672211 0375706771 0060928336 0836204387 0060976845 0836217691 0836218620 0836218256 0836218221
186905,2253063339 2253150711 2253044903 2070360024 2266023039 2290311782 2205054252 2253057843 2070408507 2253005274
186969,0553561618 0671867113 0671004573 0671004549 0671004530 0671793489 0671568175 0440226430 0446604232 0671867172
187029,0440211727 044021145X 0440214041 0345370775 044022165X 044023722X 0553271636 0440213525 0553280341 0345353145
187063,0385722206 0609804138 0060934417 0385720955 0743227441 0553250531 0385498802 0385503954 0525947647 014029628X
187065,0312976275 038550120X 0553279912 0385484518 0451526341 0312265859 059035342X 0312990456 0316780375 0312265840
187103,0316666343 0099771519 0679781587 0552998486 0446310786 0156027321 0345387651 0330332775 0316284955 0060502258
187108,0345380371 0345402871 0385492081 0345378482 0440206154 0345417623 0345353145 044023722X 0312982518 0345391055
187145,0316601950 0449212602 0345361792 0345439104 0312195516 0312282990 0156006529 0060929871 0440180295 0743436210
187155,0385504209 0156027321 0316666343 0679781587 0316776963 0553375407 0452282152 0142001740 0449212602 0446672211
187163,0385424736 0385490992 0440211727 0385497466 0385493800 0385508042 0440214041 0385503822 0385424728 0446672211
187170,0439064872 0425109720 0425116840 0425180964 042510107X 0425133540 0425170349 0425147584 0425122123 059035342X
187172,0446610038 0316693006 0446605484 0446612790 0446607657 0446364193 0446611212 0446608815 0446604801 0440222656
187244,0452282152 0142001740 0312305060 0385504209 0060930535 0446672211 0679781587 0316284955 0060928336 0385722206
187245,0316601950 0671027360 0446611867 0316284955 0446611212 0399501487 0671510053 0312983271 0452282152 0345465083
187256,0671021001 0440235162 0375727345 0446608955 0316666009 044023722X 0385508042 0345378482 0385503822 0399149155
187260,0804106304 0385720106 068484477X 038079487X 037541309X 0385335482 0142001740 0151008116 0345387651 0060959037
187290,0385484518 0440226430 0140067477 0060928336 0380789035 0345361792 080410526X 006101351X 0786868716 0446606812
187333,8408043641 8433969978 8432206407 8445071416 8478884955 0439139600 038529929X 068484477X 8477204055 0156013924
187343,0385492081 0553274503 0440235596 8408043641 0375726403 8433969978 8432206407 0446610038 8445071416 8420441708
187378,0316776963 0156027321 0316666343 0452260116 0385484518 0385504209 0385486804 0553296981 0440414806 0553272535
187379,0060502258 0385505833 0312924585 0440224764 0671041789 0671003755 0679781587 0061009059 0553279378 0446606324
187397,0553250426 0553250531 0440215625 0440217563 0553289411 0345350499 044022425X 0316789089 0743227441 034538475X
187410,0375706771 0316769487 0452269571 0060976845 0060915544 0671003755 0060916508 0060930535 0451163966 0060921145
187425,0385722206 0671510053 0385498802 0375758992 0452282152 0385490445 0345361792 0380789035 0385420161 067976402X
187463,0385504209 0060938455 0671027387 0060392452 0060987103 0312995423 0451166892 0452282152 0684872153 0066214122
187507,0345348036 0671510053 0345413350 0446310786 0312976275 0312980140 0345361792 0156528207 0345391055 0684833395
187517,0312278586 0425107469 0971880107 0316693200 0425147622 0060502258 0446364193 0449219364 0375703063 0385484518
187520,044651652X 0552137030 0552131067 0552131059 0684872153 0552998486 0316666343 000649840X 0552996009 0140265988
187536,3442541751 3150000017 3423201509 3423202327 3492045170 3257229534 325722575X 3426029553 3423202947 3257227809
187574,0440241073 044023722X 0345413903 0449005615 034541389X 0440234743 0446611212 0380789019 0446607657 0440241537
187598,2253063339 2253044903 2070360024 2290311782 2253057843 2205054252 2070408507 2253005274 2277260029 2264027134
187606,044021145X 0316776963 0064400557 0449005615 0440221471 0446359866 0679751521 0385265700 0385486804 0440226430
187613,0060928336 0671003755 0375700757 0345313860 0679781587 0312305060 0679746048 0375707972 0385504209 0142001740
187621,044023722X 0385503822 0345417623 0312995423 0440236673 0385508042 0385490992 0440241073 0385505833 0440234743
187624,059035342X 0345342968 0345339738 0316769487 0060502258 0446310786 0345339711 0345353145 0439064864 0446606812
187626,0062502182 0345337662 0385335482 044651652X 0345378490 002542730X 0671004107 0345351525 0446671002 0394404289
187747,0345413350 0312195516 0345337662 0345350499 059035342X 0345339703 0439136369 0446672211 0345339681 0380789035
187754,0060928336 0440226430 0316284955 0679746048 0440224764 0671021001 0385474016 0743418174 014028009X 0385335482
187757,0743418174 0875421180 043936213X 0446610038 0971880107 0060502258 0842329129 0345350499 0439064872 044651862X
187761,0385504209 043935806X 0439136369 059035342X 0439064872 0439136350 0345370775 0439139597 0316776963 0590353403
187762,0671024248 0345313860 0440226430 0671027360 0345441036 0451160525 038529929X 0451180232 0345351525 0440206154
187763,0062502182 0385486804 0385335482 0425152251 006101351X 044651652X 0345337662 0060915544 0552143774 0385720106
187801,0425175405 0425180638 0380718340 0440224764 044022165X 0425169863 044023722X 0380718332 0425158616 0425147622
187805,2253150711 2253044903 2070360024 2266023039 2290311782 2253057843 2205054252 2253005274 2070408507 2253152846
187810,0345342968 0451524934 0679723161 0446310786 0345391802 0451526341 0440180295 0316769487 0679745203 0684801523
187822,0156027321 0441569595 0441172717 0062502182 0345337662 0060977493 0316769487 0316776963 0375703861 0316666343
187835,0345413903 0671027360 0446611212 0060938455 0345413881 0446612790 0449005615 0380731851 0451188454 0345452569
187844,3442541751 3150000017 3492045170 3423202327 3423201509 325722575X 3257229534 3423202947 3426029553 3404148665
187863,0446672211 0060930535 0452282152 0440226430 0671021001 0060928336 0446310786 044021145X 0140293248 0316601950
187871,0345348036 0142001740 0156528207 0060915544 0380789019 0060976241 0380012863 0345417623 0553279378 055321313X
187904,0312195516 0385504209 0440241073 0440224764 039592720X 0440234743 0553296981 0140119906 0345417623 0425130215
187922,0385504209 0316666343 0452282152 0142001740 0312195516 0060938455 0375726403 0151008116 0385722206 0385486804
187931,0060959037 0060934417 0375726403 0385504209 0312195516 0060977493 0452283205 0380731851 044023722X 0060930535
187932,067976402X 0060173289 0385498802 0345439104 0312305060 0671021001 0316789089 0452260116 0446310786 0385722206
187948,0440180295 0316769487 0156027321 0590353403 014028009X 0425152251 0446611867 0451184963 0451526341 0553296981
187954,3442541751 3150000017 3492045170 3423202327 3423201509 325722575X 3426029553 3423202947 3257229534 3442092981
187981,0385335881 0385336179 0312278586 0440221471 0345370775 0671021001 0060502258 0345337662 0446670251 0446672211
187989,0316666343 0316601950 0060928336 0449212602 0679781587 0385504209 0446672211 0452282152 0060959037 059035342X
187990,0671001795 0312980140 0312983867 0312265867 0312265859 0312990456 0312983271 0312306326 0312986343 031298328X
188010,0060928336 0142001740 0385722206 0446605239 0060976845 0312195516 067976402X 0060938455 014028009X 0312243022
188022,044023722X 0440241537 0061015725 0446611778 0440241073 0440234743 0425185710 0345417623 0440225701 0449003795
188027,0316601950 0446610038 0312195516 059035342X 0385498802 0553572997 0399501487 0385504209 0440219078 0385486804
188038,0446612790 0446610038 0446611212 0312983271 0312980140 0446605484 0312971346 0312976275 0446364193 0061009059
188106,0312980140 031298328X 0312966970 0312971346 0312983867 0312306326 0380789035 0312966091 0446610542 0312990456
188162,0345339681 0385484518 0140067477 044023722X 0804105820 0440998050 0140254544 068484267X 0345361792 0060502258
188171,0142000205 0316569321 0312195516 067976402X 0345439104 0060938455 0345443284 0375727345 0743237188 0517693119
188268,0380977788 0385722206 0671880187 0552996181 0670031909 0679781587 0349101779 0449221482 1400031354 0099747200
188273,0312195516 0345443284 0316601950 0312980140 0060959037 0061009059 0061097101 0375706771 0671001795 0452282152
188279,0060928336 0446672211 0316601950 0060930535 0060959037 0452282152 0375706771 068484477X 0380730138 0060987561
188280,0345417623 0345353145 0316666343 0385504209 0345378482 0440220602 0553260111 0345402871 0440213525 0345380371
188287,0312282990 0345387651 0060987103 0312283709 0679731148 0380018179 0142002267 0316779423 0553572997 0380002930
188295,0385335482 0743418174 0060928336 0316096199 0385335881 0316666343 014028009X 0385336179 0140298479 0375725784
188303,0385335881 0440414806 0312305060 0440235596 0380789019 0140293248 0385486804 0553296981 0684801523 0380012863
188369,0140620184 0440180295 0099747200 059035342X 0679746048 0330332775 0316569321 0061092606 0140620222 0451206525
188379,044021145X 0440214041 0440211727 044022165X 0671021001 0066214122 0440221471 0345413350 0440224764 0440220602
188396,0439064872 0439136369 0385504209 0446608955 0439139600 0679781587 0452282152 0060928336 0446672211 0440222656
188411,3442541751 3492045170 3423202327 3257229534 325722575X 3423201509 3423202947 3426029553 3257227809 3442092981
188421,0064400557 0440498058 0440401585 014131088X 0380714752 0440998050 0064405842 0440487617 0380814021 0140386335
188478,0679781587 0140293248 014028009X 0440235596 8408043641 0140298479 2070360024 006101351X 8445071416 0451203771
188483,0385504209 0553582747 0671027360 0142001740 0446610038 0440241073 0452282152 034541389X 0553579754 0553580221
188484,0552137030 0099771519 0156027321 0330332775 0552124753 0552996009 0552131067 0590660543 0330367358 0380977788
188490,0312305060 0679781587 0385504209 0385722206 0060930535 0312291639 0375700757 0375727345 044023722X 031242227X
188511,0380725827 0380723638 0425188787 0380725835 0380721643 0312983271 0446611867 0449223612 0425183750 0312980140
188513,044023722X 0375726403 0345438329 0515132020 0515131229 0449003787 0060934417 0312983301 0425178951 0375700757
188518,0345417623 0345353145 0345370775 0066214122 0440206154 034540288X 0671027360 0345378490 0380789019 044023722X
188529,0060502258 0312966970 0375703055 0671617028 0380002930 0671001795 0312983824 0446606383 0142001430 0670894605
188557,006101351X 0440211263 0671021001 0316666343 0439064872 0385265700 0440226430 0440223202 0451203771 0440220602
188558,0380002930 044021145X 0451524934 0385504209 0345391802 0385720106 0425152251 0743227441 0345427637 0440214041
188583,0062502182 0345413350 0553582747 0552124753 0671041789 0441569595 0679429220 0066214122 0552137030 0812509250
188589,0064400557 0553213148 0449212602 0440998050 0553213180 0060987529 0446365386 0553274295 0380714752 0316666343
188598,8408043641 8433969978 8445071416 8432206407 8478884955 8477204055 8420616893 0312924585 0684859335 0140298479
188618,0316776963 0553572997 0375725784 0425158616 0425163407 0141000198 0345387651 0425154092 0425147622 0446391301
188638,0671027360 0446605239 0345313860 0804106304 0440206154 0375705856 0425167801 0142001740 0399147195 0671004107
188658,2253063339 2253150711 2253044903 2266023039 2290311782 2070360024 2253057843 2205054252 2070408507 2253005274
188659,0375726403 0385720106 0142001740 0142001430 0060928336 0060930535 0316776963 0452282829 0060987103 0156027321
188661,0446610038 0446606189 0446607657 0440234743 0446604801 0440220602 0446605484 0446608815 0425154092 0380718340
188676,0671027360 0060976845 0142001740 0060930535 0060928336 0316096199 0452282152 0060987103 014023313X 0375726403
188696,0385503822 044023722X 0312278586 0316969680 0385504209 038550120X 0316569321 0312265859 0316693200 0375706771
188764,0060928336 044023722X 0316284955 0452282152 0060392452 0679781587 0060959037 014028009X 0060976845 0375703055
188772,0345361792 0452282152 0316096199 0440212561 0375707972 044022103X 0446611867 044022165X 0440211263 0440223202
188793,0345339681 0446310786 0345342968 0345339711 0345339738 0440211727 0446604666 0345339703 0671027360 0553250531
188796,0671617028 0684801523 0684833395 0553208845 0679720200 0452264464 0140119906 0553296981 0316769487 044021145X
188799,0060928336 0446608955 0590353403 0671021001 0439136350 0439064864 0439064872 0439136369 0439139597 0446606812
188878,0425175405 0425147622 0425169863 0425154092 0425180638 0380718340 0380718332 0425163407 0425158616 0440224764
188912,0156027321 0441790348 0441003257 0345348036 0552137030 0671004107 0553562614 0552124753 0441172717 0061092177
188951,0671027360 0446605239 0553296981 0345339681 0441003257 0060987103 0671027387 0399501487 0345368754 0671004107
188967,0312278586 0316666343 0140293248 0385335482 014028009X 002542730X 0439136350 0440226430 0156012197 0312422156
189005,0385504209 0385508042 0385511612 0446606812 0316969443 0316693006 0385503822 0316666009 0446531332 0399149155
189066,0440211727 0440214041 044021145X 0440234743 0440225701 0440221471 0345417623 0440224764 0425083837 0425154092
189080,0679781587 038079487X 0060502258 0375700757 0671003755 0440180295 0425175405 0140042598 0385503822 0670868361
189104,0515132020 0515136379 0515130389 0515126772 0515135062 0515133973 0515121843 0515128554 0446605239 0515128546
189115,0345384466 0060928336 0345404319 0312195516 0064407675 0345397819 0380789035 0142001740 0380789019 0449212602
189120,3442541751 3150000017 3492045170 3423201509 3423202327 325722575X 3257229534 3426029553 3423202947 3404148665
189139,0345417623 0345339681 0553560735 0440206154 0345353145 0060987103 0440224675 034540288X 0440998050 0345347536
189151,044022165X 0060928336 0061000043 0375707972 006101351X 0446604666 0061092886 0064407667 0440206154 0345313860
189227,3442541751 3423201509 3150000017 3492045170 3423202327 3426029553 325722575X 3257229534 3423202947 3257227809
189235,0385504209 0385510438 0399150897 0312265867 0399149155 0385508042 0312265859 0316693006 0316602906 0316603570
189279,044023722X 0316666343 0156027321 059035342X 0060934417 0385504209 038082101X 0440222656 0452283205 0312195516
189286,0451172817 0451167317 0451156609 0451184963 0451180232 0451169514 0451163524 0451160525 0451188462 0451137965
189320,0345337662 0345370775 0345313860 034538475X 0345384466 0345378490 0345353145 0345380371 044021145X 0553250426
189334,0316601950 0375706771 0439136369 0446520802 0060916508 0060976845 0345384369 006099486X 0553572997 0446675059
189392,0060938455 0446532231 0375725784 0385722206 0312282990 0060392452 0385504209 0609608444 039592720X 0385722435
189403,044022165X 0440220602 044021145X 0440224764 0440214041 0440213525 0440234743 0440211727 044023722X 0440241073
189474,0385504209 044023722X 0440234743 0671027360 0061015725 0440236673 0440241537 0142001740 0312995423 0786868716
189516,0679781587 0515126772 0425180638 0385479565 0515128546 0373244487 0425158616 0425147622 0515128554 0373484232
189536,0399501487 0316666343 0451526341 0028604199 0345370775 0062502182 0060929871 0345339681 0385504209 0446310786
189541,0385504209 0345417623 0385508042 044023722X 0385503822 0671027360 0440234743 0679444815 0060502258 0446605239
189558,0425147622 0425163407 0425182878 0380718340 0446607657 0446606189 0446601241 0446364193 0553571885 0446604801
189569,0061009059 0375700757 0060392452 0441172717 0060175966 038550120X 0380813815 0553278223 0440343194 0671001795
189632,0440241073 067102423X 059035342X 0553582747 044023722X 0452282152 0060928336 0060930535 0553580221 0385504209
189655,0440241073 044022165X 044021145X 067976402X 0440236673 0440214041 0440224764 0440221471 0446611212 0440225701
189665,044651652X 0553572997 0380789019 0451524934 0060392452 0552137030 0446364193 0399144463 014025448X 0385484518
189666,0316666343 0385484518 0553280341 0060928336 0156027321 0099771519 0786868716 0061009059 0553271636 0553284789
189678,0060928336 0312291639 0385335482 0385335881 0142001740 038079487X 0385336179 0440235596 0385335830 0140298479
189686,0440234743 044023722X 0446610038 0425154092 044022165X 0425155404 0446364193 0671027360 0345353145 0446604666
189688,0061097314 0060915544 0671510053 0140293248 068484477X 0060934417 0385492081 0060987103 0446605239 0316666343
189722,0425175405 0064407667 0140042598 0425130215 0425180638 0671894455 031205436X 0375700757 038079487X 0553572997
189725,0684874350 0385722206 0425152251 0070212570 0679781587 031205436X 0375706410 067976402X 0385474016 0151008116
189733,0316776963 0312195516 0380789035 0440219078 0451524934 0140067477 0670892963 0060938455 0380002930 0553375407
189747,0440221471 044022165X 0440214041 044021145X 0440220602 0345370775 0440234743 044023722X 0440236673 0345380371
189750,0375726403 8408043641 0385492081 0439064864 0440226430 0440224675 0439136350 8433969978 8432206407 0684874350
189789,0142001740 044651862X 0375700757 0060930535 0684874350 0553375407 0786868716 0312195516 0679429220 0425175405
189798,0312195516 0385722206 0385335482 0060959037 068484267X 0156027321 0679781587 0684872153 0345361792 0060934417
189813,0060392452 0451191145 0312421273 067976402X 0375727345 0316569321 0312243022 0064407667 0684833395 0679785892
189835,0316284955 0446610399 0446310786 0312278586 0140293248 0446672211 0446606812 0446610038 0688177751 0684801523
189844,0330332775 0330367358 0099771519 0552137030 0091867770 000649840X 0552124753 0679735771 0590660543 0749397543
189848,0446672211 0091867770 0345313860 0099245027 0345384466 0440236673 0747538484 0312195516 0060938455 0316284955
189855,0060930535 0345443284 0060921145 0060977493 0671617028 0316769487 0446310786 0060987529 0060928336 067976402X
189868,0439064872 0679746048 0439136369 0062502182 051513287X 0375706771 0380789035 0767905180 0399143947 0380789019
189891,0446610038 0446612790 0446607657 0446605484 0553582747 0446608815 0446364193 0671027360 0446604801 0446613266
189973,067976402X 0446606812 0671510053 0446605239 0060928336 0062502182 0446675059 0449208672 0446608955 0671027360
190033,044651652X 0345384466 0316690619 0553573136 0316693286 0316693200 034538475X 0385484518 0345339681 0316693251
190054,0684874350 0440213525 0553572997 0451167317 0451156609 0671003755 0385474016 0440211263 0684848783 0345444884
190056,0425130215 0553279556 0449003795 0449221512 0440111498 0553271636 0553284789 0446394521 055337933X 0446612545
190074,059035342X 0439064872 0439136369 0345339703 0440414806 0064407667 043935806X 0312278586 0439136350 0439139600
190080,044022165X 0440221471 0440220602 0440224764 0440213525 0440214041 0345353145 0425154092 0440234743 0440225701
190082,0312924585 044651652X 0425172546 0515103292 0684872153 067169071X 0553581554 0671025341 0679746048 0671041789
190134,0385504209 0060928336 0440214041 0440236673 0440211727 0440224764 0060976845 044023722X 0440241073 0679781587
190169,8408043641 8432206407 0312924585 8433969978 8478884955 8477204055 8420616893 0060929871 8478886451 8478884459
190185,0446672211 034540288X 0345417623 0440234743 0380789019 0553279912 0345413350 0345370775 0440241073 0140293248
190265,0552124753 0552137030 0552128481 0552131075 0552131059 0330262130 0552140295 0552134627 0671617028 0552134643
190292,0330332775 0156027321 000649840X 0590660543 0330367358 0552996181 0590112899 0749397543 0749395990 0140071814
190298,0345337662 0345384466 0345313860 0345351525 0553250531 044651652X 038550926X 0743418174 0609610597 0345334531
190347,0316601950 0345361792 0142000205 0060976845 0060928336 067976402X 0375727345 0375707972 0345443284 0385498802
190350,002542730X 0345417623 0316666343 0452282152 0375504613 044023722X 0446610399 0440211263 0440220602 0553279378
190374,0452282152 014025448X 0060930535 0375727345 0375726403 0345439104 0345443284 0142001740 0345361792 067976402X
190409,0440234743 0440221471 0440226430 0440241073 0440211727 044022165X 0440220602 0440236673 044023722X 0440225701
190422,0060930535 0060959037 0060915544 0385720106 0385722206 0671003755 0156027321 0671038184 0060921145 0312195516
190443,0312966970 0061009059 0312980140 0312971346 0446610038 0671001795 0312966091 0312976275 0312983867 0312291639
190448,043935806X 0590353403 0439064872 059035342X 0439139600 0439136369 0345339703 0446310786 0345339681 0609610597
190459,0385265700 0446672211 0142000205 0316284955 0440222656 0375727345 0440226430 0375707972 0312195516 0440211263
190479,0060928336 0316284955 0142001740 0312195516 0743418174 0142000205 0385504209 0385484518 0312291639 0156027321
190480,0385504209 0553572997 0385484518 0380002930 0345391802 0375727345 0452264464 0399144463 0553274503 0440225701
190485,067976402X 0679429220 0684874350 0060930535 044651862X 068484477X 0345439104 0671038184 0345361792 0061097314
190521,0446672211 0316601950 0312195516 0345443284 0452282152 0060976845 0671003755 0316284955 0375727345 0446310786
190531,0316666343 0440226430 0446605239 014028009X 0440222656 0312291639 0671021001 0060928336 0140293248 0440224675
190533,0440206154 0553250531 0553289411 044021145X 0345370775 0451184963 0440224675 0440214041 0451176464 0451153553
190616,0375700757 044023722X 0375705856 0449213943 0425192725 0452282152 0553273914 0316782505 0767900383 0671708635
190627,038079487X 0375727345 0385510438 0385335482 0385508042 014028009X 0312263120 0375502238 0399148027 0312278586
190650,0312195516 0316601950 0375707972 068484477X 0375706771 0316788228 0452264464 0446672211 044651652X 0553250426
190708,0440206154 0060392452 0446605239 0385505833 0064472272 0060928336 0312278586 0425144429 0345417623 0451183665
190741,0345387651 0316601950 0679781587 0385722206 0375703861 0312980140 038079487X 0385730586 0156628708 0609804138
190789,0399501487 044021145X 0553279912 0345370775 0060502258 0440220602 034540288X 0345378490 0142001430 0451169530
190791,0316666343 0156027321 0316284955 0330367358 0330332775 0553275976 0552998486 0142001805 0684801523 0345438329
190807,0316666343 0440211727 051513225X 0373272847 0375703063 0373710984 0375506039 0373710992 037322706X 0373226055
190808,0061009059 0312966091 0312971346 0312980140 044023722X 0312966970 0671001795 0312976275 0440241073 0345370775
190831,0679781587 067976402X 0345342968 0316666343 0385504209 0452282152 0316601950 0446672211 0060987529 0375725784
190844,0316693200 0399150897 0316693006 0316666009 0446612790 0316603570 0425180638 0385511612 0446607657 0446609404
190871,0345446860 0446519081 038542017X 0425180638 0425175405 0670880728 0156027321 0142001740 0439136350 0142000205
190885,0804106304 0609804138 0385504209 044023722X 0140067477 0446532231 0553375407 0452260116 0060392452 0971880107
190923,0345417623 0440214041 0425083837 0345370775 044022165X 0312924585 0440211727 0440220602 0440221471 0385511612
190925,0140293248 055357258X 0446611867 0446672211 0446670251 0345446860 044922046X 0375706771 0553574639 0312201656
190939,0671003755 0142001740 0375700757 0385722206 0316666343 0060930535 0060928336 0449005615 0060934417 0312305060
190955,0060392452 0060938455 0446532231 0449912558 0060915544 067976402X 0671617028 3150000017 0671028375 0804106304
190997,0385504209 0671027360 0060938455 0142001805 0312195516 0156027321 0375725784 0312924585 0446670251 0385486804
191014,0446310786 0345342968 0140042598 0385492081 0440226430 0142000205 0385484518 0671021001 0375727345 0316769487
191020,0312195516 0312924585 0449212602 0446365386 0440206154 0553250426 0684872153 0679781587 0345417623 0316781010
191049,044023722X 0440241073 0440234743 0066214122 0312995423 0671027360 0345402871 0440236673 0061015725 0671027387
191072,0316769487 0060502258 0446310786 0671003755 067976402X 0060987561 0679745203 0385265700 0316666343 0375706771
191093,0515132020 0312983271 0515132187 0515131229 051513287X 0312980140 0312966970 0515130389 0312990456 0312265867
191126,0375707972 0375702709 0375700757 0345443284 0312291639 0316781266 0375706771 0375727345 0671041789 0440206154
191165,0385504209 0060930535 0142001740 0679781587 0452282152 0671021001 0156027321 0060928336 044023722X 0345337662
191166,038079487X 042513525X 0345384466 0446364193 0553580221 0671024248 0345313860 0451160525 0375706771 0452269571
191183,0440226430 006101351X 0140293248 0316096199 0312278586 014028009X 0060928336 0446611867 0446605239 0385335482
191188,0345380371 0345370775 0440236673 0440221471 0440213525 0440211727 0345353145 044021145X 0385492081 0345402871
191247,0440211727 0385472951 0440236673 0385424728 0440213525 0440214041 0385493800 0385490992 0385497466 0385472943
191260,0345413377 0312278586 0446310786 0316769487 0440498058 0064405842 0380814021 0380789035 059035342X 0441005489
191272,8408043641 8433969978 8432206407 8445071416 0316769487 8420441708 8420616893 8477204055 0312924585 8423310353
191317,0316666343 0156027321 0142001740 0385504209 0060977493 0446532231 0743418174 0375700757 0552131067 0452282152
191326,0060928336 0316284955 044023722X 0679781587 014028009X 0060976845 0060959037 0385504209 0446605239 0385474016
191341,014028009X 0140293248 0385335482 8806143042 880781210X 0316096199 006101351X 8845215989 8845237303 0440226430
191428,0440224675 0451156609 0316666343 0345353145 0451180232 0140067477 0451160525 0451151259 067102423X 0451137965
191505,0515135062 0373218192 0515130389 0446612790 051513287X 0515133973 0515131229 0515132020 0553578693 0399149155
191523,0446610038 0446612790 0446612545 0553578022 0553582526 0553569910 0553581554 0425180638 0553582127 0425182878
191544,0312278586 0316666343 0140293248 014028009X 0385335482 002542730X 0312422156 0156012197 0439136350 880781210X
191548,0446610399 0446605239 044023722X 0385505833 0446611867 0440211727 0671727796 0316782505 0684848783 0446527785
191560,0671021001 044651652X 0316601950 0375727345 0446672211 0440214041 0671510053 0060391626 0684872153 0452282829
191575,0310205719 0553279378 0842329129 038542017X 0842329218 0553213148 0399144463 0786868716 0786881852 0842329242
191578,0060392452 0061009059 080410753X 044022103X 0345339681 0312966091 0345413350 0804106304 0553569074 0671001795
191638,0446605239 0316666343 0316096199 0385335881 0446610399 0140293248 0385335482 0446606812 0679746048 0440226430
191655,0316776963 0345337662 0345465083 0515132020 0441172717 0425133516 0385512104 0515116750 0385486804 0515128546
191671,0425180638 0380718332 0425175405 0425163407 0446364193 0425147622 0425169863 0446610038 0380718340 0446608815
191672,0375700757 0312976275 0671510053 0446606189 0446604666 0061009059 0312966091 0312291639 0449005615 0312265859
191694,0316666343 059035342X 0446532231 0345387651 0684872153 044022165X 0679746048 0446606812 0345370775 0380018179
191707,3442541751 3150000017 3492045170 3423201509 3257229534 3423202947 325722575X 3426029553 3257227809 3442092981
191709,038542017X 0553274848 067169507X 0375707972 0440241073 014025448X 0140293248 0671708635 0440212561 0375703055
191716,0553280341 0345361792 0553280368 0553279912 0449223604 0446672211 0449223612 0449219364 0399149325 0449221490
191720,3442541751 3150000017 3492045170 3423201509 3423202947 3257227809 3257229534 325722575X 3442092981 3426029553
191724,0440214041 044021145X 0440213525 044022165X 0440224764 0440220602 0345380371 0385424736 0440221471 0440236673
191756,3150000017 3492045170 3423201509 3423202327 325722575X 3257229534 3426029553 3423202947 3257227809 3442092981
191761,0312278586 0316096199 0446672211 0743418174 0060928336 0316601950 0385335482 0060976845 0316969443 0316284955
191775,0425154092 0425158616 0449221482 0425175405 0449221490 0515132020 0449219364 0515131229 0425147622 0449221512
191795,0439064872 059035342X 0439136369 043935806X 0439139597 0439136350 0439064864 0590353403 0064407667 0345350499
191800,0385504209 0671027360 0439136369 0439064872 0060930535 0671027387 059035342X 0380789019 043935806X 0064407667
191803,0385335482 0385335881 038079487X 0743418174 0385336179 0060085452 0385730586 0375727345 0385336810 0373250126
191807,067102423X 0345441036 0553582747 0553580221 0553582755 0609610597 0446607657 0451160525 0345335511 0399501487
191841,0060930535 0345361792 0060934417 0375725784 0375700757 0151008116 0060977493 0375707972 0375706771 0679781587
191855,0425180638 0425154092 0425163407 0446607657 0060977493 0345387651 0380718332 0446612790 0425175405 0425147622
191865,0060987103 0060976845 0060987529 0385486804 0449212602 0385482388 0312278586 0671250671 0061097314 0345423402
191875,0385335482 0312291639 0385504209 043935806X 0060928336 0446670251 0385335881 0316666343 0312278586 0671021001
191881,0312195516 0060392452 0452282152 0552137030 0345313860 0062502182 067976402X 0380789035 0446532231 0375707972
191883,0449212602 0385504209 0446605239 0060930535 0684874350 0440211727 0316601950 0380002930 059035342X 0399144463
191885,0425109720 0440211727 042510107X 0425083837 0425143325 0425122123 0425147584 0345380371 0425180964 0425170349
191913,0440226430 0385492081 0446605239 0446610038 0440241537 0446611867 044651862X 0425175405 0062502182 0446607657
191968,0399501487 044021145X 0345337662 0345351525 0345313860 0671617028 044651652X 034538475X 044022165X 044651862X
192042,3442541751 3492045170 3423201509 3150000017 3423202327 3426029553 3423202947 3257229534 325722575X 3442092981
192068,2253063339 2253150711 2253044903 2070360024 2266023039 2290311782 2253057843 2205054252 2070408507 2253005274
192083,0446310786 0060502258 0316666343 0440224675 0140293248 0399501487 0345342968 0679781587 0425152251 0375706771
192093,0671510053 0140293248 0671003755 0684872153 0671021001 0440235596 0679429220 0142001740 0312195516 0345361792
192095,0312195516 0142001740 0452282152 0385504209 0060392452 0312305060 0345337662 0316776963 0446532231 0385722206
192101,2253063339 2253150711 2253044903 2266023039 2290311782 2070360024 2253057843 2205054252 2070408507 2253005274
192119,0060392452 0385504209 0440241073 0671004107 0345353145 0345417623 0312995423 0380789035 0061015725 0345378490
192121,0345335708 0345338715 0345352661 0345369351 0345351525 0345358805 0345337662 0345403959 0345314255 0345377591
192158,0312966970 0312971346 0312966091 0061009059 0312983867 0060976845 0671001795 0060928336 0316601950 0312306326
192172,0060930535 0671021001 0316601950 0609804138 0446606189 044021145X 0446605484 0312983867 0446611212 0375707972
192176,0385504209 0156027321 0671027360 044021145X 0553580191 0553250426 0380789019 0066214122 0440223202 0440241073
192185,0142000205 0316666343 0446672211 0316569321 0345443284 0316776963 0375727345 0316284955 0060928336 0316096199
192191,0446612790 0440234743 044023722X 0385508042 0316693235 0316693006 0316969680 0446610038 0316666009 0446607657
192203,0425182878 0446359866 006101351X 0446608815 0385486804 0446606189 0446604844 0446364193 0425189864 0671003755
192211,006101351X 0385484518 0671021001 0385504209 0316569321 0515131229 0446603589 0385492081 0515128554 0312291639
192230,0440224675 0060928336 0679781587 0312924585 0345313860 0345337662 0312195516 0425178765 0345361792 0345413881
192244,0060928336 0375727345 0316601950 0316569321 0671021001 0375707972 0385504209 0671027360 0452282152 0345443284
192245,0446364193 0446606189 0446604801 0446601241 0446609404 0440214041 0446612790 0440234743 0446607657 0316693006
192257,0425152251 059035342X 031205436X 0786881852 0679429220 0375700757 0399144463 0671250671 0743225406 0671755064
192277,0380718340 0440224764 0515120618 0446364266 0380710218 0425163407 051511779X 0425169863 0345337662 0553576798
192308,0385504209 0671027360 0060930535 0446605239 0345413903 0440234743 0553296981 034541389X 0440940001 0312966970
192353,0316769487 0385492081 0451526341 0451524934 0060929871 0679746048 0385484518 0553573136 0316666343 0345370775
192428,0446607657 0446601241 0446611212 059035342X 0446604801 0446612790 0446364193 0553582747 0446606189 0446608815
192453,0425175405 0449221490 0553279556 0553284789 0380718340 0449221512 0449221482 0449219461 0449223612 039914613X
192460,0060392452 0553296981 0515128546 0380753022 0373483694 0380762595 0380710218 0373484003 0345384466 0515128554
192462,0515128554 0515126772 0373484003 0515128546 051513287X 0515131229 0373483694 0515132020 051512608X 0515122734
192476,0156027321 0312291639 0140298479 0425152251 0156007754 0446670251 0316666343 0679723161 0316776963 0140042598
192479,0446612790 0446610038 044023722X 0446364193 0446607657 043935806X 0061015725 0553582135 0440234743 0385504209
192492,0060987103 0380789035 0441003257 0441569595 0671027360 0375726403 0060977493 0062502182 0393317552 0380813815
192544,0060958022 038082101X 0684801523 0156001314 0316601950 0140298479 0375725849 014029628X 0452282152 0679723161
192665,0060938455 0425192725 0449003787 0449221512 0449221482 0449223612 0553280341 0440241073 0449219364 0449221490
192692,0446605239 0440226430 0316666343 0446608955 014028009X 0446606812 0312195516 0671014196 0553279912 0553280341
192696,0385492081 0446605484 0446608815 044023722X 0446607657 0345361792 0446612790 0312291639 0440241073 0316666343
192705,0316693235 0316602906 0316666009 0316693006 0316693251 0316603287 0399145087 0446601241 0316693200 0385503822
192710,0316666343 0312195516 0440211263 0375726403 0452282152 0671003755 0440235596 0142001740 0440226430 0061097101
192727,0446672211 0679781587 0060987561 0316666343 0385265700 0142000205 0385498802 0345342968 014028009X 0375727345
192733,0316601950 0375726403 0345443284 0060959037 0060934417 0385720106 0316666343 0452282152 0671038184 0425167313
192739,0452282152 0440211263 0446672211 0440222656 0440236673 0312195516 0451169522 0140298479 0060938455 0385504209
192835,0156027321 0316666343 0452282152 0060934417 0385722206 0375726403 0375725784 0452283205 0385504209 038572179X
192844,0679429220 0060921145 0345361792 0060959037 0345443284 0679781587 0060915544 0375702709 0142001740 0316780375
192895,8408043641 8445071416 8432206407 0312924585 8433969978 8420616893 8478884955 8477204055 8478886451 0060929871
192906,0060928336 044021145X 0425083837 0312195516 0380710218 0440221471 0345380371 0440214041 0449212602 0671027360
192914,0440241073 0446611778 0345417623 044023722X 034541389X 0380731851 0425182908 0446611212 0345402871 0440236673
192960,0099771519 0330332775 0156027321 0552137030 000649840X 0330367358 0091867770 0552998486 0552996009 0349101779
192979,0385504209 0671021001 0142001430 0345339738 0385335482 0385503822 0156027321 0451166892 0385472951 0345339711
192982,0446610038 0446612790 0446611212 0446608815 0446364193 0446606189 0446607657 0446605484 0345413903 0446601241
193017,0380789035 0062502182 0441003257 0060934719 0060938455 0441569595 0553582747 0671027360 0345413350 0061020710
193106,0312195516 0385722206 0385504209 0156027321 0316666343 0060934417 0312305060 0671003755 0679781587 0060932759
193131,0316666343 0156027321 0446532231 0345337662 0385335482 0312422156 0385504209 0425121259 068484267X 0552998486
193148,0786868716 0446611867 0385484518 0440237688 0440212561 0786881852 0446605239 0380789019 0062502182 0399150897
193156,0440241073 0440225701 0446607711 0440236673 0440234743 0440221471 0446611778 0425185710 0446359866 044023722X
193168,0671510053 0345348036 0446606189 0312976275 0375700757 0451191145 0156528207 0449005615 0684833395 0345391055
193216,0413537900 0451181379 0156027321 0446532231 0385335482 0060977337 0316666343 0425132951 0061092177 0345337662
193220,0380813815 0375700757 006101351X 0140258795 0385492081 0375705856 0679731148 0684874350 0385484518 0060920084
193248,0060502258 0345339681 0316769487 0684801523 0060929871 0399501487 0441172717 0440180295 0441569595 0446310786
193294,0440226430 0440235596 0440236703 0451203771 0446611867 0449003795 0446612790 0671021001 0670894184 0446610100
193305,8408043641 8432206407 8433969978 8445071416 0312924585 0684859335 8477204055 8420616893 8478884955 8401328942
193335,0375706771 0060928336 0375702709 0684874350 0425175405 038079487X 0553572997 0679429220 0060977493 0449221482
193336,0440226430 0440234743 0440221471 0446612790 0446610038 044022165X 0440241537 0425180638 0425175405 0440241073
193337,0441790348 0156027321 0441003257 0553562614 0441172717 0671004107 0345342968 0441569595 0140067477 0060938455
193350,0446610038 0380718340 0446601241 055357258X 0446604801 0425158616 0425154092 0553560247 0446607657 0679781587
193352,0446310786 0440487617 0440401585 0064400557 0439136350 0064407055 0394820371 0446672211 059035342X 0440405483
193412,0385504209 0316666343 0142001740 0316969680 0446531332 0316569321 0375726403 0385511612 0786868716 0385503822
193428,0312278586 0316666343 0312291639 0385504209 0385335482 0316769487 044023722X 0316781266 0312983824 0671027360
193448,0345361792 0446672211 0142000205 0385265700 0670892963 0316601950 0385484518 0375707972 0060391626 044022103X
193458,0060928336 0452282152 0060987103 0804106304 0786868716 0671024248 0316182540 0312924585 0060976845 080410526X
193461,0671027360 0684874350 0385504209 0671250671 039592720X 0385722206 0399144463 0142001805 0441790348 0385424728
193469,059035342X 0439139600 0439136350 0439139597 0439064864 0590353403 0385504209 0345342968 0345370775 0345353145
193470,0743418174 0316666343 0385335881 0375726403 0312278586 038550926X 0688170528 0316096199 0375502238 0385335482
193482,0380789035 0066214122 0345417623 0441790348 0446607711 0345339703 0446601977 0553562614 0345413350 0060392452
193499,0385504209 0060928336 0060930535 0312195516 0142001740 0380731851 0061009059 0312291639 0312966970 0312971346
193529,0451156609 0451184963 044023722X 0553579754 0345391055 0440221471 0451167317 044022165X 0451183665 0425144429
193533,006101351X 0060915544 0671617028 0440215625 0446519138 0679429220 0671021001 0440241073 068484267X 0684848783
193549,0312195516 0375707972 0142000205 0316601950 0060987561 0060930535 0345439104 0375700757 0316666343 0446672211
193560,0316096199 0679781587 0151008116 0060934417 0385504209 0515131229 080410526X 0345391802 0671003755 0515128554
193610,0446605239 0440222656 0440224624 0446607657 0515102636 0345443284 0380470845 0440226430 0679429220 0062502182
193611,0375725784 0316776963 0449912558 0316777730 0446532231 0060987529 0312282990 0375756981 0060987103 038079487X
193612,0312195516 0142001740 0385722206 0452282152 0743418174 0060934417 0060976845 0375726403 0060928336 0140298479
193661,0684874350 0345361792 006101351X 0380813815 0679781587 0385512104 0679736042 0679429220 0671510053 0609804138
193664,0330332775 000649840X 0552124753 0552998486 0552137030 0156027321 0749397543 0552996181 0330367358 0590660543
193676,0439064872 0316666343 0385484518 0671021001 0439136350 0439139597 0446608955 043935806X 014028009X 044651652X
193680,0316666343 0671027360 0060928336 0060930535 0312195516 0452282152 0316601950 0156027321 0446672211 0142001740
193694,0439064872 043935806X 0439139597 059035342X 0439136369 0380789019 0345342968 038550926X 0380789035 0345313860
193696,2253063339 2253150711 2070360024 2253044903 2266023039 2205054252 2070408507 2290311782 2253057843 2253005274
193716,0385504209 0440226430 0385492081 0446605239 0345361792 0446611867 0156027321 0440211263 0345427637 0446516538
193738,0380018179 044023722X 0440234743 0440225701 0440211727 0440217547 0385424736 0440201926 0440235596 0440224853
193744,0446672211 0440226430 0345361792 044651652X 0316601950 0439136350 0380002930 0671024248 0446310786 043935806X
193746,0449219364 0449221504 0553284789 0449219461 0449221512 0446310786 0553280368 0553271636 0553572997 0553279556
193750,0380731851 0380789019 0345417623 0440241073 0061015725 0446611611 0312291639 0449005615 0345413903 0553582747
193768,0446604801 0440220602 0446601241 0316693006 044021145X 0345337662 0440213525 0446605484 0440214041 0380718340
193769,0060976845 0452282152 0446672211 0060959037 0679781587 0312195516 0345443284 0375707972 0375726403 0060987561
193778,0449003787 0380717018 0553578316 044922046X 0449003795 0553578308 0553578359 0345353145 0515134384 0449219461
193786,0385504209 0385424736 0440234743 0385493800 0440214041 0399144463 0671027360 0385424728 0440211727 0440236673
193798,0345337662 0345413350 0345384466 0380789019 0440498058 0345351525 0446672211 0380789035 0312966806 0345413369
193819,0385504209 0385511612 0316693006 0316969680 0385503822 0399150897 0385497466 0316602906 0316603570 0316666009
193867,0451172817 0553250426 0446608955 0345351525 0553572997 0345313860 059035342X 067164257X 0440224624 051511992X
193898,0345413903 0316602906 0446607657 0380718340 0446606189 0553578693 0440206154 034541389X 0316693006 0446359866
193917,067976402X 044023722X 0440241073 0452282152 0156027321 0312291639 0375726403 0440234743 0446672211 0440241537
193966,0446610038 0440241073 044023722X 0446607657 0446611212 0061015725 0440234743 0446605484 0449005615 0440221471
194002,0345378482 034540288X 0345353145 006101351X 0345402871 0060928336 0553260111 0345380371 0553296981 0440214041
194027,0375706771 0316601950 0142000205 0385486804 0385720106 0060959037 0060928336 0684872153 0375727345 0060502258
194033,0440211727 0140620222 0140620184 0140620427 0140620109 0375725849 0099771519 0156528207 0425152251 0151008116
194058,0316666343 0330332775 0099771519 0316096199 0552996009 0156027321 0330367358 000649840X 0552124753 0552996181
194129,0316769487 0670892963 0446310786 0060977493 0345413369 0345443284 0316780375 0385479565 0345413350 0316777730
194146,2253063339 2070360024 2253150711 2253044903 2205054252 2070408507 2266023039 2253057843 2253005274 2290311782
194158,0440235596 0440226430 0440211263 0440220602 0440221595 0440221471 0440213290 0440222656 0440211727 0345446860
194172,0060928336 0312278586 0316666343 038079487X 0375727345 0446310786 0425167313 0385484518 0679781587 0060976845
194202,0440211727 0440221471 0440224764 0440234743 0440213525 044021145X 044022165X 0440241073 0440220602 044023722X
194205,0425147622 0440213525 0345378482 0679444815 0345370775 0345378490 0345417623 0446604801 0345353145 0425169863
194229,0440211727 0440220602 0440225701 0440234743 0385424736 0425116840 044022165X 0385504209 0440236673 0425109720
194243,0385504209 0060930535 0060392452 0156027321 0316666343 0312995423 0142001740 0345413903 0452282152 043935806X
194273,0440211727 044022165X 0440213525 044021145X 0440234743 0440220602 0440221471 0345380371 0345370775 0440236673
194287,0345313860 0345337662 0345384466 0345423402 034538475X 0515133876 0441008534 0441304834 0345397819 0441000916
194358,3442541751 3150000017 0385504209 3492045170 3423201509 3423202327 3257229534 3426029553 3423202947 3257229364
194403,0312278586 0140293248 0440212561 0440215625 880781210X 0385335482 006101351X 8806143042 0312422156 014028009X
194425,0312195516 0142001740 0060934417 0385722206 0060959037 0446672211 0060976845 044023722X 0312305060 0060987103
194458,0375700757 0345348036 0446606189 0553279378 0440211727 0449213943 038542471X 0671250671 0446604666 0671510053
194473,0552998486 0684862719 0140293248 0140265988 0091867770 0553271636 0552996181 0099771519 0385335482 0312278586
194500,0385504209 0316666343 0156027321 0312195516 0312291639 0671003755 0671004530 0060502258 0142001740 0345417623
194514,0316666343 0385504209 0446605239 0060928336 0671021001 0452282152 0446608955 0440211727 0399501487 0316284955
194519,2070360024 2253063339 2253150711 0345391802 0679745203 2253044903 2253057843 0060929871 2266023039 2205054252
194534,059035342X 0439139600 043935806X 0439139597 0439136350 0439064864 0590353403 0345339681 0345339703 0385504209
194543,0385484518 0156027321 0380002930 0786868716 0452264464 0451191145 0553375407 0140230165 0345350499 0345384466
194556,044021145X 0440214041 0440213525 0316284955 0440211727 0446672211 0385472951 0425163407 0553580221 0671001795
194600,0140067779 0451203771 0375727345 0060934417 0440223202 0060915544 0375707972 038079487X 0671038184 0446672211
194605,0671027360 0385504209 0385508042 0440212561 0060502258 0385511612 0440241537 0446609323 0399150897 0446610038
194606,0312195516 0452282152 0375706771 0316601950 0671021001 0446672211 0345443284 0375700757 0375727345 0385720106
194614,0439064872 0312195516 0440220602 0440214041 0440211727 0440221471 0684874350 0553289411 0451166892 0440213525
194636,0345417623 0671027360 0385504209 0316666343 0380789035 0671027387 0441003257 0446604666 0440206154 067976402X
194637,0440226430 0316666343 0671693816 0440220602 0312278586 0316096199 0446605239 0140293248 0446611867 0446612545
194639,0452282829 0142001740 0671003755 0671021001 0452282152 0380730138 0385720106 0060173289 0316601950 0385484518
194646,0330332775 006016848X 0099245027 0375707972 0380727501 0552996009 0091867770 0140265988 0440206154 0330367358
194653,0375706771 0060502258 0312980159 0767905180 0553272535 0451524934 0345391802 0671003755 067102423X 0553375407
194669,0385335482 0553572997 0446310786 0060916508 0060502258 0345342968 0440180295 0385336179 0156027321 0345339681
194676,0515136379 0515131229 051513287X 0515136530 051513628X 0515128546 0156027321 0515132020 0439064872 0373218400
194699,0385504209 0671003755 0156027321 0142001740 0316777730 0451524934 0060976845 0375725784 0670880728 0385722206
194739,0446672211 0452282152 0671510053 0312195516 0316601950 0060392452 0440241073 0060976845 0345439104 0060930535
194783,3442541751 3492045170 3423202327 3423202947 3423201509 3150000017 0345339681 3257229534 059035342X 325722575X
194803,0345339681 0345339738 0345339711 059035342X 0385504209 0142001740 0060930535 0439064872 0439136369 0439139600
194809,0312195516 0515095826 0515102652 0515132268 0446672211 0446610038 0345337662 0515087947 0671004530 055357258X
194864,8408043641 8432206407 8445071416 0312924585 8433969978 8420616893 8478884955 8477204055 8478886451 0375726403
194877,0671027360 0156027321 0452283205 0312195516 0060930535 0142001740 0452282152 0385424728 044023722X 0375726403
194899,0440226430 0151008116 0316769487 0375726403 0684874350 0446310786 044022103X 0440221595 0515131229 0439136350
194955,0440222656 0440211727 0440221471 0440226430 080410753X 0679444815 0446672211 0060392452 0440213525 0452282152
194957,3442541751 3150000017 3492045170 3423202327 3423201509 3257229534 3426029553 325722575X 3423202947 3442092981
194964,0099771519 0091867770 0590660543 0552996009 0330332775 0099245027 044023722X 000649840X 0552999458 0552996181
194974,044651652X 0385484518 0140298479 0316601950 0316096199 0345361792 0446670251 0786868716 0060502258 0141000198
195005,0312195516 0330367358 0590660543 0330332775 0552998486 0316666343 0552137030 0552131059 0552131067 0552124753
195008,0425107469 0312291639 0345353145 0679781587 0446610038 0440211727 0425153975 0425128164 0345386108 0425115801
195016,0671021001 0316601950 0385720106 0099771519 068484477X 0446672211 0452282152 0375702709 0060930535 044021145X
195034,0312966970 0312966091 0312976275 0671001795 0061009059 0312980140 0312971346 0312265859 0312990456 0312983867
195041,043935806X 0375706771 0385504209 0439136350 0425180638 0440215625 0345335465 0345314255 0590353403 0439139597
195049,0316666343 0316693006 0385511612 0385510438 0316603287 0316969680 0399150897 0385503822 0316602906 0446531332
195057,0441172717 0345338588 0380752859 0345313151 0345322231 0345314255 0441003257 0345333926 0345322215 0553560735
195063,0552124753 0552131067 0552128481 0552131059 0552996009 0552131075 0099771519 0590660543 0552145424 0552140295
195079,0345339681 0440998050 0671004107 0380789019 0380789035 067976402X 0441172717 0345413350 0440206154 044021145X
195085,0375707972 067976402X 0452282152 0060987561 0446532231 0452264464 0452282829 0345439104 0671510053 0060930535
195100,0316666343 0060934417 0452282829 0452282152 0375727345 0316601950 0060915544 0385722206 068484477X 0142001740
195116,0552996009 0590660543 0330332775 0552124753 0099771519 0156027321 0091867770 0590112899 0552137030 000649840X
195123,0439064872 0439136369 0439139600 043935806X 0439139597 0439064864 0439136350 0446608955 0385504209 0312195516
195124,2253063339 2253150711 2253044903 2266023039 2290311782 2070360024 2253057843 2205054252 2253152846 2253005274
195128,0446672211 0316601950 0060915544 044021145X 0380730138 0452282829 0452260116 038082101X 0060959037 0385720106
195182,0061009059 0312980140 0671001795 0312983867 0312990456 0312265840 0312306326 0312983271 031298328X 0312983301
195188,014025448X 0446672211 0140254544 0842329218 0140257934 067976402X 0060502258 0671510053 0842329242 0842329250
195198,0439139600 0439139597 043935806X 0439136350 0439064864 0590353403 0440211263 0446608955 0060928336 0385504209
195247,0552137030 0552131059 0552128481 0099771519 0552131075 0330332775 0590660543 0552996009 0552134627 0349101779
195250,0312278586 0385336179 0140293248 0743418174 0312291639 044023722X 0385730586 0060096195 0060928336 0446670251
195321,0156027321 0316776963 0375725784 0312195516 0060938455 039592720X 0316779423 0375703861 006000438X 034536676X
195322,0375727345 0316666343 0142000205 0385265700 0380730138 0316284955 038533334X 0316601950 067976402X 0060934417
195342,0679746048 0385335881 0060976845 0452269571 0439136369 0439064872 0971880107 0060928336 0375706771 0385336179
195374,043935806X 0439064864 0590353403 0439064872 002542730X 0553258001 0140067477 0345361792 0439136369 0439139600
195386,044023722X 0440241073 0440234743 0440241537 0440225701 0345417623 0440221471 0671027360 0061015725 0385504209
195416,0316666343 0385503822 044023722X 0385504209 0385508042 0385505833 0440241073 0446607657 0345339703 0066214122
195430,0375726403 8408043641 0385492081 8433969978 8432206407 0684874350 0399144463 0553274503 8420441708 0440224675
195435,0590353403 043935806X 0439139600 0380977788 0345417623 0439064864 0060958022 0425155404 0439139597 0345391055
195455,0439139597 0140067477 0439136350 0439064864 0380002930 0590353403 0440498058 0440998050 0842329129 059035342X
195465,0316284955 0440206154 068484267X 0684872153 0060392452 0060938455 0316666343 0446672211 0553569910 0060934913
195469,0385504209 0451526341 0316666343 0553296981 0316769487 0140067477 0399501487 0385484518 0385486804 0684874350
195488,0156027321 0385492081 0440414806 0441172717 0140042598 0425152251 0553375407 0345348109 0399501487 0679745203
195524,0345413350 0440204887 0441172717 0316776963 0062502182 0380789019 0060392452 0385484518 0671003755 0345413369
195655,0747551006 0099245027 0446606812 0747546290 044023722X 0316096199 0451204530 0747538484 0345404793 0747532745
195694,0345313860 0345337662 0345351525 0061009059 0441001971 0441000916 0441003745 0060987103 0345409671 034538475X
195714,8408043641 8445071416 8433969978 038082101X 068484477X 8478884955 8477204055 0312924585 8420616893 0812550706
195716,2253063339 2253150711 2253044903 2070408507 2070360024 2266023039 2253057843 2290311782 2205054252 2253005274
195770,0060928336 0345337662 0140298479 0345351525 0385335482 0060976845 0446672211 0345384466 034538475X 0316601950
195904,0446672211 0425167313 0446605239 044651862X 0679781587 0425162443 0345361792 0375727345 0439136350 0439064864
195943,0804106304 0345368932 0380789019 0345434692 0345253736 0345339495 0345368991 0345413350 0345362861 034529873X
195965,0385503822 0316969680 0385490992 0316666009 0316693006 0385508042 0385511612 0316693200 0316693251 0316693235
196006,044023722X 0060928336 0316284955 0142001740 0452282152 0679781587 0060930535 0312291639 0345337662 0385474016
196018,0345353145 034540288X 044022165X 0440213525 044021145X 0345378490 0440214041 0345391055 0440211727 0440220602
196031,0345337662 0441569595 0380789019 0375725784 034538475X 0345397819 0345351525 0330367358 0452282152 0449212602
196047,0316601950 0440224764 0440214041 0446672211 044022165X 0671021001 0060976845 0440221471 0440234743 0440213525
196050,0671027387 0312282990 0449005615 0385486804 0385492081 067976402X 0671510053 0449907481 0060392452 0525947647
196052,0671027360 0440241537 0312995423 0440241073 059035342X 0142001740 0439136369 0439139597 0671027387 0156027321
196053,0380789019 0451163966 0345342968 0451524934 0425152251 0380002930 0060929871 0380977788 0451526341 0441003257
196054,0446611212 0671027360 0446610038 0425182878 0345387651 0446364193 0446611778 0449003795 0446604666 0312995423
196055,0684874350 0375705856 0553268880 0060928336 0385512104 0061009059 0312282990 0312291639 0553250531 0316776963
196066,0440222656 014025448X 0060930535 0446672211 0140254544 0375727345 044021145X 0375706771 0446394521 0385484518
196077,0385335482 059035342X 0385335881 0743418174 0385722206 0061009059 0449221482 0060934417 0142001430 014029628X
196085,068484477X 0425162443 0515131229 0515126772 0060976845 0515128554 0060915544 0060959037 0515128546 0446608955
196099,0060928336 0446672211 0316601950 0316284955 0440226430 0316666343 0060976845 0312195516 0140293248 0671021001
196106,051513287X 0515128546 0515128554 0515131229 0515126772 0515132020 0373484410 051512608X 051512317X 0440221471
196108,0836204387 0836217691 0836218620 0836218787 0836218051 067976402X 0836218833 0836218523 0836217357 0316107417
196113,0441569595 0380789019 0375725784 0380789035 0345342968 0446604666 0671510053 067976402X 0316777730 0670894605
196129,0345370775 0312924585 0060976845 044021145X 0060502258 0553250426 0684801523 0345351525 0064400557 0440211727
196137,0446610038 044023722X 0312980140 0380731851 0061009059 0312966091 0312966970 0061015725 0446612790 0440236673
196146,0312924585 0375707972 0345378482 0330332775 0060392452 0684872153 0552996009 0446532231 0345387651 0345402871
196148,0316601950 0060976845 0836218523 0836218051 0836217357 0316107018 0375706771 0316107387 0316103098 0316776963
196149,0060928336 0345337662 0440211727 0440206154 0060976845 0345369947 0446670251 0440224675 0451169530 0316096199
196160,0446310786 067102423X 0451156609 0451172817 0345339703 0345348036 0345427653 0525941908 0345316509 0380789035
196191,0552124753 0552131067 0552131059 0552145424 0345339711 0345339738 0552137030 0552140295 0552134651 0552134643
196228,059035342X 0439064872 0385504209 0316666343 043935806X 0439136369 0439139597 0439136350 0312195516 0452282152
196253,0312966091 0142001740 0060928336 0060938455 0312966970 0679781587 0060959037 0440211727 0312971346 0671617028
196261,2253063339 0804106304 0345387651 2253044903 0452282152 2253152846 2266023039 2290311782 0440226430 2070408507
196282,0345337662 0345313860 0345351525 034538475X 0440220602 034540288X 0440214041 0345370775 0440211727 044021145X
196284,0316666343 0060958022 0553250531 0312274920 0060928336 0385512104 0552998486 0316776963 0099771519 0553273914
196317,0156027321 0142001740 0385504209 044023722X 0060934417 0312195516 0312305060 0060930535 0060959037 0452283205
196396,0446672211 0375706771 0316601950 0062502182 0312278586 038533334X 0671003755 0316666009 0385335881 044651652X
196443,014025448X 0399144463 006016848X 0446677450 0385472951 067169507X 0385424736 0385508042 0156012197 0316777722
196457,0375707972 0679429220 014028009X 0385335482 0440226104 0446605239 0060977493 038079487X 0140298479 0060987529
196466,0316601950 0671003755 0385484518 0140293248 0060976845 0679781587 0060959037 0375726403 0312278586 0684872153
196492,0385504209 0679781587 044023722X 0399149155 0375703861 0345413903 0671027360 0440241537 006101351X 0330332775
196493,3442541751 3150000017 3423201509 3492045170 3423202327 3426029553 3257229534 0451156609 325722575X 3423202947
196502,044651652X 0440226430 0345369947 014028009X 0446606189 0345313860 0345337662 0440204887 0446601241 0446607657
196523,2253063339 2253150711 2070360024 2253044903 2266023039 2205054252 2253057843 2290311782 2070408507 2253005274
196598,0425180964 0441569595 0671041789 0345417623 0553262505 0671004107 0451169530 0441003257 0441172717 0399501487
196620,044651652X 0316601950 0385484518 0140298479 0679746048 0451166582 0140185216 0316777722 0142004235 0441172717
196621,0385504209 0446611212 0440221471 0452282152 0440234743 0440241073 0671027360 034540288X 0451207521 0061015725
196656,0385504209 0312305060 0312195516 2253063339 0142001740 0156027321 0441569595 0375725784 2253150711 0425152251
196702,067976402X 0446672211 0312195516 0380002930 0446610038 034536676X 0394223802 0345361792 059035342X 0312243022
196709,0440221595 0425152251 0440235596 0316666343 0451524934 0399501487 0385424728 0440207770 044021145X 0440213525
196728,0804106304 0345387651 0553272535 0060512806 0312282990 0151008116 0449211479 0375725784 0425180964 0449213447
196738,0345380371 0440224675 0425170349 0440234743 0345391055 0440225701 0345417623 0425109720 0345378490 0425155404
196775,006101351X 0399143947 0671027360 0679429220 0385424736 0385504209 0684874350 0142001740 0385472943 0385490992
196812,0440213525 0440234743 0345380371 0440214041 059035342X 0345370775 0345353145 0345391055 0345417623 044022165X
196821,0060502258 0515132020 0099771519 0385479565 0515131229 0070212570 0380977788 0552137030 0553572997 0345314255
196846,3442541751 3150000017 3492045170 3423202327 3423201509 3423202947 3257229534 325722575X 3426029553 3442092981
196857,0316769487 0399501487 0345342968 0451169530 0380789035 0451160525 0451156609 0440180295 0441790348 0451169514
196886,0446607657 0446612790 0316601950 0446606189 0316693006 0446608815 0446364193 0446604801 0446609404 0446601241
196891,0375727345 0316601950 0316780375 0345439104 0060921145 0316899984 0452282829 0142000205 0060959037 0385265700
196898,3442541751 3492045170 3150000017 3423201509 3423202327 325722575X 3426029553 3423202947 3257229534 3442092981
196930,0684801523 0060930535 0679781587 068484477X 0440225701 067976402X 0684872153 0440211727 0060391626 0684865742
197000,0316601950 0440224675 0060928336 0440226104 0312195516 0141000198 014028009X 0449212602 0452269571 0060921145
197012,0553296981 0553280414 0451526341 0380012863 0440213525 0590353403 0684801523 0451172817 0553213148 0140177396
197130,0312966091 0312966970 059035342X 0312976275 0439064872 0312971346 0061009059 0671001795 0312306326 0312983867
197189,0060392452 0060938455 0451524934 044022165X 0316769487 0316666343 0451526341 0553277472 0671021001 0345370775
197206,0446672211 0375727345 0142000205 0375706771 0375707972 067976402X 0142001740 0060959037 0375702709 0375700757
197207,0451526341 0451524934 0099771519 0440180295 0609804138 0552137030 0441569595 0446532231 0345351525 0140620222
197293,0060976845 0060921145 0671003755 0553279378 0446672211 0316666343 068484477X 0060987103 044023722X 0345337662
197304,0140293248 006101351X 014028009X 880781210X 0060502258 8845215989 8806143042 8806166484 0385335482 8845237303
197364,0446310786 0671617028 0316769487 0312195516 0380002930 0060928336 0553279912 0671021001 0440241073 0451526341
197410,0060928336 0099771519 0385335482 0316666343 0446670251 0142001430 0385504209 0316096199 0156027321 038572179X
197424,0842332251 0439064872 0786868716 084232920X 0440222656 0842329285 0316666343 0842329161 0345370775 0310205719
197425,0385335482 0140298479 0099771519 0060928336 0425152251 0385335881 0140293248 0156027321 0679746048 0316666343
197427,0140293248 0385335482 0060502258 006101351X 014028009X 0385335881 0449003787 880781210X 8845215989 8806143042
197434,8408043641 8432206407 8445071416 8433969978 0151008116 8478884955 8477204055 8420616893 8478886451 8478884459
197464,3442541751 3150000017 3492045170 3423202327 3423201509 3257229534 3423202947 325722575X 3426029553 3257227809
197489,0060928336 0671021001 0449219364 0743418174 0440224764 0440226430 0449221482 0679746048 0971880107 0446672211
197502,0316601950 0345361792 0060930535 0140298479 0452282829 0375725784 0375706771 038572179X 0440206154 0375727345
197529,002542730X 0451524934 0399501487 0316666343 0028604199 0451526341 0062502182 0345370775 0060929871 0345339681
197548,0380814803 059035342X 0380753006 0380899825 0380762595 0671744216 0380750872 0380756293 0380756269 0380762587
197550,0345314255 0671656155 0553572997 0440213320 0345350499 0061054909 0375725784 0743227441 0345335651 0345335511
197609,051513287X 0515131229 0515128554 0515128546 0515132020 051512608X 0515126772 0373218192 0515135062 0373484003
197659,0385424736 0446394521 0060987103 0385199570 0425143325 0385324057 0553572997 0399501487 0375706771 0385490992
197664,044022165X 0440221471 044021145X 0440214041 0440224764 0440213525 0440211727 0440234743 0345353145 0345391055
197687,0440212561 0440414806 0786868716 0316769487 0440222656 044021145X 0156027321 0446605239 0440998050 006016848X
197688,0671021001 0345387651 059035342X 067102423X 0385479565 0451526341 0345391055 0312924585 0425182908 0060976845
197727,0446310786 0316666343 0060928336 0385484518 0440226430 0070212570 0345361792 0671021001 0446605239 0380018179
197728,0451166892 044023722X 0671027360 0066214122 0440241073 0316777730 0446604666 0061015725 0345402871 042510107X
197775,0345337662 0345351525 0345313860 034538475X 0345384466 0679746048 0399501487 0345370775 0060928336 014028009X
197866,0553296981 0345370775 0842329218 0842329129 0060930535 0380002930 0446605239 0064471101 0842329242 0842329250
197913,0375725784 0385722206 0060977493 0312195516 0679746048 0156007754 0312282990 039592720X 0316777730 038079487X
197939,0316601950 0142001740 0345361792 0375727345 0375706771 0060930535 0312966970 0385484518 0061009059 0312980140
197942,0446310786 0142000205 0375727345 0060502258 0375707972 0375706771 0375725784 0380730138 0316769487 0671021001
197961,0385503822 0375727345 038550120X 0385490992 0452282829 0446610399 0446672211 0385511612 0142004235 0451202341
197997,0553580221 0425128164 0553582747 0345384369 0345353145 0425142485 042513525X 0553580191 0345378490 0425124347
198011,0440225701 0440211727 0385504209 0440221471 042510107X 0425109720 0440234743 0440236673 0345380371 0440220602
198012,0446672211 0553279912 0060916508 0671001795 0679751521 0399501487 0440498058 0553268880 0671617028 0060928336
198046,0156027321 0312305060 0385504209 0142001740 0385722206 044023722X 0679781587 0440241073 067976402X 0446672211
198114,0375726403 0316666343 0316096199 014028009X 0142001740 0316776963 038550926X 0385504209 0151008116 0385335482
198147,0345443284 0316284955 0060930535 0060928336 0345378490 0380001411 0553296981 0553274295 0385505833 0440224624
198165,0140293248 0525947647 0060392452 0671510053 0380789019 0553582747 0316666343 0679429220 0312983271 0553580221
198177,0316769487 0060987529 0380789019 0345370775 0671004107 0345353145 0451169530 0156027321 0380789035 0441172717
198185,0099771519 0552998001 0156027321 0552137030 0385486804 000649840X 0140071814 0552546933 0330332775 0552996009
198189,0316782505 0345446860 0375700757 0553250531 0345348036 0440220424 0446310786 0316781266 0552128481 0552131067
198213,0316666343 0671003755 0385484518 0312195516 0140293248 0345384466 0345337662 0375706771 0316601950 044022103X
198216,0812548051 0345314255 0345339681 0345335511 0345337662 0345335708 0345339711 0345339703 0345339738 0345285549
198243,8408043641 0679723161 8433969978 0345391802 8445071416 8432206407 0316769487 0451524934 0312924585 0553274503
198295,0316284955 0312278586 0312195516 0316096199 0671021001 0679781587 0316601950 0446672211 0385504209 0060928336
198302,0743418174 0385722206 0452282152 0312195516 0156027321 0375725784 0312305060 0142001430 0151008116 0142001740
198331,0446605239 0312305060 0786868716 0446608955 0440226104 0385484518 0553279378 031242227X 0440217547 044023722X
198355,0446612790 0446611212 0446607657 0440241537 034541389X 0399150897 0671027360 0385504209 0060930535 0671004530
198389,0375727345 0452282829 0316899984 0385505833 0060502258 0385265700 0316769487 0446310786 0553279378 0380730138
198408,2253063339 2253150711 2253044903 2070360024 2266023039 2290311782 2253057843 2205054252 2070408507 2253005274
198464,0553573926 0345378482 0060928336 006101351X 034540288X 0553296981 0553260111 0345402871 0345353145 0446519138
198480,0440226430 0440235596 0312278586 0140293248 014028009X 880781210X 8845915700 0446611085 0142000205 0451203771
198483,042513525X 0553580221 0425107469 044021145X 0345386108 0440224764 0553580191 0440241073 0440214041 0345337662
198507,0385504209 0316666343 0440226430 0385503822 0316096199 0385490992 0385508042 0385511612 0385505833 0385484518
198515,0330332775 0330367358 0446606812 0099279274 0446610399 0330375253 0671727796 0330267388 0552996009 0749397543
198547,0140042598 0451526341 0316096199 0385492081 0385335881 0449219364 0316569321 0679746048 0060096195 0373250142
198557,0385504209 0385511612 0316666343 0316969680 0399150897 0385503822 0553582755 0553582747 0316603570 0316602906
198612,0671027360 0425180638 0345413903 0380731851 0446611638 0380730847 0375725784 006101351X 0345452569 044661162X
198621,0140067477 0380789019 0380789035 0142002267 0553375407 044900371X 0375725784 002542730X 0345384466 0446532231
198692,067976402X 0446672211 0385492081 0679429220 0671021001 0345439104 0345361792 0140293248 068484477X 0061097314
198699,0385722206 0142001740 0375727345 0312305060 0449911519 0312422156 038533334X 067976402X 0449005615 0060958022
198711,0439139597 0439136350 0439064864 0439136369 0671027360 0590353403 0439139600 0439064872 0385504209 059035342X
198726,0142001740 0440222656 0385504209 014025448X 0446611867 0060930535 0375726403 0743418174 0440236703 0060938455
198755,0312265859 0671001795 0375706771 0684872153 0316601950 0446672211 0684865742 0312966091 0688177751 044661193X
198760,0452282152 0385720106 0142001740 0060915544 0060934417 068484477X 0312195516 067976402X 0060987103 0452282829
198767,0440211727 044021145X 0440236673 0060928336 0345353145 0440224764 0440220602 0440234743 0440221471 0061015725
198776,0385492081 0452282152 0440241073 0060920084 0446603422 0380789035 044661193X 059035342X 0060928336 0345361792
198781,0671027360 0316666343 0679781587 0156027321 0312195516 0060930535 0452283205 0375725784 043935806X 0142001740
198784,0345465083 0440221595 0441790348 0142004235 0316776963 0515095826 0316777722 0312291639 0441172717 0064400557
198790,0399501487 0142001430 0451169530 0140298479 0060930535 0380012863 038550120X 0345465083 0375700757 0385486804
198822,0671041789 0312278586 0060976845 0451172817 059035342X 0767905385 0345387651 0451177096 0451526341 0451156609
198840,0451524934 0446310786 0345370775 0345342968 0060502258 0345313860 0684801523 0060929871 0345351525 0451191145
198842,3442541751 3150000017 3492045170 3423202327 3423201509 3423202947 3257229534 325722575X 3426029553 3257227809
198880,0330332775 0552996009 0099771519 0552124753 0552137030 0316666343 0330367358 0312274920 000649840X 0552999458
198930,0375725784 0060502258 0446532231 059035342X 0345384466 0060987103 0440206154 0679429220 043935806X 0671027360
198937,0446310786 0553213148 059035342X 055321313X 0345342968 0064400557 0440498058 0440404193 0394820371 0553213180
198969,0385512104 0345361792 0684872153 0375707972 0449212602 0060938455 0380789019 0062502182 0316769487 0671727796
198982,0099771519 0349101779 0552996181 0330332775 000649840X 0590660543 0552137030 0552998486 0140620109 0156027321
198983,0684872153 059035342X 067976402X 0515128554 0515126772 0380814803 0671744216 0515124214 0373218397 0060928336
198996,0312195516 0060928336 0060930535 0316666343 0316601950 0452282152 0375702709 0446672211 0385504209 0345443284
199016,0446610038 0061009059 0312966970 0446611212 0312980140 0446601241 0312971346 0446612790 0446364193 0446604801
199025,0440220602 0060976845 0449212602 044021145X 0679781587 0553279912 0440214041 0345342968 0345361792 0440234743
199041,0452282152 0060976845 0671027360 0316776963 0060928336 0156027321 0345361792 0380002930 0316601950 0060930535
199075,0316769487 0552124753 0552131067 0552131075 0552128481 0552134627 0552134619 0552131059 0552140295 0552134643
199082,0060938455 0142001740 0060930535 0515134384 0671027360 006016848X 0767900383 0451204956 0441008534 0515136557
199092,0060502258 0380002930 0060934417 0316769487 0099771519 0316776963 0971880107 0312291639 034536676X 0553572997
199095,0345353145 0553582747 0446607657 0440241073 0440236673 0345378490 0345417623 0786868716 0440221471 0345391055
199167,2253063339 2253150711 2253044903 2070360024 2290311782 2266023039 2205054252 2070408507 2253057843 2226135022
199178,0312305060 067976402X 0060930535 0142001740 0679781587 0446310786 0060959037 0684801523 0385722206 0452282152
199180,2253063339 2253150711 2253044903 0140620338 2253057843 2253152846 0099771519 2266023039 2205054252 2253005274
199209,0439136369 0345339703 0345339738 059035342X 0316666343 0345339711 0439139600 0385484518 0345342968 0439139597
199219,0446672211 059035342X 0440211263 0671021001 0312278586 0440222656 0446605239 0452282152 0312195516 0440241073
199336,0345342968 0316769487 0345391802 0060502258 0440998050 0671027344 0446310786 0345337662 0553572997 002542730X
199353,0425109720 0425116840 0425180964 042510107X 0345313860 0425170349 0425150143 034538475X 0425143325 0425147584
199357,0380789019 0441790348 0345348036 0671004107 0345417623 0066214122 0425143325 0553560735 0441569595 0380789035
199359,0060928336 0385504209 0452282829 0316601950 0312195516 0060959037 0142001740 0345443284 0316899984 0375707972
199365,0385504209 0345417623 0316666343 0679444815 0671027360 0671027387 0380789019 0345402871 0380789035 0440206154
199370,2253063339 2253150711 2253044903 2266023039 2070360024 2290311782 2205054252 2253057843 2253152846 2070408507
199384,0312195516 0452282152 0375705856 0375700757 0375702709 0671003755 0316666343 0312282990 0375726403 0345443284
199416,0316666343 0679781587 0345417623 0375413634 0380731851 0385503822 0399145087 0316693006 0316603570 0316603287
199431,059035342X 0439064872 0345342968 0553296981 0684801523 043936213X 0345339681 0553274295 0439136369 0440998050
199491,0440234743 0385504209 0060930535 0375727345 067976402X 0671027360 0399501487 0312195516 0385492081 0452282152
199494,0060959037 0452282829 0345424719 0452282152 0385265700 0446672211 0060928336 0375706771 0060175400 0452264464
199510,0316666343 0070212570 0679457526 0440215625 0060915544 0156027321 0449002411 0671003755 0446611808 0385265700
199515,0345380371 0553572997 0345384466 0446607657 0345369947 0446364193 0440206154 0440224675 0446601241 0440220602
199562,0385335482 0743418174 0140293248 0385335881 0385336179 0385730586 0060096195 038550926X 0312291639 0440226430
199566,0451169530 0451156609 0553273914 0451172817 0449002632 006101351X 0553574574 0345427637 0345369947 0671708635
199572,0345339703 0446310786 0440404193 0345339711 0345339738 0380814021 014131088X 0440220653 0345339681 0440414806
199590,0060928336 0671021001 0971880107 0446671002 0375727345 0440204887 0140280553 0064471063 0064471047 0345350499
199640,0385492081 044021145X 0449003795 0553272535 0446611867 0061098795 0449223604 0425178102 0380727501 0446606189
199764,0316601950 0375707972 0060930535 0060928336 038079487X 0140293248 0446611867 0671003755 0446672211 0375700757
199772,0440414806 0440226104 0385486804 0385335881 0380002930 0440236673 0070212570 0679781587 0449005615 0679734775
199795,0671027360 0061009059 0425177173 0671027387 0446667900 0446611913 0312995423 0440224705 068484477X 0671042262
199809,0345342968 0679781587 0440206154 0345361792 0345350499 0316284955 0316666343 0060502258 0060959037 0316769487
199827,0385504209 044023722X 0679781587 0060928336 0316284955 0446605239 0385474016 014028009X 0375725784 0140293248
199841,0060928336 044023722X 0316284955 0679781587 0060959037 0446605239 014028009X 0452282152 0375703055 0060976845
199857,0399147195 0439139597 0439064864 0439136350 0345387651 043935806X 0553802496 0590353403 0671510053 0345452550
199864,0446672211 0345443284 0312195516 0316284955 0679429220 0375706771 0060930535 0060928336 0060959037 0375707972
199871,0316777730 0316769487 0380789019 0440241537 0060987103 0064407667 0446532231 0380789035 0375725784 0446607657
199898,0552124753 0553572997 0140620338 0425152251 059035342X 0440211727 0552137030 0140620184 0679723161 0330262130
199901,0385510438 0385504209 0385511612 0316603570 0385508042 0316603287 0316693006 0316602906 0399150439 0446605239
199928,0345352661 0812551478 0375700757 0446516538 0553573403 0553572997 0345347536 0380002930 0812513738 0345358805
199981,044022425X 0060915544 044021145X 0743227441 0425152251 0553268880 0553572997 0440226104 038542017X 0060928336
200009,0375707972 0316769487 0375706771 0452269571 0440226104 0060928336 0385720106 044021145X 0380002930 0446672211
200093,0330332775 0099771519 0449212602 0449223612 0345384466 0345337662 0552124753 0345397819 0345351525 034538475X
200188,014025448X 0312195516 0842329218 0375727345 0345443284 0375703055 0312265840 0385508042 0316969680 0312966970
200196,0316969680 0385508042 0385510438 0399149155 0385503822 0316693006 0440241073 0440241537 0316666343 0385504209
200206,0446604844 0375707972 0385504209 0449003795 0440234743 0425182878 0440241073 0375700757 0316601950 0446607711
200213,0385504209 0142001740 0316666343 0156027321 0385722206 059035342X 0060976845 0345339703 0312195516 0345339681
200226,0671038184 0440221595 0375506039 0553268880 0446672211 0446606812 0345443284 0515133973 0553250426 0440207770
200233,0399145672 0440940001 0064407667 0375726403 0590353403 0345438329 0156027321 0553274295 0385493800 039480001X
200238,067976402X 0671003755 0446601241 0446606812 0060976845 0679781587 0312924585 068484477X 0060987561 0345339703
200245,044021145X 0140257934 0385492081 0345391055 034540288X 0345370775 0345342968 0440241073 044022165X 0440234743
200248,0440224764 0440220602 0440241537 044022165X 0440236673 0142001740 0553260111 0440211727 0440241073 044023722X
200250,0316601950 0375727345 0446672211 0142000205 0385265700 0452282829 0671038184 0060959037 0060987561 038533334X
200252,0515136379 0515136530 0373218966 0373218397 0373218192 0515135062 0446613436 0515128554 051513628X 0451207947
200300,0451526341 0312966970 0312966091 0671001795 0679745203 0399144463 0312976275 0140254544 0061009059 0451524934
200315,0553572997 0385504209 0553208845 0553268880 0451524934 0375706771 0316601950 0385484518 0316569321 0446310786
200323,0385484518 044021145X 0345339703 0446310786 0440221471 0345339738 0440998050 0345342968 0380012863 0553296981
200394,0671038184 0399148027 0385475721 0375502238 0671510053 0375412530 0375412824 0345438329 0060976845 0375726403
200402,0316666343 0385504209 0671027360 044023722X 0142001740 0679781587 0440241073 0312195516 0440241537 0345413903
200408,2253063339 2253150711 2253044903 2266023039 2290311782 2070360024 2205054252 2253057843 2070408507 2253005274
200422,0385504209 0316666343 0312291639 0515130389 0345417623 0312995423 0446612545 0671004530 0440234743 0142001740
200493,0385504209 044023722X 0385508042 0385511612 0316693006 0385503822 0345339681 0385424728 0316666009 0446612790
200508,0312195516 0060930535 0446672211 0060976845 0375707972 0440226430 0375706771 0671003755 0316666343 0316601950
200556,0671027360 0156027321 0312995423 0316666343 0060938455 0312263120 0312282990 0440241537 0385511612 0345339703
200557,0440222656 0440221471 044022165X 0440211727 0440214041 0440213525 0385504209 0440226430 0446605239 044023722X
200568,059035342X 0399144463 067976402X 0316666343 0345342968 059045367X 0439136369 059048351X 0375502025 0439064872
200583,0060987103 0345361792 0385486804 0156027321 0142001740 0064407667 0345353145 0385492081 0441003257 0380789035
200585,0451524934 0345339738 0451526341 0060929871 0345348036 0345339711 0345337662 002542730X 0440180295 0140620222
200607,0060976845 0375727345 0316284955 0316601950 0804106304 0060959037 0671021001 0452282829 0440226430 0385484518
200618,0316666343 0066214122 0060392452 0804106304 0151008116 0316284955 0399144463 0553296981 0345443284 0439064872
200631,0099771519 0345337662 0590660543 0345313860 0140298479 0345351525 0452283205 0064471837 0452280621 0330332775
200643,0385504209 0316769487 0312278586 0316777730 0451524934 0446310786 0451163966 038549081X 0316776963 0671027360
200650,0684801523 0679723161 0375707972 0060929871 0060930535 0316769487 0446609404 0060929790 0451191145 0345342968
200674,0440224675 0440224764 0446601241 044022165X 0440206154 0440214041 0440226430 0446604801 0316769487 044651652X
200679,3442541751 3150000017 3492045170 3423202327 3423201509 3257229534 325722575X 3426029553 3423202947 3257227809
200707,067976402X 0380789019 0679781587 0060976845 0679745203 0060977493 0786817070 0552124753 0517149257 0786867647
200772,067976402X 0452282829 044023722X 0060959037 0060930535 038082101X 0452282152 044021145X 0375707972 0316601950
200814,0099771519 0312291639 0060502258 0446310786 0316666343 0385335482 0440211727 0804106304 067102423X 0440226430
200876,0345342968 0671510053 0452264464 0385474547 0553572997 067976402X 0330332775 0140440046 0441569595 0060929871
200918,2253063339 2253150711 2253044903 2070360024 2266023039 2290311782 2253057843 2205054252 2253005274 2070408507
200978,0553296981 0671003755 0446605239 0440206154 0446606812 0316780375 0452264464 006101351X 0451156609 0671041789
200993,0552137030 0552131067 0552128481 0552124753 0552131075 0552131059 0552140295 0552134651 0552134627 0552140287
201017,043935806X 0060987529 0553274295 0070212570 0375705856 0553573136 0060987103 0064407667 0385493800 0140374248
201036,0142001740 0312195516 0060976845 0316601950 0385722206 0312305060 0375726403 0060934417 068484477X 0743418174
201042,0156007754 0316769487 0375700757 0684874350 014023313X 055337933X 0060929790 0140042598 0345368754 0440180295
201058,0440226430 0671011367 0385504209 0312995423 0446603589 0515132020 044651652X 0446606324 051513287X 0446609404
201128,0449005615 0312278586 0316096199 0679731148 0375705856 0060987529 0375725784 0786868716 0060958022 0316666343
201141,0142001740 0156027321 039592720X 0312305060 0452282152 0385490445 0312291639 0449005615 044023722X 0679781587
201154,0553582747 0312995423 0312278586 0446610399 0425144429 0446611867 0345444884 0425153975 0345441036 0786868716
201209,3442541751 3492045170 3423201509 3150000017 3423202327 325722575X 3257229534 3423202947 3426029553 3257227809
201290,0590353403 043935806X 0439139600 0439064864 0684801523 0440225701 0060958022 0439136350 0060929871 0451183665
201323,0316769487 0380789019 0380789035 0671041789 0060987529 0345342968 0441003257 0671027360 0316777730 0060938455
201353,0590494457 0590466194 059045367X 0590483455 0590494465 0399144463 0385504209 0590453653 059035342X 0590568868
201383,0440241073 0345417623 0440234743 0440236673 0316666343 0385503822 0345353145 0312291639 0060987103 0440220602
201404,044651652X 0786881852 0671250671 1558744150 155874262X 0553581554 0553579983 0446610038 1558746161 0670880728
201427,0425169863 0679781587 0380718340 0425147622 0345339681 0425175405 0449219461 0060938455 0440220602 044023722X
201447,0440213525 044021145X 0140293248 0385336179 0385335881 0440226430 0312983824 014028009X 0316284955 0060096195
201470,0330367358 0099771519 0156027321 000649840X 0099747200 0590660543 0552996181 0552998486 0099279274 0552996009
201475,059035342X 0439136369 0312195516 0439139600 043935806X 0385504209 0439139597 0439136350 0439064864 0446608955
201492,0345342968 0060502258 0142001740 0385479565 0345439104 0385492081 0452269571 0312291639 067976402X 0679745203
201519,0060938455 0316777730 0375725784 038550926X 0312278586 0671027360 0385424728 0316776963 0553208845 0670892963
201521,0671695126 0312195516 0316666343 0671695169 0671670689 0671695142 0312291639 0671534718 0671729411 0671534734
201526,0060502258 0553274295 0380002930 0440998050 0440498058 0684801523 0451524934 0684874350 0671003755 0451526341
201532,0375700757 0440211727 0452282152 0375705856 0449213943 0440206154 0553273914 0060934417 0446606812 0446605239
201537,0345378482 0345350499 0345370775 0345335465 0345285549 0439064872 0345339681 0345337662 0609610597 0441569595
201548,3442541751 3150000017 3492045170 3423202327 3423201509 3257229534 325722575X 3426029553 3423202947 3257227809
201557,0312924585 0440224675 0345370775 0345378490 0345353145 0060392452 034540288X 0345380371 0066214122 0345391055
201568,0425175405 044023722X 0425180638 0425154092 0425169863 0380718340 0380718332 0446610038 0380710218 0425158616
201575,0312195516 0446610038 0553280368 0449221490 0446605484 0553280341 055357230X 0671793489 0449221504 0312966970
201579,0375727345 0375400117 0345361792 0385490445 0374199698 0345391802 0679781587 0385498802 0449912558 0385474016
201593,0345361792 067976402X 0385492081 0679745203 006101351X 0345424719 0380789035 0062502182 0375707972 0060930535
201598,0451524934 0446310786 0316769487 0440180295 0060929871 0553296981 0553280414 0399501487 0446606812 0684801523
201634,3442541751 3150000017 3492045170 3423202327 3423201509 325722575X 3257229534 3426029553 3423202947 3257227809
201641,0060928336 0316601950 0440211727 0446672211 0671021001 0316666343 0440214041 0446605239 0452282152 0385504209
201654,0345370775 0345342968 0316666343 043935806X 0345337662 0060934417 0452282152 0452281903 044651652X 0440220653
201657,0142001740 0060976845 0452282152 0312195516 059035342X 0316666343 0671003755 0345384466 0380789035 0439064872
201673,0385486804 0440234743 0671867156 0671867172 0671004573 0671793489 0671004549 044022165X 0671004530 0671568175
201674,0385504209 0671027360 0446610038 0446612790 0515131229 0312966091 0553582747 0312983271 0385510438 0671001795
201677,0142001740 0316601950 0316569321 0385720106 0385484518 0060976845 0375726403 0385722206 0316789089 0440222656
201684,0345417623 0061009059 0312966091 0345370775 055321313X 0312980140 014029628X 0345413350 0312976275 0345348036
201697,0140293248 0385335482 0446672211 0060928336 0316601950 014028009X 0440226430 0060987561 0312291639 0345361792
201714,0446605239 0671021001 0446610399 0399501487 0440211263 0515131229 0440226430 0446394521 0515130389 0440212561
201724,0312291639 0446672211 0060502258 0440234743 0140293248 0446310786 0375727345 0451526341 0156027321 0060928336
201725,0316666343 0142001740 0671027360 0060934417 0312305060 0060930535 0060938455 0385722206 0375726403 0452283205
201742,044651652X 0553578308 0345301110 0679405283 0345446860 0062502182 006099486X 0316693200 0679441018 0451191145
201751,0140067477 0380789035 0316666343 0553296981 0385504209 0345313860 0380789019 0679735771 0671021001 0399501487
201760,0451167317 0451176464 0451169514 0451184963 0451180232 0451169530 0451169522 0451160525 0451137965 0451177096
201763,0345337662 044651652X 0345342968 0440998050 0060915544 034538475X 0345417623 0446672211 0440221471 0440220602
201768,0440214041 0440211727 0345380371 044022165X 044021145X 0440225701 0345391055 0345370775 0316666343 0345353145
201776,0345370775 0440220602 0345380371 0440213525 0440221471 0345417623 0440206154 0425083837 044023722X 0345337662
201783,0439064872 0590353403 059035342X 0439136369 0446310786 0064407667 0439139600 0380002930 0060256656 0140067477
201792,0316666343 0380789019 0345313860 0316284955 0440414806 0345370775 0689710895 0679893105 0380702843 0440235596
201806,3442541751 3150000017 059035342X 3492045170 3423202327 3423201509 3257229534 325722575X 3423202947 3426029553
201829,059035342X 0345370775 0439136369 0345380371 0345378482 0439139600 0345391055 0345339681 034540288X 0446606812
201870,044023722X 0066214122 0345402871 0345370775 0345353145 034540288X 0441172717 0156027321 0440241073 0312924585
201908,0316666343 0399144463 0786881852 0440226104 0140067477 0060928336 0877017883 0671003755 0385484518 0380002930
201923,0385335482 0316666343 0140293248 0316096199 0060928336 0385335881 014028009X 0312291639 0446608955 0440226430
201926,0385492081 0345378482 0345353145 0553272535 0786868716 0156027321 0066214122 0345370775 0385486804 0439064872
201969,0425182908 0446667900 0446611212 0380731851 0440241537 0440236703 0449003795 0345447867 0449223612 034541389X
202000,0440221471 0440211727 044021145X 0440224764 0671004107 044022165X 0425170349 0061015725 0440213525 0425143325
202025,0440211263 0385265700 0142000205 0440226430 0375703063 0064407667 0312278586 0060928336 0671021001 0375727345
202036,0440236053 0345452569 0312966970 0345413903 0385484518 0312265867 0070212570 0312976275 0515131229 0446527033
202040,0446605239 0099771519 0446606812 0142001430 000649840X 0330332775 0671727796 0316096199 0684874350 0552996009
202046,8432206407 8445071416 8433969978 8478884955 8420616893 8477204055 8478886451 8420441708 8401328942 8466307125
202058,0385504209 0312995423 0440241537 0671027387 0060930535 0061015725 0440234743 0312263120 043935806X 0385511612
202063,0385504209 0316666343 0452282152 059035342X 0446605239 002542730X 0142001740 0439064872 0440222656 0345370775
202069,0385504209 0375706771 0440236673 044023722X 0440234743 0385505833 0440225701 0345417623 0312195516 0440213525
202073,0060987103 038572179X 0312282990 0151008116 0142001430 0060987529 0375706771 0425180638 0446532231 0345435249
202127,0316284955 0446672211 0316666343 0446605239 0671021001 0316899984 0070212570 0440213525 0440235596 0385484518
202143,0553572997 0380789019 044022165X 1563890119 0345348036 0930289595 0441003257 0553283685 0064407667 0375707972
202147,044022165X 0440224764 044021145X 0440214041 0440213525 0440211727 0440225701 0440236673 0440234743 0440241073
202173,0671027360 0156027321 043935806X 044651652X 0345339681 0345417623 0671027387 0440241537 0345339738 0345342968
202174,0316601950 0060976845 067976402X 0375727345 0345361792 0671003755 0452282152 0345439104 0142000205 0142001740
202182,0446310786 0345342968 0671003755 0316769487 0440180295 0060915544 0440219078 0399501487 0679746048 0553208845
202195,0446610038 0446612790 0440224764 0553579606 0380718340 0553582526 0425154092 0425175405 0446605484 042516098X
202205,0345413369 0345413377 0380789035 059035342X 0064407675 0380789019 0446310786 0060392452 0440418321 0345339681
202212,0836204387 0836218620 0836218256 0836218221 0836218523 0836218051 0836220889 0060976845 0836218663 0836213122
202213,0446672211 0345443284 0671510053 0671021001 0316284955 0316601950 0440241073 0142000205 0316666343 0060976845
202239,3442541751 3492045170 3150000017 3423201509 3423202327 3426029553 3257229534 325722575X 3423202947 3442092981
202257,0375725784 0385504209 0312421273 0060987103 0375703861 0060930535 0060934417 0060977493 0425172546 0385720955
202269,0385504209 0316666343 0671027360 0345413903 0060392452 0312282990 0380813815 0312421273 0060938455 0385720920
202277,044023722X 0609804138 0312195516 0316601950 0312966091 0312966970 0345438329 014029628X 0375727345 0446670251
202324,0446672211 0671021001 0312195516 0060928336 0452282152 0440226430 0671003755 0060930535 0316666343 0375706771
202346,0316666343 0385504209 0316693006 0060928336 0671021001 0312195516 0375706771 0316603287 0316666009 0316693200
202353,0312195516 0679781587 0446672211 0316666343 0316284955 0385720106 0375707972 0316601950 0446310786 0060921145
202358,0151008116 0060929871 0679723161 0451524934 0316666343 0142001805 0312282990 0441172717 0060977493 0316769487
202381,0312976275 0312966091 0671001795 0312265867 0312265859 0312971346 0312306326 0316603570 0312265840 0385504209
202398,0316096199 0316666343 014028009X 0140293248 0312278586 002542730X 8806143042 0385335482 0743222229 006101351X
202407,0553572997 0446604666 0380789035 0440206154 0375727345 0380727501 0060916508 0385505833 0425143325 0440241413
202447,2253063339 2253150711 2253044903 2070360024 2266023039 2290311782 2253057843 2205054252 2070408507 2253005274
202462,0440214041 044022165X 0425109720 0440211727 0440225701 0425180964 0440234743 0440224764 0345380371 0425143325
202501,3442541751 3150000017 3492045170 3423202327 3423201509 325722575X 3257229534 3426029553 3423202947 3257227809
202532,0515128554 0515126772 0515128546 0515131229 0515132020 0440226430 051512317X 0515121843 0515130389 0373218397
202553,0743418174 0312278586 0385335482 0385730586 0446605239 0385335881 0385335830 0066214122 0060096195 014028009X
202564,0099771519 0330332775 000649840X 0552124753 0552137030 0552996009 0552998486 0091867770 0552996181 0330367358
202706,0670868361 0439139597 0590353403 0439136350 0684867621 0684853515 0670844527 0439064864 0380002930 0670839531
202711,0425107469 0345384369 0425144429 0345384350 0425153975 0425142485 0425121259 0451156609 0425104346 0553580221
202738,0440212561 0440215625 0671027360 043935806X 0385511612 0385508042 0743227441 0446611085 0385510438 0440226104
202742,3442541751 3492045170 3150000017 3423202327 3423201509 3257229534 325722575X 3426029553 3442092981 3257227809
202743,0140293248 0312278586 0440226430 014028009X 8806143042 880781210X 0060502258 006101351X 0385335482 8806166484
202764,0099771519 0330332775 8408043641 0140298479 0375725849 0425152251 0156027321 0671880187 0380977788 0552124753
202885,044021145X 0515102652 0515087122 0515090174 0385479565 0380018179 044651652X 0515132020 042516098X 0515111279
202919,0375707972 0316769487 0345313860 0060930535 0345342968 0312195516 0553296981 0316666343 0553274295 0446672211
202942,0156027321 044023722X 0440241537 0380731851 0446612790 0440241073 0345413903 0142001740 0446610038 0316666343
202963,0316666343 0380002930 0312278586 0316284955 0062502182 0380977788 0449212602 0345384466 0452264464 0671003755
203017,0385484518 0345342968 0399501487 0804106304 0446310786 034540288X 0971880107 0451191145 0345391802 068483376X
203031,0140293248 014028009X 006101351X 880781210X 0385335482 8806143042 8845215989 8806166484 8845237303 0312278586
203044,0312195516 0316776963 014028009X 0375726403 0156007754 0312278586 0449911519 0156027321 0060175966 0380813815
203058,0345342968 0345361792 0345350499 0345313860 0345351525 0679745203 014028009X 0380002930 0553277472 0684801523
203074,0316666343 0345361792 0060976845 0385486804 0553582755 059035342X 044651862X 0380789035 0452282152 0439136350
203075,0316769487 0446310786 0451524934 0451526341 043935806X 059035342X 0140067477 0553277472 0140042598 0553296981
203089,0316569321 0446608955 0439064872 0439136369 067976402X 043935806X 0679745203 0380721643 0446606812 0446394521
203161,0345370775 0345353145 044022165X 0345378482 0345380371 0312924585 0440206154 0440220602 0440221471 044021145X
203213,0316666343 0446672211 0060928336 0385335482 0679781587 0142001740 0060976845 0684872153 0440226430 0312195516
203240,0312195516 0060392452 0060987103 0060959037 0064407667 0060930535 0316776963 0316096199 0345337662 0452282152
203280,0553284789 0553279912 0449219364 0449219461 0553280341 0553280368 0449221512 0449221504 0385335881 0440414806
203379,0316569321 0345361792 0375727345 0446527785 0609610597 0142001740 0060987561 0688170528 031242227X 0375726403
203380,0446394521 0375727345 0380018179 0552137030 0140254544 0385492081 000649840X 0451526341 0515128554 0552124753
203392,0452282152 0060928336 0446672211 0061009059 0142001740 0312966970 0312971346 0312980140 0312966091 0312983867
203401,0446612790 0316666009 0440241073 0385503822 0316602906 0446611212 0316693006 0399150897 0385504209 044023722X
203411,0440221471 0440211727 044022165X 0440213525 0440225701 0440214041 044021145X 0440241073 0440234743 0440220602
203422,0446364193 0446612790 0446606189 044023722X 0446608815 0446604801 0446612545 0440234743 0425180638 0451206525
203441,0345353145 0345378490 0345391055 0345380371 034540288X 0440206154 0312924585 0451156609 0440224675 0451177096
203491,0345342968 0399501487 0451524934 0316769487 0060929871 0684801523 0451526341 0451163966 0140177396 0553208845
203502,059035342X 0439136369 0439064872 0446608955 0446310786 0439136350 043935806X 0439064864 0345370775 0439139600
203506,0316666343 0385335482 0679746048 0140293248 0385335881 0316096199 014028009X 0385504209 0156027321 0060976845
203531,0312278586 0671021001 0316666343 0786881852 0142000205 0440204887 0060502258 0553277472 0316769487 0449212602
203533,0312195516 0060930535 0452269571 0060921145 0385504209 0142001805 0385335482 0312291639 0060977493 0060987103
203542,0385504209 0140298479 0553582763 0312278586 0440998050 0440226430 0141000198 0316096199 0446604666 0671027360
203566,014025448X 0553572997 044651652X 0316569321 0380718340 0345443284 0316969680 0316666009 0070212570 0060930535
203567,0140293248 014028009X 006101351X 880781210X 8845215989 0312422156 0316096199 8806143042 8806166484 8845237303
203598,0316666343 0446672211 0385505833 0312278586 0385511612 0446608955 0440241073 0671021001 0385504209 0385508042
203603,0345417623 0060938455 0060392452 0446532231 0066214122 0380788624 044166251X 0553262505 0380789019 0671021001
203618,0553250426 0553289411 0553280945 0345339681 0345370775 0449212602 0345339738 0345339703 0345339711 0345384466
203621,0440211727 0440220602 0452282152 044022165X 0440214041 044021145X 0440213525 0440226430 044023722X 034540288X
203649,0060938455 0671027360 0385504209 0440206154 0316666343 0345339681 0451524934 044022165X 0316777730 0151008116
203651,0440211727 0439139600 0440241073 0440224764 059035342X 0440214041 0440213525 0446608890 044022165X 0439136369
203742,0060938455 0060930535 0679429220 0375707972 0312195516 0525947647 0441003257 0385492081 0449212602 0060932759
203764,044021145X 0440222656 0440213525 0440214041 0440211727 044022165X 0345417623 0345370775 0440220602 0440221471
203799,0385504209 0425083837 006101351X 0373484410 044021145X 0440224764 0425143325 0515128554 0553296981 051512608X
203805,0515131229 051513287X 0515128546 0515126772 0515128554 0515133973 0515130389 0515121843 051512317X 0515135062
203820,0345361792 0440226430 0140067477 0151008116 0439136350 0684874350 0439064864 0446310786 0375726403 0515131229
203825,3442541751 3492045170 3423202327 325722575X 3257229534 3423201509 3423202947 3426029553 3257227809 3442092981
203844,0380789035 0345361792 0345337662 0451191145 0452282152 0140042598 0671510053 0425083837 067976402X 0553375407
203877,0064407667 059035342X 043935806X 0064407683 0440498058 0440414806 0439139597 014131088X 0440998050 0064405842
203900,0440206154 0345378490 0345370775 0316769487 059035342X 0312924585 0440224675 044021145X 0440226430 0440213525
203910,0446310786 043935806X 0439136350 0439064864 0439139597 0446672211 067976402X 0671027360 0061015725 014131088X
203918,0316666343 0446672211 0446310786 0316769487 0440404193 0446608955 0380814021 0440498058 0316776963 014028009X
203935,0380789019 0671510053 0316284955 0441569595 0345391802 0142000205 0380789035 0553580272 0451166892 0446672211
203973,0142001740 0312305060 0385722206 0385504209 0060392452 0446532231 0452282152 0525947647 0156027321 0671027360
204040,0060987103 0515131229 0345417623 051513287X 0060987529 0515132020 0446610038 0373218400 0373244487 051511779X
204044,0345417623 0385503822 0316666009 0441790348 0786868716 0446679593 0385505833 0446611212 0316693200 0451524934
204115,0345417623 0425170349 042510107X 0425180964 0425147363 0425116840 0312995423 0425143325 0425147584 0425109720
204117,0553271636 0449221482 0553279912 0449219461 0449223612 0553284789 0449219364 0553280341 0553279556 0449221504
204124,3442541751 3150000017 3492045170 3423202327 3257229534 3423201509 325722575X 3423202947 3426029553 3442092981
204141,0446531332 0316666343 002542730X 0345337662 0312278586 044651652X 0440236991 0385508042 0440221315 0345339711
204167,0345353145 0345380371 0345378490 059035342X 043935806X 067976402X 0312983824 0345370775 0380789035 0312983867
204179,0441172717 0345370775 0060987103 0316769487 0441569595 0345338588 0441104029 0451169530 0553375407 0380012863
204205,0671027360 0525947647 0316603570 0385504209 0553802496 0671027387 0553250426 0842329218 0525947299 0345452577
204255,0446672211 0312195516 0345337662 0385484518 0142001740 0060976845 0440236673 0679781587 0316284955 059035342X
204285,0345353145 0345391055 0345378490 0425121259 0345386108 0425128164 0440214041 0451177096 0345370775 0425107469
204311,0060915544 0446310786 0553279378 0440224764 0156528207 0671004107 0679745203 0446604666 0345417623 0312201656
204316,0385504209 0312995423 0345436911 0451403703 0671027360 0440236703 0451197399 0060930535 0451203771 0449003795
204333,0440220602 0440211727 044021145X 0440221471 0440234743 0440214041 0345370775 0440213525 0440224764 0446532231
204359,0679429220 0590353403 0439064864 0439139597 0451526341 0440226430 0064407675 0786881852 0439064872 0446310786
204363,0061009059 0312966091 0312966970 0312980140 0312976275 0671001795 0312265859 0312983271 0312306326 0312265867
204366,0156027321 0375706771 0060928336 0316666343 0316569321 0452260116 0312195516 0375702709 0671003755 0142001430
204377,0452282152 044023722X 0451166892 059035342X 0060930535 0142001740 0345443284 0446607657 0060987103 0452284449
204391,044651652X 0385484518 0316601950 0140298479 0679746048 0451166582 0446310786 0316777722 0140185216 0451163966
204393,0316666343 0312195516 0439064872 059035342X 0385484518 0842329242 0446672211 0446608955 0440226430 0312278586
204448,0385335482 0385336179 0316284955 0060502258 0140293248 0316769487 0446670251 0671021001 043935806X 0446532231
204452,0312291639 0142001740 0060987103 0385722206 0375700757 044023722X 0316769487 0312305060 038079487X 0385335482
204455,0425147622 0425175405 0385508042 0385503822 0399146253 0385497466 0380718340 0425154092 0316693200 0316969680
204457,0316601950 0061009059 0060930535 0312980140 0312265859 0375700757 0385490992 0316569321 0671001795 0312195516
204458,0679781587 0316569321 0142001740 0060930535 0060188731 0312305060 0316789089 0060199652 0060391626 0671003755
204470,0312195516 0316666343 0375726403 0452282152 0060934417 038572179X 0345438329 0375412824 0060930535 0446675059
204474,0446532231 0446611212 0312195516 0446612790 0446610100 0060392452 0425178765 0345413903 0312983271 059035342X
204507,0786881852 0684874350 0385493800 0385484518 0345361792 0060392452 0060987529 043935806X 006101351X 0375707972
204571,055321313X 0440998050 0553213148 0670892963 0440220653 0385730586 0064400557 0553211404 0446605239 0020442203
204591,0515131229 051513287X 0515133973 042518630X 0449212602 0425183971 0515135739 0345370775 0425189031 0515132020
204619,0316666343 0312195516 0156027321 0142001740 0679781587 0671027360 0452282152 0385486804 059035342X 0439136369
204622,0156027321 0142001740 0385484518 0316096199 059035342X 044023722X 0060392452 0316666343 0312195516 0679781587
204660,0312195516 0679781587 0385504209 0316601950 0385484518 0060928336 0316096199 0142001740 0671003755 0786881852
204663,0446310786 0452264464 0385722206 059035342X 037582233X 0553572997 0440498058 0345342968 0671003755 0060959037
204676,0446310786 0316769487 0451524934 0399501487 0440180295 0451526341 0345339711 0345339738 0451191145 0440498058
204696,0385492081 059035342X 0312995423 0439136369 0446604666 0671027387 0425191184 0671027360 0449003795 0345417623
204698,0060928336 0446672211 0316601950 0385504209 0671021001 0060938455 0452282152 0345337662 0679781587 0060959037
204748,0425154092 0425175405 0380718340 0425147622 0425169863 0449221482 0380710218 0425180638 0449219364 0380718332
204790,0446610038 0440220602 044023722X 0446604801 0440211727 0446605484 0446611212 0446607657 0440221471 0385504209
204802,0060930535 0142001805 038079487X 0345438329 0375707972 0316780375 0385335482 0060977493 0446670251 0140293248
204804,0553579606 0425158616 055356451X 0425154092 0553571885 0446611808 0553561618 0553569910 0671867113 0446609404
204813,0156027321 0452282152 0312305060 0399149155 0515136530 0060934417 0375726403 0345438329 0312265867 0515131229
204822,0842329129 0842329218 0842329250 0312195516 0345337662 0439064872 0842329269 0385484518 0316666343 0842329277
204825,3150000017 3423202327 3423201509 325722575X 3423202947 3257229534 3426029553 3442092981 3257227809 3404148665
204844,0440236673 0446672211 0440241073 0316666343 0385484518 0060959037 0312195516 0316601950 0375706771 0440225701
204864,0553572997 0375725784 0446670251 0345350499 0671027360 0375703861 0156007479 0345313860 0425152251 042516098X
204909,0446672211 0141000198 0345384466 044651652X 0140298479 0345443284 0060391626 0671003755 0316601950 0060928336
204929,0385504209 0440236673 0440220602 0440241073 044022165X 0671027360 0440234743 0061015725 044021145X 0440224764
204936,0312291639 0449005615 0060934417 0060987103 0440235596 0452282152 0061009059 0060987529 0385722206 0440414806
204946,0099771519 0060938455 0684874350 0552137030 0060958022 0590660543 0590112899 0330367358 0330332775 0749397543
204949,0743418174 0385504209 0452282152 0316666343 0099747200 080410526X 0446605239 002542730X 0156027321 0399150897
204959,0553250531 0316666343 0553250426 0553289411 0609610597 0553280945 0345417623 0449005615 0517580497 038549081X
204964,0345313860 0345384466 0312278586 034538475X 0446670251 0671003755 0060938455 0345351525 0380002930 0345301110
204968,0440498058 0440487617 0440405483 0064400557 0380714752 0394820371 0345348036 0345339681 0440998050 0553274295
204972,3442541751 3150000017 3492045170 3423202327 3423201509 3257229534 325722575X 3423202947 3426029553 3257227809
204978,0451526341 0060928336 0446310786 0060930187 0375707972 0312291639 0451524934 0060938455 0446672211 0451163966
205037,0345370775 0345353145 0345339738 0345339703 0345378490 0345339711 0345339681 0671021001 0440206154 0446605239
205072,0345353145 0061009059 0553560735 0312966091 0671741454 0671020781 0671733893 0671042394 0671042386 0345417623
205085,0671021001 0312195516 0316601950 0446605239 0316666343 0440226430 0375727345 0060976845 044651652X 0375706771
205145,0312195516 0452282152 0679781587 0060976845 0142001805 0375700757 0312305060 0316601950 0345387651 0385504209
205153,0099771519 0451166892 034540288X 0375406530 0156711427 0451526341 0374199698 0446604801 0316777722 067088300X
205166,0671027360 0156027321 0671027387 0345417623 0312195516 0312263120 044023722X 0440234743 0061015725 0142001805
205179,044021145X 0380002930 0451190491 0312274920 0345389964 0312983824 0440221471 0684801523 0451190521 0451190548
205188,0140254544 0316601950 0140257934 067976402X 0140265686 0385492081 0345361792 0452282152 0140270590 0060976845
205197,0345313860 0345337662 0345384466 0060928336 0316777730 0060938455 0060987529 0345351525 0142001740 0679781587
205226,0743418174 0316666343 0316569321 0316666009 0316096199 0786868716 0743211375 0060391626 0553272535 0671003755
205260,0552124753 0552131067 0552137030 0552145424 0552134627 0552140295 0552134651 0552134643 0552134635 0552134619
205281,0446608955 0385511612 0553296981 0446610399 0385508042 0385505833 0679746048 0446531332 0316666343 0312278586
205285,0375727345 0316601950 0380730138 0060987561 0385505833 0142000205 0060959037 0060928336 0385265700 0142004235
205355,0316666343 0385335482 0316096199 0440226430 0316776963 0142001740 038550926X 0385336179 0670880728 014028009X
205356,0312983271 0440241537 044023722X 0312983867 0312980140 0440241073 0312983298 0312971346 0452282152 0312306326
205360,0671510053 067976402X 038550120X 0446608955 0553279912 0060928336 0385503822 0375400117 0679746048 014028009X
205383,0330332775 0099771519 000649840X 0552998001 0590660543 0552996181 0091867770 0446532231 0552996009 0099279274
205389,0142001740 0385504209 0316969680 0316666343 0375727345 0316693006 0385505833 0385503822 0142000205 0446679593
205426,0316769487 0060987529 043935806X 0440206154 0451188462 0671042858 0451176464 0451167317 0425105334 0439139597
205448,0679781587 0743418174 0804106304 0151008116 044023722X 0553275976 0425154092 0440206154 0440224675 0380018179
205473,0439064872 059035342X 0439139600 0439136369 0312966970 0671001795 044651652X 0312966091 0070212570 0380789035
205483,0385504209 0156027321 0316666343 044023722X 0451524934 044022165X 0151008116 0060929871 0452282152 0440221471
205487,0380002930 002542730X 0375727345 0552124753 0061020648 0552131075 0064472272 0552128481 0413537900 0552134619
205502,0316769487 0446310786 044021145X 0070212570 0684801523 0671003755 0452269571 0345313860 0451524934 0060929871
205503,0380789035 0385722206 0142001740 0385474016 0452282152 0060958022 0380789019 0671510053 0449005615 0671003755
205505,0439136369 059035342X 0553582755 0060987529 0425144429 0553580221 0439064872 0679781587 0316666343 0345337662
205520,0440220602 044021145X 006101351X 0440221471 0345370775 0345402871 0345380371 044651652X 0345353145 0345378482
205538,0440241073 044023722X 0446612790 0446607657 0671027360 0061015725 0425180638 0316096199 0345361792 0446610038
205554,0345339703 0385504209 0345339738 0345370775 0385484518 0345339711 0439064872 059035342X 0439136369 0671027360
205608,0440206154 0451156609 0451167317 0451180232 0671024248 0451191013 0312924585 0060928336 0451166582 0451184963
205634,068484267X 0446606812 0446310786 0440219078 0316666343 0452264464 0446605239 0064400557 0316096199 037582233X
205648,044651652X 0875421180 0345337662 0804106304 0099771519 0385335482 0345384466 0385484518 0875421245 0345350499
205708,3442541751 3492045170 3423201509 3150000017 3257229534 3423202327 3423202947 325722575X 3404148665 3442092981
205728,0345402871 044023722X 0440241073 0446610038 0425182908 0385492081 0440224764 0345391055 0446608262 0446611778
205735,0440226430 043935806X 0316666343 0446310786 044651862X 0439136350 0439064864 039480001X 0440940001 039480029X
205745,0375727345 0345339681 0142004235 014025448X 055321313X 0671027646 0380851180 0679751521 0380756293 0345361792
205765,0312195516 0142001740 0440241073 0316666343 067976402X 0316284955 0679781587 0385504209 0684872153 051513287X
205783,0345339681 0440108268 0345339703 0060976845 0380789035 0345378490 0345417623 0440206154 0312983271 0385505833
205784,0345335465 0345285549 0345347536 0345335708 0345335511 0345339681 0380752859 0679781587 0375725784 0142001805
205804,0312195516 0345337662 0345417623 0553250426 0385504209 0156027321 034538475X 0441569595 0452282152 0142001805
205839,0345380371 0451190491 0451190556 0312924585 0451190564 0345443284 0451190548 0380018179 0451190521 0061009059
205843,0440212561 0425152251 0385335482 0380002930 0446611085 0312278586 0552998486 0671004573 0679781587 0070212570
205867,0385504209 0375725784 0060392452 0671027360 0679746048 0316776963 0385486804 0060976845 0060930535 0446604666
205871,0553375407 0553277472 0671755064 0671250671 0316779423 0345446860 0451191145 0452260116 0140258795 0060987049
205878,0448095017 0385504209 0312305060 0156027321 0679781587 0064407667 006016848X 0142001805 059035342X 0385486804
205909,0446672211 0679781587 0385265700 0375707972 0671021001 0553380095 0060930535 0312195516 0312291639 0385505833
205919,0345313860 0446672211 014028009X 0671510053 0679735771 0380789019 0671003755 0345351525 059035342X 0440235596
205922,0446611212 0446610038 0446607657 0440234743 0446612790 044023722X 0446606189 0446609404 0446364193 0446604801
205939,0451526341 0345342968 0451524934 0446310786 0345370775 0684801523 0440220602 0316769487 0553296981 0060929871
205943,0804106304 044651652X 0385265700 0446310786 0345339703 0425152251 0679781587 0099771519 0142000205 0060391626
205954,0345313860 0345337662 0345351525 0064407667 0060938455 034538475X 0064407675 0064407683 0060928336 0345384466
205963,0671027360 0440241073 0440241537 044023722X 0440236673 0061015725 0440221471 044022165X 0440224764 0425177173
205967,0385510438 0385508042 0316602906 0399150897 0316969680 0385504209 0316693006 0316693200 0316603570 0345452550
205969,0091867770 0330332775 0312195516 0552124753 0552996009 067976402X 0099771519 0330367358 0552131067 0552998486
205977,0446608955 0439064872 0446606812 0439136369 0316666343 0439139600 0440211263 0060928336 0312278586 0671021001
205979,0330332775 0099771519 0552996009 0552137030 0552124753 0330367358 0156027321 0552998486 0552131067 000649840X
205980,0060976845 0061009059 0440226430 0316096199 0060915544 0440221595 0671510053 0385484518 0060392452 068484477X
205992,0671027360 0385504209 0066214122 0385510438 0553802496 0553582747 0316603287 0316603570 0553579754 0440206154
205999,0552998486 0330332775 0099771519 0552996009 0552137030 0590660543 0552998001 0060958022 0552147680 0140265988
206003,0142001430 0156027321 0413537900 1400034779 0452283205 0385722206 0316096199 0316666343 0060932759 0449212602
206013,0385335482 0385335881 0060502258 0743418174 0446605239 0385729340 0312278586 0446606812 0385335830 0060987103
206016,034529873X 0345339495 0345335082 0552124753 0345369335 0345253736 0671721291 0345334310 0345327861 0345316002
206026,0312195516 0375703861 0156027321 059035342X 0060934417 0375726403 0452280621 0380731851 0374199698 0399146431
206042,0316666343 0451176464 0451169514 0451169530 0671041789 0380789035 0375504397 0451180232 0399501487 0451188462
206045,044922046X 055357258X 0553574663 0804106304 0553560247 0345378490 0671510053 0553578316 0345387651 0140293248
206058,0345351525 0345313860 034538475X 0345384466 0345370775 0312195516 0345409671 0449212602 0345378490 0345422384
206074,0156027321 0385504209 0452282152 0440241537 0440414806 0553272535 0553250426 0451169522 0061015725 0060916508
206107,0316601950 0375727345 0679781587 0385265700 0060959037 0060934417 0671003755 0385498802 0452282152 0312291639
206109,0345337662 0345384466 042510107X 0345409671 0425170349 0345397819 0425109720 0425116840 0425143325 0140298479
206160,0449005615 0385498802 0142001740 0316666343 0385722206 067976402X 0679781587 0316776963 044900371X 0385494246
206171,0679781587 0142001740 0061009059 0446610038 044023722X 0385492081 0440241073 0515134384 0449005615 0449003787
206187,0385490445 0399141146 0380754843 0590453653 014025448X 0446603422 034540288X 0446600660 0451190521 0061097853
206202,0380789035 0345339681 0552124753 0552128481 0061020702 0345339711 0552131059 0380002930 0380789019 0345339738
206204,0440211727 044021145X 0440213525 0440214041 0684872153 0440224764 0671769200 0671027360 0671727796 0140293248
206219,0439136369 043935806X 0439064872 0345339711 0345417623 0345339738 0451166892 0440225701 0425180964 0385504209
206249,0345350499 0441000916 0441002935 0441001971 0441005748 0441005241 0441304834 0553573403 0441003745 0441004520
206272,0385504209 0142001805 0156027321 0312195516 0316284955 0375727345 0385484518 0440222656 0142000205 0312305060
206300,0552137030 0099771519 0330332775 0552996009 0590660543 0552131067 0552131059 0330367358 0552128481 0349101779
206301,0312924585 8408043641 8432206407 8445071416 0312291639 0316769487 0345417623 8478884955 8433969978 8420616893
206305,0446672211 0060959037 0385504209 0671003755 044023722X 0385484518 0060934417 0375726403 0142000205 0345443284
206306,0684872153 0316284955 0440226104 0375727345 0671038184 044651652X 0440235596 0385720106 0060928336 0446672211
206375,0440221471 044022165X 0440211727 0440220602 0440214041 0440224764 0440241073 0440234743 0440213525 0440225701
206393,0345342968 0451524934 0316666343 0684801523 0553560735 0553297988 0425080021 0439136369 055329802X 1563890119
206418,0345384466 034538475X 0345351525 0345380371 034540288X 0345370775 0345353145 0345313860 0440221471 0446672211
206423,044023722X 0345417623 0061015725 0440236673 0446611778 0425180638 0425191184 0440241537 0446610038 0345447867
206438,0451172817 0451176464 0451184963 0451180232 0451167317 0451163524 0451156609 0451177096 0451137965 0451524934
206441,3442541751 3150000017 3492045170 3423202327 3423201509 3257229534 325722575X 3426029553 3423202947 3257227809
206475,0385504209 0971880107 0671021001 3442541751 3257229534 3492045170 3423201509 3423202327 3150000017 325722575X
206531,2253063339 2253150711 2253044903 2290311782 2266023039 2070360024 2070408507 2205054252 2253057843 2253005274
206534,0380727501 0671727796 0060915544 002542730X 0679751521 0446604666 0385722206 0440236738 0670805149 0440498058
206563,0449219364 0446672211 0553279912 0449221512 0345380371 0553271636 0449221490 0449221504 0449219461 0440225701
206567,0061009059 0385730586 0060502258 0440211727 0440213525 0385335830 0385335482 0060928336 0385336179 0060987529
206570,0553274295 055321313X 0312195516 0553213172 0316666343 0440498058 0345370775 0671617028 0440998050 0380600129
206573,0142001740 0684872153 0064407667 0061009059 0316777722 0394820371 0060502258 0804106304 031242227X 0060938455
206583,0140293248 0312278586 8806143042 0385335482 0060502258 8845215989 8806166484 0553582747 006101351X 8845237303
206635,0066214122 0316666343 0440211727 0385511612 0345417623 0451166892 0385497466 067976402X 0440220602 0385508042
206652,0385504209 0060928336 0425167313 0446672211 0449219364 0385335881 0440226430 0060391626 0316284955 0425162443
206675,0440498058 0345370775 0064471101 059035342X 0064400557 0440401585 0064471063 0440414806 0440220653 0590353403
206691,042510107X 0425109720 0425143325 0345380371 0425180964 0425170349 0425122123 0440224675 0425083837 0451172817
206693,0345337662 0312924585 0142001740 0345384466 0345313860 0375700757 0312291639 0440206154 0345351525 0345334531
206695,0446672211 043935806X 0440226430 0380002930 0140067477 0385504209 0670880728 044651652X 0345350499 0440241537
206701,0446310786 0679781587 0316769487 0440212561 0375725784 0440215625 0553208845 0440217563 0451163966 0446610038
206709,0385504209 044023722X 0440241073 0440234743 0440241537 0061015725 0312995423 0345417623 0440211727 0671027387
206764,0446605239 0446611867 0446531332 0786868716 0671014196 0515136379 0345438329 0440235162 0375727345 0446608955
206774,0552137030 0099771519 0749397543 0552996009 0330367358 0091867770 000649840X 0099279274 0330332775 0552999458
206775,0330367358 0747546290 0060938455 0316666343 0142000205 0330332775 0590660543 0552996009 0312278586 0552145424
206835,3150000017 3492045170 3423202327 3423201509 3257229534 325722575X 3423202947 3426029553 3257227809 3442092981
206865,2253150711 2253044903 2070360024 2266023039 2290311782 2205054252 2253005274 2070408507 2253152846 2277260029
206877,0385504209 0142001740 0316969680 0316569321 0316601950 0385505833 0385503822 0316693235 0060928336 0142000205
206891,0385484518 006016848X 0446605239 0375725784 0385504209 0446610038 0679781587 0060502258 0380018179 0786881852
206907,0312278586 0060987103 0345313860 0345384466 0316666343 0060502258 0064407667 0452281423 0316769487 034538475X
206932,8408043641 8445071416 8433969978 8478884955 8477204055 8420616893 0312924585 8420441708 8478886451 8420613487
206944,044023722X 0142001740 0060987103 0060959037 0156027321 0375707972 0312278586 0671003755 0316601950 0060976845
206959,0684872153 0316666343 0345339681 0671727796 0316284955 0316899984 0142000205 0671042858 0446672211 0345342968
206972,0345339703 014038572X 0385484518 0446608955 0451526341 0440219078 0439136350 0553274295 0590353403 0439064864
206979,0330332775 0316666343 0452282152 0099771519 0330367358 0375703861 000649840X 0316096199 0375726403 0743418174
207000,0679781587 0446672211 0060938455 006016848X 0312195516 0316284955 0316666343 0345443284 0553250426 0312278586
207003,0446605239 0380789019 0446611867 0380973650 0312980140 0446610399 0140067477 0345413903 0312966970 0671027360
207061,3442541751 3492045170 3423201509 3426029553 3150000017 3423202327 3257229534 325722575X 3423202947 3257227809
207091,3442541751 3492045170 3150000017 3423201509 3423202327 3257229534 3426029553 325722575X 3423202947 3257227809
207095,0316601950 0375707972 0446672211 0060928336 0375727345 0385720106 0142000205 0060976845 0671021001 037570504X
207134,0446672211 0316601950 0060928336 0345443284 0375707972 0312195516 0385720106 0440226430 0060930535 044651652X
207148,0142001740 038079487X 0312291639 0060502258 0385722206 0451203771 0060934417 0140298479 0312195516 014029628X
207152,0439064864 0060976845 0439136369 0439139597 0062502182 0590353403 0812550706 0836218515 0439139600 0552137030
207180,0439136350 0439139597 043935806X 0439064864 0064407667 0451526341 0590353403 014028009X 0385472951 0439136369
207246,0684874350 0345339738 0140293248 0441003257 0679781587 0345339711 0671003755 0451526341 0345342968 0446605239
207251,0375727345 0142000205 0385265700 0449907481 0385505833 0452264464 0316666343 0452282829 0316899984 0671021001
207252,0345370775 0440211263 0312924585 0345337662 044651652X 0060928336 0345378490 0451183665 0142001430 0671693816
207254,0451526341 0441003257 0553296981 0440940001 0064407667 0061009059 0345339703 0345339681 0345339738 0679734775
207259,0440221471 044022165X 0440220602 0446359866 0345402871 0440224764 0440225701 0345380371 0440234743 0440211727
207275,0316666343 0425152251 0375725784 0140293248 0062502182 0385722206 0060977493 0316769487 0446310786 0151008116
207291,0671027360 0156027321 0312195516 0316666343 0060938455 0452282152 0142001740 0452283205 0553280341 0446394521
207339,0316601950 0060976845 0375706771 0385720106 0151008116 0553572997 0385265700 0060928336 0385492081 038572179X
207341,0671027360 0440234743 044021145X 0440241073 0312995423 044022165X 0061015725 0385504209 0440214041 0440224764
207349,051513287X 0515126772 0515131229 0515128554 051513628X 0373484003 0515136530 0515136379 0515127833 0515133973
207350,0385504209 0316666343 0060392452 0060938455 0452282152 0142001740 0345370775 0060928336 0345337662 0446672211
207355,0066214122 0446519138 0316603287 0316693006 0385510438 0385505833 0553801430 0312979096 0345458915 0345339703
207356,014023313X 0375706771 0345391802 0316601950 0060502258 0345361792 0070212570 0316666343 0060976845 0452269571
207384,3442541751 3150000017 3492045170 3423201509 3423202947 3257229534 325722575X 3426029553 3257227809 3442092981
207385,0061009059 0380789035 0446605484 0553262505 0312980140 0142001430 0446605409 0553560735 0446611212 0553573403
207417,0060929871 0440180295 0451524934 0316777730 0345313860 0451163966 0399501487 0451526341 0385720920 0671021001
207450,0373218036 0440226430 0515136530 0373218192 051513628X 0515136379 0452282152 055358264X 0515133418 0373218400
207488,0060502258 0446310786 0380002930 0060929871 0345391802 0679745203 0316769487 0440180295 0451524934 0385492081
207494,0441304834 0441172717 0441003257 0441000916 0441001971 0380789019 0345313860 043935806X 0441005748 0679429220
207499,0380718340 044021145X 0446606189 0425163407 0425175405 0440220602 0425180638 0446607657 0425158616 0425169863
207563,0449005615 0385504209 0142001740 0385722206 0385511612 0312305060 0743418174 0385508042 0060958022 0385510438
207569,0515128554 0515128546 0515126772 0515132020 051511779X 051513287X 0373484410 0425183971 051513628X 0515132187
207570,0316666343 0345417623 0312291639 0345348036 0385505833 0060915544 0553380095 0679745203 0316096199 0312305060
207616,0316666343 0385504209 0385510438 0316666009 0316693006 0385497466 0316602906 0385511612 0399150897 0316603570
207623,3442541751 3150000017 3492045170 3423202327 3423201509 3426029553 3257229534 325722575X 3423202947 3257227809
207636,0375727345 067976402X 0441172717 0451524934 0316776963 0440206154 0142000205 0440180295 0312952716 0449907481
207651,0446605239 0316666343 0446606812 0312278586 0385508042 0345443284 0446310786 0385484518 0385511612 0671027360
207667,0452282152 0060915544 0385722206 0060987103 014029628X 0553572997 0060959037 0060173289 0375705856 068484477X
207669,0099771519 0060502258 0552137030 0385335482 0552998001 0425152251 0156027321 000649840X 0330332775 0316666343
207686,0345313860 0345351525 034538475X 0060928336 0446672211 0345404319 0345397819 0345422384 0345369947 044021145X
207702,0375727345 0316601950 0380730138 0449907481 0060987561 0385265700 0671003755 0345361792 067976402X 014023313X
207721,0316666343 044651652X 0316601950 0140293248 0446672211 0446605239 0743418174 0684872153 0312195516 0679781587
207782,0345337662 044023722X 0316666343 0440211727 044021145X 0440221471 0345339681 0060987529 0440234743 0679781587
207821,0156027321 0425179885 0671003755 0553296981 0441172717 0671027360 0312306326 0448095017 0345350499 0394800168
207825,0345313860 044022165X 0425172546 0440220602 0345351525 0385498802 0345404319 0345337662 0345380371 006016848X
207835,0061009059 0312306326 0312983271 0312966970 0440241537 0385504209 0312971346 0440241073 0156027321 0312983301
207851,0060976845 0316601950 044021145X 0440225701 068484477X 0060916508 0440211727 0440214041 0345380371 067169507X
207860,051513287X 0515131229 0515128554 0515132020 0515126772 0515121843 0373244487 051512317X 0515135062 0373484410
207873,0345339703 0345339738 0345339711 043936213X 0316776963 0316666343 0451524934 0060392452 0446532231 0385484518
207924,0399501487 0679746048 0375727345 0446612545 0345378482 0345378490 038550120X 0440180295 0446611867 0140042598
207926,044022165X 0380731851 0440234743 044023722X 0446604844 0446364193 0061097853 0451207521 0440225701 0440226430
207936,0345335082 0345369335 0345368932 0345339495 0345253736 0345434692 0345314255 034529873X 0345362861 0345368991
207953,0446672211 0671021001 0375706771 0316601950 0440225701 0449212602 0440224764 0062502182 0743418174 042516098X
207958,044022103X 0440226430 0440221595 0440122090 0380018179 0440213290 0440223202 0451203771 0446603589 0446606812
207965,0142001740 0671003755 0375726403 0312291639 0385505833 0345438329 0312305060 014023313X 038533334X 0440226430
207971,0446364193 0425154092 0440226430 0425163407 0440224764 0446604801 0446606189 0553582526 0446611212 0440211727
208009,0345337662 0312195516 0679781587 0345313860 0312282990 0316776963 0140119906 0385504209 0449212602 0060928336
208019,0553572997 0316666343 0345443284 0671527215 0316284955 0316690619 059045370X 0375706771 0671534718 0316693324
208058,0060915544 0553279378 0345342968 0060938455 0064400557 0553272535 0312305060 0440219078 0684801523 0446310786
208059,0425192725 068484267X 0375702709 0449003795 0060938455 043935806X 0380728133 0786881852 0142000205 0451166892
208064,0446610038 044023722X 0060502258 0345447867 038550120X 0446611212 0449003787 0553574663 055357258X 0684872153
208077,0446611867 0515131229 0446605239 0515130389 0515132020 0515128554 051513287X 0515128546 0446608955 0515126772
208085,0452282152 0375700757 0312195516 0375727345 0060928336 0060959037 0316666343 0060930535 0385484518 0060976845
208095,0440224764 0440206154 0312924585 0345417623 0440225701 0440241073 0425154092 044023722X 0446359866 0425175405
208099,0345337662 0345313860 0345351525 0345370775 0385722206 0060928336 0446670251 034538475X 0385504209 039592720X
208112,0440212561 051513628X 0312983271 0515136379 0515136530 0312966970 0440215625 0425157628 0553571885 0446609617
208141,0439136369 0425180638 0060976845 0439139600 014028009X 0345339703 0385505833 0345339711 0446606812 0316969443
208147,0061009059 0671001795 0312966970 0312291639 0312983271 0312976275 0446610399 0380731851 0375706771 0446610038
208236,0316666343 0425107469 0671534718 0671670689 0451153553 0373218192 0553573136 0515135062 0671693816 067164257X
208251,0345342968 0070212570 0446310786 0060502258 0679781587 0385720106 0553274503 0449219364 0671041789 0553280341
208302,0375707972 0440212561 0440215625 0312305060 0451526341 0684801523 0449907481 0312195516 0385505833 043935806X
208367,0316601950 0375707972 0312195516 0452282152 0375706771 0385265700 0060915544 044023722X 0452282829 0804106304
208376,0440241073 0060502258 0060959037 0440226104 0316601950 0425180638 0671003755 044023722X 038533334X 0060928336
208378,0440220602 0440214041 0440224764 044022165X 0440213525 044021145X 0440236673 0440234743 0440241073 0440225701
208382,0312971346 0060928336 0312976275 0425178765 0312966091 0425182908 0440241073 0312966970 0671011367 0449223612
208393,0452282152 0385504209 0156027321 0375707972 0060938455 0312195516 0385722206 039592720X 0142001430 0440222656
208406,0316666343 0345339681 0345339711 0385484518 0439064872 0345337662 0345380371 059035342X 0451526341 0399144463
208410,0552124753 0552128481 0552131075 0099771519 0060938455 0425175405 0590660543 0679746048 0552996009 0552131067
208415,0142001740 0312305060 0375726403 0060934417 0375727345 0312291639 0312195516 0385484518 0312278586 0385722206
208429,0312265867 068484477X 0312265859 0399147195 0316603570 0452264464 0316603287 0399148639 0316154059 0399151451
208450,0446310786 0345342968 0451524934 0060502258 0451526341 0684801523 0399501487 0440180295 0060929871 0375707972
208451,0842329129 0842329250 0842329269 0842329277 0439064872 084232920X 0786868716 0842329161 0316969443 084233226X
208468,0385497466 0385424736 0385490992 0385472951 0385503822 038542471X 0440211727 0385505833 0375504397 0385493800
208481,044023722X 0316666343 0060934417 0385504209 0316096199 0440225701 0345447840 0385505833 0440241073 0446608890
208506,0515128554 0515128546 0515132020 0515130389 0515126772 0515131229 051513287X 0373218192 0515135062 0515121843
208540,0440241073 0449003787 0142001740 0312995423 0060959037 0060987103 0449005615 0345361792 0375705856 0440241537
208555,0064400557 0440414806 055321313X 0440407524 0440498058 0440998050 0380600129 0064471063 0064472272 0064405176
208556,0385504209 0385508042 0316693006 0399150897 0316969680 0385511612 0316603570 0316603287 0316666343 0671027360
208566,0671027360 0440241073 0061015725 0440241537 0385504209 0312995423 0446611611 0446612790 044023722X 0449003795
208568,0345342968 0440998050 0446611212 043935806X 0446310786 0440404193 0446608815 0671027360 0316769487 0671042858
208584,0312278586 0385504209 0316096199 0316969443 0312195516 0316601950 0316969680 0743418174 0446608955 0446672211
208591,0316969680 0385510438 0385511612 0316666343 0316969443 0385504209 0316693006 0688170528 0375727345 038550926X
208600,0345417623 0060502258 0316769487 0345370775 0345353145 044023722X 0345378482 0440206154 0345342968 0345339681
208605,0385335881 0671021001 0312305060 044021145X 044022165X 0385265700 0064407667 0440211263 0385492081 0345370775
208620,0425109720 0425116840 0425180964 0440225701 042510107X 0425170349 0425147584 044021145X 0425107469 0345353145
208622,0385720106 0452282152 0385722206 067976402X 0385486804 0684874350 0060934417 0142001430 0385418493 0060173289
208624,0380789019 059035342X 0439064872 0439136369 044900371X 0441003257 0385492081 0385486804 0345337662 0380813815
208645,0385265700 0446672211 0316601950 0375727345 0312195516 067976402X 0345443284 0316284955 0375706771 0375707972
208648,0312195516 0060928336 0316601950 0671021001 0679429220 0140293248 0679781587 0375706771 0316284955 044651652X
208668,0446610038 0316284955 0385504209 0316666343 0446612790 0515135062 0060934417 0515131229 0440235596 0385486804
208671,0316666343 0553279912 0385484518 0439064872 0449219364 0842329242 0070212570 0440235596 0316969443 0439136369
208674,0385504209 0156027321 0316666343 0312282990 0671027360 0525947647 0151008116 0451524934 0385510438 0060958022
208683,0553271636 0553280341 0553280368 0449003795 0449003787 0449223604 0061009059 0312966091 0671001795 0679781587
208700,0440221471 044021145X 0440220602 0452282152 0440214041 0440224764 0440211727 0316666343 0446672211 014028009X
208715,0345439104 0375700757 0142001740 0385504209 0345443284 0060976845 0452282152 0375707972 0316569321 0440222656
208741,0385335482 0385335881 0312278586 0060096195 0156027321 0385504209 0312291639 0446670251 0671021001 0140293248
208751,0312291639 0679781587 0312195516 0312305060 0375726403 0316666343 0452282152 0375700757 0156027321 0060930535
208756,0684874350 0140293248 0446672211 0590353403 0679781587 0385484518 0380977788 0312278586 0060392452 0671510053
208786,0440998050 0440498058 0385722206 0064471047 0440219078 0440487617 0064472272 0440401585 014131088X 0446365386
208788,0380789035 0316769487 0441569595 0345313860 067976402X 0062502182 0399501487 0060928336 0451191145 0679746048
208791,0440226430 044022165X 0671693816 0441003257 0446310786 0804106304 0151008116 0679745203 0316284955 0679723161
208815,0439139597 0439064864 0439136350 0590353403 0345339681 0316666343 0842332251 084232920X 0440222656 0345342968
208829,0446672211 0671021001 0440225701 0440221471 044021145X 044022165X 0440226430 0375506039 0452282829 0440211727
208861,3442541751 3492045170 3150000017 3423202327 3423201509 3257229534 3426029553 325722575X 3423202947 3257227809
208867,0060502258 0440212561 0399144463 0060938455 067169507X 0385504209 0671524313 0553573136 0385503822 0786881852
208877,0446611212 0449003795 0345413903 0553582747 044023722X 0440241073 0446610038 0440236673 0316284955 0345452569
208897,0446612545 0446611212 0446610038 0440226430 0446612790 0345413903 0671027360 0553584510 0553578022 0671004530
208907,0345337662 0345313860 0316769487 0446532231 0451524934 0679735771 067976402X 0345351525 0451526341 0140042598
208936,0671003755 0385505833 0312291639 0060915544 0452264464 0142001740 0345348036 0446606324 0743237188 0553255762
208960,0452282152 0156027321 0385504209 0060934417 0375727345 0316096199 0375726403 0743418174 0060930535 0385722206
208969,0345313860 0345337662 0345351525 034538475X 0385335482 0060928336 0345404319 0060930535 0446672211 0345422384
209059,0345370775 0345380371 0345417623 034540288X 0345391055 0440206154 044023722X 0345354621 0312924585 0440220602
209085,0671027360 0345413350 0316666343 0553280341 0385504209 0446310786 0451166892 0553578316 0553279912 0440211263
209120,0345339681 0345339703 0812551478 0345339711 0345339738 0345337662 0345314255 0812551486 0765340747 0345370775
209147,0316776963 0385504209 0312195516 0380977788 0553375407 0449212602 0385484518 0060921145 0312282990 0446310786
209148,0743418174 059035342X 0804106304 0140067477 0439064872 0156027321 0842329218 0842329129 0525947647 0440222656
209154,006016848X 059035342X 0786881852 0385484518 0671708635 0060392452 0439064872 0440214041 044022165X 0842329218
209155,014131088X 0440219078 0440498058 059035342X 0440998050 0064472272 0440487617 0452264464 0446310786 037582233X
209156,0671003755 0316601950 0375727345 0375707972 0345439104 0375703055 0060987561 0375703063 014025448X 0380730138
209160,0316769487 0553296981 0446672211 0684801523 0446364193 0375706771 0140177396 0345342968 006016848X 044023722X
209163,0375700757 0142001740 0312305060 0440235596 0440221595 0679781587 0375506039 0671250671 0375705856 0679429220
209174,0446672211 0385335482 0312278586 0060928336 044023722X 0316769487 0060976845 0060930535 014028009X 038079487X
209195,3442541751 3150000017 3492045170 3423202327 3423202947 3423201509 3257229534 3426029553 3257227809 3442092981
209204,0345370775 0316769487 0440224675 0312924585 0060392452 0060502258 0345313860 034540288X 0375725784 0446532231
209220,0385504209 0373218397 0316168815 0142001740 051513225X 0446612790 0671027360 0440998050 0684848783 0373225962
209229,0452282152 0679781587 0385722206 0156027321 0449005615 044023722X 0060502258 0684872153 0671027360 0312305060
209238,051513287X 0515130389 0440226430 0515135062 0373218397 0515132187 0515121843 0312983271 0373484410 0515136530
209262,0439136350 0439064864 0679429220 0590353403 0439139597 0440498058 0060930535 0385482388 0060391626 0060199652
209265,0441002935 0441304834 0441005748 0451456718 0441000916 0441001971 0345350499 0441005241 0441003745 0330367358
209272,0440206154 0312924585 0345370775 059035342X 0439136369 0345380371 0345342968 034540288X 0449006522 0439064872
209313,0515131229 051513287X 0515132020 0515130389 0515126772 0515135062 0515128546 0373218192 0515128554 0515121843
209339,0842329218 0140254544 0440241073 0842329242 0312195516 0380731851 0842329250 0842329129 0842332251 0385505833
209371,0375727345 0446611867 0446605239 0440226430 0446604666 0451203771 0440215625 0553268880 0385335482 0375502238
209373,0440236673 0440234743 044023722X 0440211727 0440206154 0345417623 0451180232 0451156609 0440236703 0451167317
209375,0440224675 0345380371 0312924585 0446604666 0385479565 0060392452 0345353145 034540288X 0440180295 0316769487
209385,0553572997 0312291639 0380002930 0156027321 0385492081 0060502258 0061020710 0449002632 0446610038 0671670689
209389,2253063339 2253150711 2253044903 2266023039 2290311782 2070360024 2253057843 2205054252 2070408507 2253005274
209394,0060928336 0316601950 0375727345 0385720106 0375707972 0142000205 0452282829 0316569321 0061097101 0380730138
209458,0312195516 0060976845 0446672211 0316284955 0385504209 0375706771 0060930535 0140293248 0345337662 0345313860
209464,0345351525 0441790348 0345337662 0380789019 034538475X 0345397819 0451169530 0345413377 0061015725 0064471047
209486,0345339738 0446310786 0142001740 0439064864 0439139597 0439136350 0590353403 0446604666 0553274295 0440998050
209516,0316666343 0312278586 0156027321 0446672211 0330332775 0385512104 0671727796 0099771519 0552999458 0061097314
209536,0345337662 0345351525 0345313860 0316769487 0399501487 0441569595 0451524934 0441790348 0380789035 0449212602
209548,0446672211 0060928336 0375706771 0316666343 0452282152 0060976845 0671021001 0385504209 0060959037 0060930535
209554,0345339703 0345339711 0345339738 0385504209 0060976845 0671027360 0385484518 043935806X 0345325818 059035342X
209559,0064407667 0064407675 0064407683 0440414806 0064407691 0345370775 0064408647 044022165X 0679429220 0064408655
209563,0399144463 0385484518 0446672211 0385472951 0060392452 0385472943 0385493800 0312195516 0316601950 0553213148
209625,034540288X 0345378490 0345353145 0345417623 0312195516 0452282152 0060502258 0345378482 0345380371 0440222656
209631,0060976845 0452282152 0385722206 0385720106 0060987529 0060987103 068484477X 0684872153 067976402X 0440180295
209657,0385504209 0385510438 0399150897 0385511612 0440206154 0671027360 0385508042 0312263120 0316693006 0385337116
209684,0345353145 0425121259 0345386108 0425124347 0345384350 0553580191 042513525X 0345337662 0345384369 0425142485
209685,0385484518 0316096199 059035342X 0439064872 0156027321 0316666343 0385504209 0439136369 0786881852 0553296981
209756,0316666343 0440226430 0060928336 0425167313 0385265700 0446310786 0671021001 0449219364 002542730X 0316284955
209765,0345342968 0060929871 0446310786 0451524934 0140042598 0553572997 0440180295 0425152251 0385474547 0553213695
209817,0439064872 0439136369 0345342968 0671027360 0385492081 0451524934 0060987103 0553572997 0345427637 0380789035
209830,0446605239 0312278586 0446672211 059035342X 0316666343 0446531332 0312195516 0446606812 0385484518 044651652X
209833,044023722X 0440241073 0385504209 0440234743 0440221471 0440241537 0440225701 0061015725 0446612790 0312291639
209875,044022165X 044651652X 0060392452 0451169530 0380789019 0446532231 0671004107 0440241073 0385504209 0441172717
209891,0312195516 0449212602 0380002930 0142001805 0156027321 0140067477 0316776963 0140430725 0380977788 0345313860
209907,0375727345 0142000205 0316666343 0316601950 0452282829 0385265700 0060987561 0380730138 0142001740 0375707972
209932,0385504209 0385510438 0385503822 0385508042 0316693006 0316969680 0316666009 0399150897 0316602906 0385511612
209962,0375412557 0345339738 0345339681 0671510053 0142000205 0345339711 0345339703 0060976845 0449907481 0385497466
209974,0679781587 0060915544 0060928336 0452282152 0060976845 0142001740 0385722206 0060930535 0312291639 0060987529
209985,0452282152 044023722X 0060959037 0140298479 0375705856 0440220602 014029628X 0345439104 0060173289 0553572997
210028,0345348036 002542730X 0743418174 0385335482 0671004107 0060987103 0064407667 044651652X 0440226430 0156528207
210035,0671027360 0553582747 042513525X 0312278586 0316666343 0553580221 0515095826 0425177173 0446672211 0449002411
210077,0385490992 0385424736 0060173289 0452282152 0385424728 0316969680 0385508042 0385504209 0553106643 0451156609
210083,044023722X 0375700757 0452282152 0060959037 0440211727 0375705856 0375702709 0553273914 0452282829 0767900383
210097,0316666343 0385504209 0671027360 0679746048 0316096199 0375726403 0385335482 0316284955 0060934417 0374199698
210168,0316769487 0440180295 0060929871 0399501487 0684801523 0345342968 0345370775 0553280414 0393312836 0553208845
210174,0446670251 0141000198 0452282152 0316601950 0316096199 0380977788 0156027321 0446310786 0142001805 0140293248
210223,044021145X 0375707972 0316284955 0440213525 0553268880 0440214041 0440234743 0312195516 0345387651 044022165X
210255,0446605239 0452282152 044023722X 0679781587 0142001740 0385504209 0375700757 0060930535 0440211727 0060928336
210261,0449219364 0449221512 0553284789 0449221504 0449223604 0449219461 0449221490 0553572997 0449212602 0449221482
210273,0553279912 0679781587 0060938455 0553279378 0425175405 0345413350 044900371X 0449003795 0440234743 0553211404
210311,0380789019 0380789035 067976402X 0552124753 0316769487 0099771519 0140620222 044651652X 0552137030 0140620109
210315,0380730138 0440226430 0671021001 0375707972 0316899984 0345443284 0140244824 0449907481 0671038184 0060928336
210317,0060959037 0060976845 0452282829 0316776963 0316781266 0060930535 0385720106 0446672211 0060977493 0452282152
210346,0385510438 0316693006 0439136350 0312265859 0312306326 0439139597 0316969680 0385503822 0385504209 0316602906
210420,0142001740 0060928336 0451169530 0399501487 0373218192 0345313860 0140293248 0449221490 0670892963 0140067477
210442,0385504209 0345339681 0515132020 0345335465 0515131229 0671004107 051513287X 0345339703 0345351525 0441790348
210474,0099771519 0440206154 0330332775 0099387913 000649840X 0099279274 0141007338 0749397543 0099747200 0552998001
210481,0312305060 0671027360 0142001740 0515135062 0375726403 0380731851 0345438329 0385504209 0525947647 0156027321
210485,0345353145 0446611867 0385505833 0375726403 0446679593 044023722X 0440998050 0142003727 0142001430 0345347536
210493,0380731851 0385484518 0553582747 0446611867 0440235162 0451208765 0062502182 0312291639 0142001740 0316096199
210535,0446310786 0440211727 0312265859 0385508042 0440498058 0312966091 0446605239 0440214041 0671001795 0345348036
210573,0425180638 0380718340 0380718332 0446364193 0425175405 0446601241 0425163407 0446607657 0446610038 0425169863
210587,0385504209 0671027360 0142001740 0385511612 0380731851 0312263120 0385337116 0399150897 0312291639 0671027387
210597,0316666343 0140067477 0380813815 0375726403 0375703764 0786868716 0345443284 0449911519 0451191145 0060392452
210599,0380018179 0440226430 0440235596 0515131229 0440217547 0425147622 0425154092 0380718332 0440222656 044651652X
210625,0099771519 0330332775 0552996009 0552996181 0345387651 0749397543 0552998001 0140265988 0446605239 0060958022
210627,0446310786 0316777730 0060928336 0316666343 0440226430 0142001740 0743418174 0345337662 0316769487 0385484518
210685,0515128554 0515126772 051513287X 0515131229 0515132020 0515130389 0316284955 0446310786 0515135062 0345387651
210706,0142001740 0060987529 0060502258 0064407667 0446670111 0385722206 0375725784 0316769487 0060921145 0452269571
210717,0553279912 044022165X 0440220602 044021145X 0446605239 0440213525 0440214041 014028009X 0449221504 044023722X
210738,044651652X 0440226430 0425152251 0439136350 0452264464 0345342968 0440180295 0671027344 067976402X 0439139597
210772,0380725835 0515131229 0380723638 0515130389 0380725827 0060921145 0515133973 0446394521 0515128546 0515132020
210791,0440224764 0446609404 044022165X 0316284955 0446605239 0440221471 0446611867 0425154092 0316182540 0425180638
210816,014023313X 0452269571 0375706771 0312195516 0060964049 0804106304 006000438X 0312282990 068484477X 0345361792
210822,0439064872 0440211263 0439136369 0439139600 0449003795 0449223612 0440206154 0671003755 0440439884 044661193X
210838,0440234743 044023722X 0440225701 0440224764 0440236673 067976402X 0440241537 0345417623 044022165X 0446611778
210874,0743418174 0385336179 0312291639 0140293248 0385730586 0312278586 0060976845 0316096199 0316666343 0385335830
210912,0679781587 0446672211 0142000205 0385486804 0671003755 0375707972 0060959037 0345361792 0385492081 0440235596
210921,0446672211 0060928336 0060976845 0140298479 0140293248 0440211727 0679781587 0316284955 0671021001 0375703055
210923,0061009059 0312983271 031298328X 0142001740 0449003787 0446607657 0312980140 0312976275 0312966091 044023722X
210926,0440215625 0375707972 0440217563 044022425X 0316601950 0440223202 0375706771 044021145X 0385720106 014025448X
210945,3442541751 3150000017 3492045170 3423201509 3257229534 3423202947 325722575X 3426029553 3257227809 3442092981
210959,0060392452 0380789035 067976402X 0385720920 0553562614 0060929871 0671755064 0671021001 0345378482 0440180295
211041,044023722X 0446610038 0446612790 0440236673 0061015725 0345417623 0312291639 0060987103 0440234743 0316769487
211057,0385335482 0060928336 044023722X 0316776963 0440122090 0767900383 0385720106 0385335881 038079487X 0452260116
211098,0312966091 0061009059 0671001795 0312983867 0312265867 0312990456 0312265840 0312265859 0312306326 0312983271
211137,0446606812 0439136350 068484477X 044651862X 0679744398 067976402X 0671004107 0439064864 0451526341 0671727796
211152,0316666343 0385504209 0786868716 044023722X 0609804138 0312195516 0316601950 0316096199 0446610038 0375726403
211176,059035342X 0439136369 043935806X 0439139597 0439136350 0439064864 0385504209 0064407667 0590353403 0345339681
211212,0345361792 0679781587 0316776963 0312282990 0375726403 0142001805 0060987529 0156027321 0061097314 0151008116
211231,0316666343 0060928336 0312195516 044021145X 0345386108 0446672211 042513525X 0451156609 067102423X 0671021001
211264,0451137965 0451156609 0671042858 0425144429 0451180232 044021145X 0451160525 0451167317 0451172817 0553580221
211288,044021145X 0440211727 0345337662 044022165X 0440213525 0380718340 0380710218 0425154092 0446359866 0425158616
211303,0375700757 0679429220 044651862X 0684848783 0316780375 038550120X 0679781587 0060175966 0385484518 0375707972
211307,0345339681 0060938455 0684872153 0842329129 0316284955 0440211727 0671042572 0425176487 0345378490 0842329218
211344,0060987103 0345417623 0441790348 0441003257 0060987529 0345348036 0385504209 0446604666 0380002930 0441569595
211351,0312195516 0449212602 0553250531 0440211727 0446605239 0380018179 0451167805 0553250426 0553289411 0385502532
211353,044023722X 0425116840 042510107X 0440236673 0425109720 0425147363 0425170349 0425180964 0345380371 0425147584
211360,0316693006 0385508042 0385511612 0316602906 0316666009 0399150897 0316969680 0385504209 0385503822 0316603287
211378,3442541751 3150000017 3423202327 3423201509 3492045170 3423202947 3257229534 325722575X 3426029553 3442092981
211426,0345342968 0446310786 0440215625 0380002930 0684867621 0060929871 0451184963 0452264464 0439139597 0451166582
211430,0142001740 0452282152 0449005615 0156027321 0312305060 0060959037 0385265700 0316666343 0385722206 0345446860
211460,0553574671 3442541751 0553574663 3492045170 3423201509 0553574639 3423202327 0553572040 3257227809 325722575X
211491,0446310786 0399501487 0345342968 0380002930 0451524934 0684801523 0451526341 0316769487 0553280414 0385498802
211500,0375706771 0446672211 0142000205 0452282829 0060976845 0060928336 0375707972 0060987561 0060959037 0671021001
211610,2253063339 2253044903 2070360024 2266023039 2290311782 2205054252 2253057843 2070408507 2253005274 2277260029
211695,0099771519 0330332775 000649840X 0552996181 0330367358 0749397543 0552998486 0091867770 0552996009 0552998001
211733,0440236673 0439139600 0151008116 0552137030 0439064864 0349101779 0440234743 043935806X 0552998486 0439136350
211770,0316769487 0446672211 0142000205 0671003755 0060930535 0679781587 0446310786 067976402X 0385265700 0679429220
211847,0385504209 0060916508 0553208845 0553296981 0451524934 0060938455 039592720X 0140042598 0385722206 0553375407
211894,0385504209 0060392452 0671027360 0446532231 0312195516 0142001740 0312305060 0316776963 0452282152 0451524934
211919,0786881852 0385730586 0553272535 0316666343 0440224675 0440226104 059035342X 0446606812 0399144463 0385484518
211929,0452282152 0060936363 044023722X 0156027321 0553572997 0312195516 0452280621 0060959037 0385486804 0316601950
211937,0345313860 0345351525 034538475X 0345384466 0385335482 0440220602 0060930535 0345404319 0345397819 0385335881
211944,0440241073 0440234743 0440211727 0440225701 0440220602 0440221471 0446672211 0440224764 0061015725 0679781587
211949,3442541751 3150000017 3492045170 3423202327 3423201509 3257229534 3426029553 3423202947 325722575X 3257227809
211961,0064400018 0064400557 0671003755 0380018179 0449212602 0312966970 0553268880 0446365386 0553250426 0312291639
211971,0345370775 0440222656 0345380371 0345353145 044022165X 044021145X 0345417623 0440214041 0345391055 0345378490
211976,0552124753 0552131067 0552137030 0552128481 0552131075 0552131059 0380789035 0552134651 0552140295 0552134627
211979,0836218221 0836204387 0836218787 0836218353 0836217691 0836218256 0836218620 0671021001 0836218833 0316601950
212002,3442541751 3257227809 3150000017 3423201509 3492045170 3423202327 325722575X 3257229534 3426029553 3257229909
212027,0156027321 0375725784 0375727345 0316666343 0312421273 0156028778 0385504209 0142004235 0449912558 0151008116
212057,0142001740 0316769487 0312924585 0060502258 0060928336 0140293248 0440224675 0375727345 0375707972 0345370775
212088,059035342X 0439064864 0439139597 0439136369 0590353403 0140620222 0140620109 0786881852 0140620664 0553579606
212109,0671027360 0312195516 0060938455 0316666343 0385504209 0060928336 0446532231 0316569321 067976402X 0316777730
212124,0312265859 0399147195 0385508042 0060976845 0312265867 0060502258 0553560247 038550926X 0446605239 0142001740
212130,0425107469 0345337662 0345384369 0425128164 0553580191 0345353145 0345378490 0345384350 0553582747 0553580221
212138,0553377868 0312291639 0553274503 038550120X 0440226430 0440234743 0380789019 0451524934 0028604199 0156012197
212142,0375726403 0316569321 0553273914 0060916508 0345436911 0142001805 0156027321 038572179X 0440221595 0385512104
212226,0345342968 0380002930 0345391802 0345413350 0452269571 0380789035 0553211404 0380789019 0451524934 0345417623
212240,0553560735 0441790348 0345333926 0441172717 0345323440 0345417623 0425143325 0345322231 0345316509 0380752859
212252,0345313860 0345351525 0345337662 0345384466 0385336179 034538475X 0060928336 0446670251 0140298479 0345404319
212260,0553296981 0446310786 0385504209 0316666343 0385492081 0451526341 0140067477 006101351X 0553272535 0446608955
212275,0553296981 0446672211 0671510053 0064407675 0439139597 0446608955 043935806X 0439404371 0380709562 0140293248
212328,0449212602 059035342X 0316666343 0679781587 0440998050 0312278586 0804106304 006016848X 080410753X 043936213X
212350,0446605239 0312278586 0385504209 0452282152 0385335482 059035342X 0140298479 0312995423 0446672211 0446531332
212357,0425175405 0425154092 0425163407 0425169863 0380717018 0425180638 0380718340 0425158616 042516098X 0380718332
212385,044021145X 0440213525 0345391055 0345378490 0345386108 0440214041 0446359866 0345353145 0440234743 044022165X
212396,3442541751 3150000017 3492045170 0747551006 3423202327 3423201509 3423202947 3426029553 325722575X 3257229534
212411,0671027360 0385504209 0312995423 043935806X 0062502182 0440241537 0446611212 0446607657 034541389X 0553582747
212416,014028009X 0312278586 0375725784 0380813815 0451188454 0385336179 0385335482 0312980159 0140298479 0609804138
212427,0446610038 0446606189 0316969680 0446612790 0446679593 0451172817 0446605484 0446601241 0446611212 0385503822
212439,0425147622 0425163407 0380717018 0345384369 0425180638 0425154092 0345353145 0553580221 0425115801 0380718340
212467,044651652X 0786881852 0786868716 0553578022 0446610038 0060502258 0312966970 0671250671 0312976275 0375504613
212481,044023722X 0452282152 0679781587 0385504209 0060928336 0142001740 0671027360 0060987103 0060392452 014028009X
212497,0446310786 0060502258 0316666343 0345342968 0440206154 0375707972 0312291639 0451526341 0451524934 0399501487
212568,044023722X 0061009059 0440236673 0375700757 0345438329 0312995423 0385503822 0399147195 0440234743 0446612545
212578,0440226430 0446605239 0446394521 0375706771 0446611085 0385505833 0316569321 0451203771 0446612545 0515130389
212591,044023722X 0446605239 0061009059 0440224853 0671001795 0553279378 0440221315 0312966970 0060976845 0316666343
212607,0399149155 0449223612 0060391626 0312195516 0385486804 0399147195 0399145087 0312265840 0553280341 0312306326
212610,3442541751 3150000017 3492045170 3423201509 3423202327 3257229534 325722575X 3423202947 3426029553 3442092981
212628,0345417623 0316769487 0440206154 0345342968 0425143325 0399501487 0451169514 0425109720 0441790348 0451156609
212631,0440241073 0440241537 0385492081 044023722X 043936213X 0345361792 0439064872 0446611867 0786868716 0449003787
212636,0440498058 0440998050 014131088X 0553274295 0385474016 0380814021 0440404193 0553211404 0553213148 0312278586
212642,044023722X 0060928336 0312195516 0452282152 014028009X 0553279912 0312971346 0312990456 0671021001 0449221482
212645,043935806X 0064407675 0064407683 0380789019 0439139597 0446608955 0440414806 0345313860 0439064864 0439136369
212697,0553274295 0345342968 0440998050 055321313X 0553572997 0380002930 0553211404 0671617028 0440940001 0020442203
212775,0679781587 0671003755 0446672211 0316666343 0316601950 0060921145 0060959037 0449212602 0060930535 0385722206
212797,0451156609 0553580221 0451172817 0451180232 0425144429 0451167317 067102423X 059035342X 0425124347 0345384369
212798,0060987103 0312291639 0385504209 0671027360 0061015725 059035342X 044023722X 0446612790 0446610038 0345444884
212835,0842329218 0842329129 0842329242 0842329277 084232920X 0842329285 0842329161 084233226X 0310205719 0385484518
212847,0440215625 034529873X 0345253736 0345368991 0671721291 0345384911 0446677450 0345327861 0345362861 0345339495
212849,0142001740 0452264464 0066214122 0061015725 044023722X 0345417623 0451208765 0345348036 0452282152 0312995423
212853,0671027360 0156027321 0671027387 043935806X 0385510438 0385511612 0440241537 0312995423 0142001740 0385508042
212859,0440236703 0440206154 0380789019 0440226430 0553576089 0446604666 0684872153 0345413903 0399149155 0425157539
212915,0440226430 0385484518 0375706771 0446611867 0345443284 0842329218 0446605239 0375707972 0446606812 0786868716
212923,0452282152 0316601950 0312195516 0070212570 0141000198 0140298479 0061097101 0743418174 0446675059 068484267X
212965,0142001740 0345446860 0345417623 044651862X 0425177173 0380814803 0345361792 0380820854 051513225X 0060001453
212984,0330332775 0099747200 0552124753 0590660543 0330367358 0552137030 0099771519 0552131067 0064407667 0552996009
212986,059035342X 0515135216 0439139597 0060001453 0425152251 0505524090 0380814803 0440211727 0505523752 0380820854
212991,0515135062 0515131229 0515126772 0515130389 051513287X 0373218397 0515136530 0515132020 0515128554 0515128546
213064,0425175405 0425169863 0380718332 0425163407 0425180638 0425158616 0440224764 0440206154 0380710218 0446601241
213066,0345342968 0316769487 0440219078 0671027360 0553213148 0553274295 0446310786 055321313X 0446605239 0440217547
213109,0671250671 0312195516 0786881852 0446672211 0449212602 044651652X 044651862X 043935806X 0553258001 0451183665
213119,0451524934 0385504209 0060929871 0060938455 0451191145 0345339681 0452264464 0060392452 0316284955 0316777730
213126,0316666343 0060987103 0060987529 0312195516 0375726403 0312291639 0345353145 0156027321 0380731851 0060934417
213141,0743418174 0142001740 0375725784 0385336179 0670880728 0385335881 0385729332 0060934417 038550926X 0385335482
213150,0440226430 0312983271 0440221315 0440222656 0440221471 051513287X 0452282152 0553279912 0515131229 0446605239
213191,0156027321 0553279912 0553280341 0553279556 0380789035 0312195516 0060987103 0449223612 0553280368 0449221504
213197,0451524934 0399501487 0316666343 0671004107 002542730X 0451191145 0441790348 0060392452 0441003257 0671027360
213207,0385504209 0312995423 0446605239 0345417623 0066214122 038550120X 0385505833 0345443284 0385503822 0312278586
213228,0060502258 067102423X 031205436X 0156528207 0385497466 0345370775 0140276904 0440221595 0440223202 0385472951
213255,0316666343 0156027321 0330332775 0375703861 0552137030 0380977788 0552124753 0099771519 0385722206 0060934417
213293,0671021001 0060928336 0316601950 0446672211 0440213525 0971880107 0440222656 0385265700 0140244824 0385335482
213312,0786868716 0671250671 0786817070 0553296981 0553375407 0786881852 0671708635 0446677450 0060256737 0679457526
213316,0380718332 0743418174 0399149325 0425154092 0679751521 0375703861 0440234743 0380718340 0345337662 0553579606
213324,0312291639 0330332775 0552996009 0156027321 0099771519 0330367358 000649840X 0345313860 0345337662 0684862719
213350,0440234743 0385722206 0140298479 0446611212 0671880187 0156012197 0316601950 0425177173 0671510053 0451207521
213369,0385504209 0385508042 0385503822 0316969680 0671027360 0316693006 0609610597 034538475X 0061015725 0345313860
213410,0060928336 0060976845 0345337662 0553268880 0451156609 0312195516 0060930535 0312422156 0316096199 0345384369
213416,044651652X 0062502182 0345313860 0316693200 0345361792 006099486X 0451191145 0380789019 0553578308 034538475X
213423,044023722X 014028009X 0060928336 0679781587 0440224624 0375703055 0374199698 0553574574 0671727796 006101351X
213491,0316769487 0451526341 0451524934 0449212602 0671727796 0399501487 0140067477 0553275976 0440180295 0345313860
213518,0061009059 0385484518 0060976845 0060928336 0312983271 0671001795 0312966091 0142001740 0316096199 0312986343
213523,051513287X 0515132020 0515126772 0553579606 0515128546 042518630X 0515131229 0446610542 0515128554 0515127833
213531,0425154092 0440226430 0446610038 0425175405 0380718332 0446612545 0515130389 0515121843 0440224764 0515128546
213598,0385504209 0452282152 0385722206 0316776963 0060938455 0312305060 0679781587 0449005615 0743418174 0312291639
213612,0345337662 0440211727 0425143325 042510107X 0345353145 0425116840 034540288X 0345370775 0425122123 044021145X
213625,0440211727 0385504209 0440224764 0440214041 044021145X 0440220602 0452282152 0312195516 0440234743 044023722X
213628,0439136369 0439136350 0345339703 0439064864 0590353403 0439064872 0439139600 0385505833 034538475X 0345339711
213638,0439136369 0316769487 0439139600 0446310786 0439064864 0439136350 0380789035 0345342968 0385479565 0439139597
213641,0446605239 0440226430 0440235596 0440222656 0312278586 0446611867 0425167313 0743418174 0316569321 0440221595
213657,0439139600 0140620109 0446532231 0140258418 0439136350 0060502258 0140126716 0440236673 0312983271 0140167773
213663,0440235596 0552996009 0553272535 0440206154 0553296981 0552998001 0671011375 0684872153 0330485385 0345384466
213664,044023722X 0440234743 0440236673 0440225701 0440224764 0345417623 0553582747 0345353145 0440211727 0553582755
213703,0142001740 0385484518 0060915544 0446604666 0375727345 0061009059 0380789035 0452282829 006099486X 0679745203
213707,0553296981 0451526341 0553272535 002542730X 0440219078 0446310786 0028604199 0345342968 0440237688 0345354613
213708,0385335482 0385335881 0385336179 0743418174 0060096195 0671027360 038550926X 0385336810 0385730586 0060085452
213760,0316666343 0142001740 0385504209 0156027321 0786868716 0312195516 0452282152 0449005615 0440235596 0316096199
213790,051513287X 0515131229 0515128554 0515132020 0515128546 0515126772 0373218036 0515121843 0515133973 0373244487
213839,0425147622 0425169863 0425163407 0425154092 0380717018 0380710218 0380718340 0399145087 0399143947 0425180638
213845,0439139597 0064400557 0439064864 0439136350 0449005615 0440498058 0440235596 0312983271 0439064872 0441003257
213851,0446610038 0425154092 0446601241 0440224764 0380718340 0425158616 0425175405 0446612790 0380718332 055356451X
213873,0440241073 0440236673 0425180638 0440241537 0446610038 0446610399 0440213525 0440235162 0316666343 0380731851
213915,0449212602 0786817070 0316666343 0399149325 0671617028 0684874350 0446605239 0316769487 0140440046 0553375407
213919,0425147622 0425175405 0684872153 0425154092 0385512104 0380718340 0316781010 0316168815 0142001740 0425158616
213941,0385335482 059035342X 0385729340 0060502258 0064472272 0385335881 0064407667 014100018X 0385336179 0064472795
213953,0440212561 0440215625 0316284955 0440217563 0385505833 0515126772 0684872153 0515128554 0440226430 0515128546
213972,0425175405 0380718340 0425169863 0425158616 0425147622 0440226430 0446364193 0380718332 0425180638 0380710218
214042,0446612790 0440241073 034541389X 0446605484 0345413903 0345417623 0446610038 0671027360 0446611778 0440241537
214102,0380789035 0316666343 0380789019 0671003755 0385474016 0786817070 0441003257 0440206154 0425147622 0385479565
214118,0440234743 0385722206 0156012197 0671880187 0553274503 0399144463 0028604199 0140298479 0061020710 0380977788
214138,0515131229 0515135062 0515130389 051513287X 0515128554 0515132020 0515126772 0515128546 0440226430 0515133973
214202,3257227809 3442541751 3150000017 3492045170 3423202327 3257229534 0440108268 3423201509 0553277472 3257229364
214212,0440241073 0446607657 0449003795 0449003787 044022165X 0385492081 0440234743 0425180638 0446607711 0446611212
214213,0451524934 0345342968 0316666343 0385504209 0345339738 0345339711 0345339681 059035342X 0451526341 0066214122
214234,059035342X 0439064872 043935806X 0439139597 0439136350 0439064864 0590353403 0345339681 0064407667 0786881852
214244,3442541751 3492045170 3423202327 3257227809 3257229534 325722575X 3426029553 3423202947 0316096199 3423201509
214270,0312195516 044023722X 0440236673 0380018179 0553213148 0446605239 0345417623 0060987103 0440213525 0316769487
214272,0446611867 0345361792 044022103X 0446310786 0671708635 0385484518 0671038184 0553296981 006101351X 0070212570
214315,0375504397 0385199570 0452279178 0525941908 0684867621 0451176464 0670813028 0451163524 0451167317 0451184963
214319,0385505833 0312924585 0345348036 0451167716 0553377868 038550120X 0451523377 0385490992 0385503822 0679745203
214348,0515135062 0515131229 051513287X 0515126772 0515132020 0515130389 0373218397 0515128554 0373218036 0515136530
214389,0099771519 0316666343 0330332775 0140620222 000649840X 0552998486 0552996181 0156027321 0553273914 0091867770
214436,0312980159 0505523752 0505524090 067976402X 0671027573 0380820854 051511779X 050552354X 051513628X 0373691300
214443,2253063339 2253150711 2253044903 2070360024 2266023039 2290311782 2253057843 2205054252 2253005274 2070408507
214459,0446310786 0060915544 0425152251 0439064872 0451163966 0345342968 0345391802 0553208845 0553571885 059035342X
214464,014028009X 0140293248 0316096199 8806143042 8845237303 880781210X 8845215989 0440226430 0061097314 0679781587
214581,0446610038 0446611212 0671011375 0452282195 0446606189 0446605484 0446612790 0330332775 0446603929 0345439104
214583,0380718340 0425154092 0440214041 0425147622 0425158616 0380718332 044021145X 0425175405 0425163407 0440224764
214631,0385504209 043935806X 0312421273 0316779423 0671027360 0060175966 0385503822 0439139597 0451166892 0312995423
214641,0679781587 0385504209 0671027387 059035342X 043935806X 0060930535 0312195516 0375700757 0440241073 044023722X
214657,0316601950 0446364193 0446601241 0446604801 0440234743 0385504209 0446610038 0440220602 0316693251 0345417623
214673,3442541751 3150000017 3492045170 3423202327 3423201509 325722575X 3423202947 3257229534 3426029553 3442092981
214686,0385504209 0316666343 0399150897 0385510438 0316693006 0316693200 0316603287 0671027387 0385508042 0316603570
214714,3442541751 3150000017 3492045170 3423201509 3423202327 3426029553 325722575X 3257229534 3423202947 3442092981
214717,0345370775 0345339738 0440220602 0345353145 0345378490 0451166892 0446610399 0060930535 0345387651 0767900383
214786,0385492081 0440241073 044021145X 0425143325 044022165X 0440220602 0399501487 0553260111 0441003257 0441172717
214809,0316666343 0385335482 0140293248 0316096199 0385335881 014028009X 002542730X 0446610399 0425167313 0316284955
214821,0375707972 0316601950 0345439104 038079487X 0684874350 0375702709 0425162443 0142000205 044651652X 0743418174
214851,0312291639 0316769487 0679745203 0446607657 0452269571 0385505833 0743237188 0060921145 044651652X 0552143774
214876,0316769487 0451524934 0380789019 0316666343 0140042598 0060929871 0812509250 0439136369 0553278223 0425152251
214879,0312195516 0316769487 0060928336 0679781587 0446672211 014028009X 0140298479 0446310786 0385504209 0671021001
214890,0330367358 0099771519 000649840X 0552996009 0312278586 0552124753 0590660543 0552998486 0099279274 0099747200
214916,0060976845 0316601950 0452260116 0380789035 0140298479 0449006522 0670880728 0451454243 0671510053 0446603309
214920,0140298479 8408043641 8433969978 0679723161 8445071416 0452282152 8432206407 0440211263 0439139600 0553274503
214935,0060987103 0380789035 0345361792 0380789019 0441003257 0375725784 0684872153 0380977788 0679429220 0671027360
214990,0316769487 0440206154 0446606812 0375707972 0440226430 0446310786 0440224675 0385479565 0060977493 014023313X
215003,0440226430 006101351X 0312278586 0590353403 0440235596 0385335881 8806143042 014028009X 0140293248 038549081X
215004,8408043641 068484477X 0671003755 8432206407 0151008116 0440226430 8433969978 8445071416 0140620338 2070360024
215006,0375727345 0671021001 0345392825 0440226430 0375707972 014023313X 0385498802 038548951X 0399141146 067088300X
215024,0399144463 059048351X 0590466194 0590568744 0590494457 0590494465 0590568752 0590483501 0590453653 0380698714
215028,042510107X 0440225701 0345380371 0425143325 0425109720 0425116840 0425147584 0385424736 044021145X 0451166892
215071,0142001740 0312195516 0156027321 0312305060 0671027360 0385722206 0060934417 0142001805 0345339703 0385335482
215078,059035342X 0439136369 0439064872 0312195516 0439139600 0345339703 0345370775 0425169863 0446601241 0425155404
215097,0330332775 000649840X 0552998486 0142001430 0552124753 0552137030 0156027321 0552996181 0552998001 0446670251
215104,0345417623 0316666343 0440224675 0440206154 0385503822 0446611212 034541389X 0380789019 0553582747 0440234743
215136,0316601950 0312983824 067976402X 0671003593 0380814803 0440241073 051513225X 0515111317 0671737791 0060002050
215139,0515131229 0515128554 0373244487 051512608X 0373484410 051512317X 0515121843 0515132187 0515135062 0373218397
215140,0345417623 0440225701 044022103X 0440241073 044022165X 0312243022 0345370775 0553258001 014038572X 0451183665
215143,0140620222 0140620338 0140620184 2253063339 2253150711 0140620427 0316096199 0446611867 0349101779 0449212602
215148,0316666343 044021145X 0440211727 0440214041 0440220602 0446672211 0671021001 0440222656 0312195516 0440236673
215180,0316666343 0385504209 0385505833 0446672211 0345417623 0375706771 0385484518 038550120X 0316693200 0312195516
215225,3442541751 3150000017 3492045170 3423201509 3423202327 3257229534 3426029553 325722575X 3423202947 3257227809
215256,0440241073 0440236673 0440224764 0440225701 044022165X 0440221471 0446364193 0345417623 0452282152 0440241537
215278,0440226430 0061009059 0440211263 0446611867 055356451X 0446605239 0060976845 0316666343 006101351X 0440221595
215304,0440222656 0452282829 0060502258 0671021001 0060173289 0452282152 0060175400 0142000205 0060976845 0440224624
215359,0316601950 0375706771 0375707972 0671021001 0446672211 0375727345 0060976845 0312195516 0452282829 0060959037
215373,0345348036 0375700757 0671510053 0446606189 0312976275 0446310786 0312995423 0671250671 0380002930 0449005615
215388,0446605239 0671021001 0446672211 0316601950 0440226430 0440214041 0440213525 0060928336 0385484518 0440211263
215421,0142001740 0385504209 0156027321 0449005615 0060930535 0312195516 0452283205 0316666343 0060987103 0312305060
215498,0156027321 0446310786 0425152251 0380012863 0316769487 0385512104 0380789035 0385484518 0380789019 0553296981
215512,0345339703 0345339738 0345339711 0446310786 0451524934 0451526341 0345342968 0345370775 0385484518 0590353403
215529,0380789019 0380789035 0441569595 0439136369 0345337662 0345313860 0553582755 0671027360 0440206154 067976402X
215548,059035342X 0345370775 043935806X 0439064864 0439136369 0439064872 0439136350 0439139600 0441005489 0590353403
215562,044023722X 0060928336 0452282152 0679781587 0316284955 0446605239 0385474016 0385504209 0060392452 014028009X
215607,0345339681 0345339711 0385504209 0345417623 0385503822 0440221471 0345353145 0553260111 0440225701 044023722X
215609,0440184053 0440217547 0380018179 0440201926 0440176484 0440224837 0440200563 0440207622 0440221315 0440193613
215622,0345342968 0316666343 0156027321 0316776963 0380789035 0679781587 0142001740 0375725784 0060502258 0312983271
215627,0452282152 0671027360 0385504209 0440226430 0345387651 0375707972 044661193X 0441003257 0345361792 0060987529
215683,0440214041 0345370775 0440224675 0786881852 0142000205 0440343194 0553268880 0440224624 0446606812 0553279378
215693,0425154092 0446364193 0425169863 0380718332 0425163407 0425147622 0446607657 0425180638 0446605484 0446606189
215709,0385508042 0385490992 0316969680 0385503822 0316666343 0385511612 0316693006 0385497466 0316693200 0316602906
215728,0440212561 0440217563 0440215625 0142001740 0446609323 0671867156 0446607657 0446611085 0440241537 0156027321
215739,0345342968 0316769487 0451526341 0446310786 0451524934 0684801523 0440180295 0140185216 0140042598 0061015725
215745,3442541751 3150000017 3492045170 3423202327 3423201509 3257229534 3426029553 325722575X 3423202947 3257227809
215749,0140293248 014028009X 8806143042 006101351X 880781210X 0385335482 8845215989 8845237303 0312278586 8806166484
215753,0671027360 0156027321 0060938455 0312282990 0316666343 0679781587 0151008116 0060392452 0446532231 0316776963
215791,0385510438 0385504209 0446605239 0312995423 0316602906 0316666343 0385508042 0316693006 0316969443 0399150897
215801,059035342X 0804106304 0151008116 0060958022 0345413350 0142001430 0345387651 0385720106 031242227X 0060934417
215821,0385504209 0345370775 0449212602 0312195516 034540288X 0553213148 059035342X 0345354613 0345339703 0345436911
215829,0312278586 0060928336 0385730586 0312291639 0446670251 0060976845 014100018X 0446310786 0385335830 0060096195
215832,0440226430 0316769487 0316182540 0449212602 0440206154 080410526X 0345350499 0440998050 0446364193 0671003755
215923,0140293248 0312278586 006101351X 0440226430 880781210X 0385335482 8806143042 0385335881 0451203771 8806166484
215942,0156027321 0670030643 0452282152 0380977788 0552137030 0380789019 2253063339 0385486804 0345413377 0142001740
215947,2253063339 2253044903 2070360024 2266023039 2290311782 2253057843 2070408507 2253005274 2277260029 2264027134
215953,0440226430 0609804138 0440235596 0385265700 0375756981 0679429220 0060391626 0060392452 0440204887 0670865796
215986,0439139597 0316776963 0439139600 0345339738 0345339681 0316769487 0316096199 0375725784 0451526341 0439136369
215988,0140293248 0312278586 0312291639 014028009X 0446672211 0060987561 0316096199 0060976845 0375727345 0345443284
216012,0446606812 0446310786 0385510438 0671776134 0312284683 0688177751 0440222656 0446613436 0316602906 0399149155
216027,0345370775 0345342968 0441172717 0380789019 0060502258 0345378482 0345417623 0451524934 0345339681 0440206154
216057,0060938455 0385504209 0385722206 0060987103 0452282152 0375707972 0312195516 0156027321 0375725784 0060392452
216099,0439064864 0679781587 059035342X 0060977493 0590353403 0060921145 0446310786 0439139597 0316780375 0140119906
216100,0060915544 0440213525 0671021001 0345439104 0312278586 0440226430 0385265700 0446672211 0452282829 0316601950
216110,0060928336 0375727345 0316601950 0671510053 0060976845 0316569321 0385420161 0385424736 0385505833 0446604666
216151,0679781587 0385504209 0446672211 0440236673 0312195516 0671027360 0446516538 044023722X 0446364193 0060175400
216155,0743418174 0452282152 0140298479 0312282990 0316776963 014028009X 0312421273 0316779237 059035342X 038572179X
216249,0312195516 0679781587 0385722206 0743418174 0375700757 014029628X 0452282152 067976397X 0316601950 0070212570
216260,0385498802 044021145X 0345427637 0345380371 0156027321 0060934417 0385504209 0345404114 0452282152 0440221595
216306,0345384466 0345337662 0345313860 034538475X 0316096199 0525946233 0679746048 0141000198 0385335482 0446607711
216336,0446610038 0446607657 0446612790 0446611212 0553582747 0553576801 0425182878 0671027360 0446611808 0446608815
216386,0451524934 0399501487 0553272535 0060916508 0316769487 0060929871 0553208845 0345342968 0385504209 0316666343
216401,2253063339 2253150711 2253044903 2070360024 2266023039 2290311782 2205054252 2253057843 2253005274 2070408507
216435,0312195516 0070212570 0440222656 0375700757 0452282829 0060930535 0375707972 0385722206 0142001740 0375726403
216444,0385486804 0553268880 0060928336 0440204887 0142000205 0446671002 0061097853 0380012863 0553375407 0062502182
216466,0316666343 0553582755 0439136369 0553582747 0060928336 0345384466 0671004530 0439136350 0439139600 0345313860
216476,0140293248 0679781587 0060958022 0140298479 0316601950 0684874350 0312422156 0385512104 0399144463 0375703861
216495,0446610038 0385504209 0385503822 0385511612 0316969680 0385508042 0446607657 0316693006 0446612790 0316693235
216501,0440221471 044023722X 0440236673 0345380371 0440211727 0439064872 0440235162 0385492081 0553260111 0440241537
216508,0440211727 0140298479 0385335482 0099771519 0446670251 044651652X 014028009X 0330332775 0743418174 0552124753
216557,014028009X 0446601241 0451524934 0440180295 0446670251 0316769487 0670892963 0064472795 0393312836 0451526341
216579,043935806X 0312983271 0312265867 0439139597 0312306326 0345413903 0439136350 0441003257 0399150897 0440241537
216670,0385504209 044021145X 044023722X 0440241073 0440214041 0440213525 044022165X 0440236673 0312195516 0440224764
216675,3442541751 3492045170 3150000017 3423202327 3423201509 325722575X 3423202947 3257227809 3257229534 3426029553
216679,0385504209 0316666343 0452282152 0375726403 0142001740 0312305060 0312195516 0385722206 044023722X 0786868716
216683,0446310786 0060502258 0373218192 0553279912 0425144429 0553582763 0440226430 0440404193 0070212570 0316769487
216724,0060976845 0345417623 0345435028 0385486804 0316601950 0671888587 0618129022 0385484518 051511992X 0553213148
216781,0316666343 0312195516 0375727345 0060976845 0060987561 0142001740 067976402X 0140293248 0060934417 0375706771
216795,0385722206 014025448X 0312305060 0142001430 0375726403 0671510053 0156027321 0060934417 0446670251 0345361792
216829,0312195516 0345361792 0316569321 0316601950 0060392452 0385484518 0440226430 0070212570 0345443284 0671003755
216861,0316769487 0316666343 0345342968 0439136350 0060929871 0451526341 0671021001 0425152251 0380002930 0446672211
216869,0316693006 0316602906 0316603570 0385503822 0316666343 0316603287 0316693235 0316666009 0316693200 0399150897
216877,0385504209 0316666343 0312195516 0671003755 0743418174 0140293248 0156027321 0312291639 0316601950 0452282152
216882,0684874350 0553296981 0684848783 055321313X 014025448X 0070212570 0345361792 0553213148 0316769487 0345387651
216907,0066238501 0373710992 0440213991 0877733759 0373710615 0140275290 0552121606 0552103721 0751529087 0752809032
216925,0316666343 0156027321 0375727345 0142000205 0316601950 0452282152 0375706771 0375726403 0312195516 0385265700
216931,0440226430 0316666343 0316284955 0142000205 0375700757 0440211263 0375727345 0345443284 0446672211 0671021001
216955,0060915544 0375726403 014028009X 0060987529 0345361792 0385722206 044651652X 0671003755 0380012863 0060173289
216962,044023722X 0440221471 0440241073 0440224764 044022165X 0446359866 0440236673 0440234743 0440211727 044021145X
216965,044651652X 0671250671 0312195516 0449212602 0446516538 0345337662 0375504613 0553258001 0440211891 0440213282
217012,0345313860 0345351525 034538475X 0345384466 0060502258 0312924585 0345370775 0446670251 0451524934 0446601241
217036,0671727796 0446606812 0440211727 3150000017 3442541751 059035342X 3492045170 3423202327 3257227809 0446310786
217045,0316666343 0842329129 0842329218 0385484518 0842329242 0345339681 0842329250 044023722X 0842329269 0375727345
217056,0449219364 0449221490 0553280341 068484267X 0440211727 0141000198 0375725784 0553279556 0679781587 0449223612
217106,006101351X 0786881852 0671693816 0684848783 0439064872 068484267X 0440215625 0553296981 0679734775 0451169530
217107,0425182878 0446612545 0380789019 0440241537 0446611611 0446604666 0446611778 0446608815 0425189864 0440236703
217117,0385484518 0786868716 0385504209 0316666343 0684874350 0446610038 0786881852 0553272535 006016848X 0451197747
217121,0552124753 0552131067 0142001740 0552145424 0552134651 0552137030 0590660543 0440241537 0552140287 0552142379
217130,0553572997 055356451X 0345350499 0060922532 0553278029 055356773X 034538475X 0451184726 0743227441 0440210690
217134,044023722X 0440236673 0345380371 0380731851 0446608890 0440241073 0446607711 0440225701 0345391055 0440224624
217211,0316776963 0060987529 0345339703 0439064872 0345339711 0345337662 0439136369 0439139597 0440221595 059035342X
217212,0312983824 0440220602 031298328X 0316601950 0312966806 0553560247 0385335830 0505524279 0451409256 0446610542
217223,0316666343 0345353145 0345380371 0440220602 0345402871 0345378482 0446610038 0316769487 0553260111 0671021001
217247,044651652X 0345348036 0375727345 0440234743 0380730138 0060502258 0345337662 0345301110 0142000205 0345351525
217252,0099771519 0330332775 0330367358 000649840X 0552996009 0452282152 0749395990 0451166892 0091867770 0743225406
217262,0312278586 0316666343 0446672211 0142000205 0345443284 0375702709 0375700757 0375706771 0316769487 0060934417
217270,0385472951 0385497466 0385424736 0385503822 0385508042 0440214041 0440211727 0385493800 0385424728 038550120X
217271,0345350499 0553572997 0553277472 0440204887 0345337662 0684833395 0553212451 0312195516 0553275976 0316769487
217275,0345417623 0385504209 0440234743 0425083837 0425143325 0440222656 0425147584 0425116840 042510107X 0425122123
217282,0385504209 0312291639 0609804138 0385336179 0385335482 0671027360 0743418174 0345438329 0140298479 0140293248
217292,0375726403 0316776963 0385503954 0452282152 0312282990 0679781587 0385722206 0786868716 0449005615 0142001740
217313,0440241073 0440236673 0440234743 0440241537 0345417623 0440221471 0440225701 0440220602 0385504209 0440224764
217318,0446611212 0446611778 044022165X 0380731851 0440234743 0425180638 0312982518 0440225701 0440221471 0446364193
217364,0060976845 0451184963 0060987561 0060987529 0446675059 0684853523 0671510053 0440224764 0345348036 0345438329
217375,0385504209 0142001740 0312291639 0060928336 0316776963 0375727345 0385335881 0385336179 0743418174 0385335482
217386,067976402X 0380789019 015100692X 0345465083 0380731851 0060987103 0380789035 0375726403 031242227X 0609608444
217444,0441003745 0441001971 0441005748 0345423402 0425181685 0441007813 0441008534 0441009239 0515133876 0345435273
217458,0451166892 0425185710 042510107X 0425109720 0425180964 0440234743 0446610038 0345417623 0061015725 0425143325
217468,0440211727 0440220602 0671021001 0440224764 0440241073 044022165X 0446672211 0060928336 0345370775 0440234743
217491,0671617028 0060915544 0140440046 044021145X 0671003755 0440236673 0385479565 0380012863 0316769487 0440498058
217496,0446608815 0446611212 0446610038 0446605484 0446612790 0425182878 0446667900 0446603929 0380731851 0440241073
217512,0312966091 0061009059 0312971346 0312976275 0312980140 0671001795 0312265867 0312983867 0312983271 0312265859
217513,0316666343 0316284955 0316601950 0060928336 0312195516 014028009X 0060976845 0312278586 0140293248 0385335482
217516,044023722X 0345417623 0345380371 0440211727 042510107X 0440206154 0425180964 0345353145 0425143325 0446364193
217526,034540288X 0345353145 0345378490 0345380371 0312924585 0345378482 0440206154 0440222656 0345391055 044022165X
217566,0345339681 0060928336 0345348036 067976402X 0060173289 0385505833 0345339738 0446604666 0553380095 0553273914
217571,0446610038 038550120X 0316666343 0515095826 0316601950 0553271636 044651862X 0312265859 0385504209 0446310786
217595,0385474016 0345339703 0440224764 067102423X 0679734775 0679746048 0316666343 0060928336 0385498802 0425175405
217617,0786868716 0316666343 0060928336 0060976845 0439064872 0345339681 0140067477 059035342X 0380789035 0312195516
217654,0552137030 0552124753 0552131067 0552131059 0552131075 0552128481 0552140295 0552134627 0552145424 0552134643
217673,0452282152 0440220602 0446364193 0440236673 0060930535 0440234743 0440221471 0060959037 0345417623 0440225701
217681,0385504209 0671027360 0142001430 0385486804 0452282152 0375726403 0140067477 0312305060 0385722206 0553262505
217701,3442541751 3150000017 3492045170 3423202327 325722575X 3257229534 3426029553 3423202947 3257227809 3442092981
217740,8408043641 0451167716 038082101X 0446605239 0679723161 0345387651 0440220602 0060930535 0446606812 0316666343
217796,044023722X 0679781587 0060928336 0452282152 0385504209 0142001740 0060959037 0440211727 0312195516 0316284955
217811,0142001740 0312195516 0316776963 0316284955 0060928336 0312291639 0452282829 0375727345 0060959037 0060987103
217818,0312305060 0679781587 0312291639 0375726403 0312195516 0060959037 0060930535 0452282152 0385722206 0375700757
217917,3442541751 3150000017 3492045170 3423202327 3423201509 3426029553 3423202947 325722575X 3257229534 3442092981
217934,0452282152 0553262505 0385722206 0671027360 0441003257 0142001430 039592720X 0452283205 0670892963 0385504209
217958,0553582747 0316666343 0553580221 0316602906 0316693006 0345413881 0345413873 0385508042 0553563521 038529929X
217986,034538475X 0345351525 0345384466 0345397819 0316769487 0345409671 067102423X 0440222656 0345387651 0553277472
217989,0345350499 0875421180 0345337662 0345384466 0345351525 034538475X 044651652X 0375703764 0875421245 0345339681
218005,0380789019 0062502182 0441569595 0380789035 0060938455 0552137030 0552131059 0552996009 0552124753 0345313860
218051,000649840X 0099771519 0446605239 0330332775 0749397543 0330367358 0446606812 0552998001 0552999458 0099747200
218059,0375725784 0060938455 0446532231 0385722206 0440180295 0671027344 0312282990 0679429220 0679781587 0553274503
218068,0156027321 0671027360 059035342X 0140067477 0684874350 0312195516 0375725784 0380813815 0439136369 0449212602
218121,0142001740 0446310786 0064400557 0345339703 0440236673 0553296981 0345339711 0449005615 0446672211 0440219078
218182,0385504209 0446606812 0446611867 0375707972 0316769487 0060928336 0345370775 0375703063 0060392452 0671727796
218197,3150000017 3492045170 3423202327 3423201509 325722575X 3257229534 3426029553 3423202947 3257227809 3442092981
218221,0440211727 0345339703 0345339738 0345339711 0440224764 0440221471 0439064872 0440213525 0553561537 038542017X
218240,0515131229 051513287X 0515128554 0515128546 0515132020 0515126772 0515133973 0515121843 051512608X 0373244487
218241,014029628X 0452282152 0060934417 0345423291 0375726403 0743227441 0446679593 0375502238 0385335830 0142001740
218272,0345413903 0440241073 0380789019 0446611638 0440241537 034541389X 0446612790 0446611611 0399150897 0061015725
218276,0060938455 0446532231 0671027360 0316777730 0316776963 043935806X 0385504209 0380789035 0670892963 067976402X
218286,044023722X 0060959037 0446605484 0440241073 0446607657 0671001795 0060987103 0375700757 0312966091 0312966970
218325,0345370775 0345353145 0440211727 034540288X 0451526341 0451524934 0446310786 0345339681 0312924585 0345378482
218326,0312278586 0312983824 006092988X 0316781266 0375502238 0743227441 0060934417 0060958022 0312966806 0316782262
218344,0446310786 0440211727 0440213525 0440214041 0345342968 044022165X 0440221471 0440220602 0316769487 0451524934
218356,0060976845 0553268880 0671727796 0140179836 0684872153 0679751521 0380727501 002542730X 0440236738 0380789035
218360,0552124753 0330332775 0590660543 0552137030 0552996009 0552131067 0312274920 0099771519 0552131059 0330367358
218404,0316666343 0062502182 0028604199 0380789019 0380002930 0345325818 0552131067 0618002219 0380977788 0399501487
218411,0375725784 0156027321 0060977493 0375726403 0312282990 039592720X 0385722206 0151008116 0375703764 0385720955
218430,0142001740 0385503822 0316969680 0312265859 0375727345 0316666343 0385505833 038550120X 0316601950 0385490992
218452,0140042598 0316666343 031205436X 0060928336 0060392452 0060987049 080410753X 014028009X 0446606812 0440226430
218497,0312195516 0316666343 0316601950 0452282152 0316284955 0060959037 0671021001 0385720106 0375706771 0060930535
218514,0385504209 0375726403 0316666343 0316776963 0671027360 0060987103 0385512104 0452282152 0345417623 0385486804
218519,0671003755 0060959037 0452264464 068484477X 0345361792 0060987103 0385722206 0060199652 0671617028 0679781587
218526,0385504209 0060934417 044023722X 0316666343 0671027360 0345413903 0312421273 0440241537 0375726403 0425182908
218552,0684872153 0060392452 0345370775 0316666343 0446610038 059035342X 0312195516 0440220602 0440214041 0062502182
218568,0449221504 0553280341 0312195516 044023722X 0553280368 0060928336 0553284789 0312966970 0345402871 0449223612
218608,0375707972 0553572997 0060976845 044021145X 0440212561 014025448X 034536676X 0452282152 0553574574 0446604666
218615,0446607657 0446611212 0446612545 044023722X 0380718340 0446612790 0316693200 0446605484 0385503822 0425154092
218621,0380789019 0375707972 0375725784 0345413350 0441003257 0060987103 0679429220 0380789035 0345413369 0380977788
218636,0142001740 0312195516 0156027321 0316666343 0060976845 0060930535 0060928336 0060959037 0060938455 0385486804
218638,0375727345 067102423X 0671041789 0316666343 0553582747 0553580221 0452264464 0671021001 0316769487 0375707972
218640,0375706771 0446394521 0316569321 0671003755 0375700757 006000438X 0156007754 0060977493 037570504X 0312195516
218689,044023722X 0345378490 0451172817 0451156609 0425124347 0451180232 042513525X 0345386108 0553580221 0345384369
218721,0446310786 0316769487 0312195516 0060930535 0060921145 0316284955 0140119906 0452264464 0446672211 0385720106
218746,0060987103 0060959037 014028009X 0060938455 0142001805 0312195516 059035342X 0679781587 0060934417 0060921145
218757,0140293248 0345370775 0060502258 0385479565 0385474016 0142001740 067102423X 0345339703 0446532231 0679734775
218760,0312195516 0060928336 0446672211 0060959037 0316601950 0060976845 0060930535 0452282152 0671003755 0375706771
218799,3442541751 3150000017 3492045170 3423202327 3423201509 325722575X 3426029553 3423202947 3257227809 3257229534
218831,3150000017 3492045170 3423202327 3423201509 325722575X 3257229534 3426029553 3423202947 3257227809 3442092981
218836,0061097853 0345361792 0446605239 0446604666 0061092606 0679429220 0385492081 0671510053 043936213X 0440206154
218843,0440998050 0804106304 044021145X 044022165X 0440219078 0440414806 0440214041 0020442203 0553296981 0385730586
218844,0316601950 0425167313 0375706771 0060930535 0385265700 0446672211 0142000205 0345361792 0671038184 0375702709
218848,0142000205 0375707972 0140244824 0375727345 0671003755 0316666343 0440226430 0156027321 0375726403 0671021001
218875,0385504209 0312195516 0316666343 0439064872 059035342X 0439136369 0439139600 0142001740 0446672211 0316569321
218930,0452282152 0060938455 002542730X 0553572997 0330332775 0671727796 0441003257 0425147622 0385498802 0451166892
218935,0446610038 0446364193 0446604801 044023722X 0446601241 0446607657 0425154092 0446606189 0440226430 0679781587
218936,0446611212 0446607657 0380718340 0425163407 0446610038 0345413903 0425132048 0425182878 0440220602 0425179885
218952,0330332775 0451169530 0099771519 0552996181 0156027321 0552996009 000649840X 0451168615 0099727412 0684862719
218976,014131088X 0385486804 0064400557 0064472795 0440404193 0064472272 0446608955 0312278586 0064405176 0553213148
219008,0684874350 006101351X 0345361792 0446672211 0671027360 0440211727 080410526X 044021145X 0679429220 0679781587
219013,0345370775 0439064872 0439136369 0345380371 0345342968 0439139600 0446310786 0345378482 034540288X 0446606812
219035,0142001740 0312195516 0452282152 0679781587 0385504209 0380731851 0385722206 0316666343 0375700757 0375726403
219065,0142001740 0679781587 0385504209 0312195516 0060928336 0060921145 0452282152 044023722X 0345339711 0679429220
219073,0440212561 0380018179 044023722X 0399144463 038542017X 0060938455 0440222656 044021145X 0446364193 0060502258
219132,0345370775 0440214041 0446605239 044022165X 044021145X 0440211727 0440213525 0060928336 0060392452 0446606812
219149,0446610038 0446607193 0446612545 0446609404 067976402X 0684872153 0553578693 0316601950 038550120X 0553579983
219181,3442541751 3492045170 3150000017 3423202327 3423201509 3423202947 325722575X 3257229534 3426029553 3257227809
219208,0552124753 0552131067 0552128481 0552131059 0552131075 0552137030 0552134627 0552140287 0552134619 0552134643
219209,044021145X 0312924585 0553268880 0060502258 0375707972 0449212602 0060928336 0440213525 0440212561 0553574574
219219,0142001740 0671004549 0671793489 0671867172 0345443284 0440213029 0316776963 0425158616 0671568175 0743407083
219254,0440214041 0440213525 044021145X 044022165X 0425154092 0440224764 0380718340 0425163407 0425175405 0425169863
219259,0451524934 0446670251 0971880107 0743418174 0060929871 0767905385 0399501487 0316777722 0684801523 0553574671
219260,0446672211 0316601950 0345443284 0316569321 0375707972 0142000205 0312195516 0671510053 0671021001 0375706771
219278,0312195516 0060928336 0060976845 0375706771 0446672211 0140298479 0385720106 0385484518 0060930535 0375707972
219294,0440220602 044022165X 044021145X 0440213525 0345353145 0345380371 0440214041 0440211727 0440236673 0440225701
219301,0142001740 0452282152 0060934417 0316666343 0312195516 0316601950 0060930535 0060987103 0671027360 0316569321
219321,0671510053 0385492081 0452264464 0070212570 0684848783 0140067477 0061015725 0446672211 0446610399 067976402X
219353,0316776963 0743418174 0440236673 0374199698 0385512104 0385505833 0312421273 0446670111 0786868716 0679781587
219387,0312983824 0671001795 0312983867 0671034022 0446611867 051512219X 0316601950 0671617028 0312966091 0312980140
219389,0553375407 0312195516 0375727345 0375702709 0064472272 0971880107 0345339703 0446671002 0060930535 0679746048
219420,0316666343 0312195516 0385484518 0679781587 0671003755 0060987529 3442541751 0786868716 0156027321 0380731851
219432,0553377868 0312291639 0553274503 038550120X 0451524934 0440226430 0440234743 0380789019 0028604199 0156012197
219497,0449221490 0449219461 0449003787 0449003795 0449219364 0553280341 0446610038 0449221512 0449221482 0553284789
219530,0446310786 0451524934 0345342968 0316666343 0316769487 0385498802 0140042598 0060929871 0440180295 0375727345
219546,0553380095 044021145X 0446611867 0345348036 0020442203 0140481389 0385504209 0312983824 0553274295 0684801523
219590,059035342X 0439136369 0439139600 0842329218 0316666343 0842329242 0842329250 043935806X 0440213525 0345339681
219593,0385504209 0375726403 0156027321 0142001740 0679781587 0060934417 0743418174 0316776963 0452282152 0142001430
219597,0385504209 0156027321 0060987103 0060930535 0060934417 0679781587 0312305060 0671027360 0312195516 0142001740
219609,0440235596 014028009X 0440226430 0440217547 0446672211 0440224780 0440236991 0316666343 0446608955 0380018179
219671,0439136369 0439064872 0345342968 0439139600 043935806X 059035342X 0441172717 0439139597 0441102670 0441104029
219683,0345342968 0399501487 0452279178 0671042858 0451170385 0451142934 0451163524 0451156609 0451169514 0670844527
219722,0440224675 0099771519 0440206154 0060502258 0140620427 0345361792 0140620109 0552998001 0141007338 0140620222
219729,0375726403 0452282152 067976402X 0060987561 0140254544 0345361792 0142001740 0060934417 0375707972 0385492081
219769,0380789035 0345342968 0312983271 0312980159 0380789019 0345361792 0062502182 0440180295 043935806X 0451524934
219813,3442541751 3492045170 3423202327 3423201509 3426029553 325722575X 3257229534 3423202947 3442092981 3257227809
219915,0316601950 0345446860 0062502182 0553208845 0553579983 0345391810 044651652X 0553564528 0684801221 0380977788
219921,0446612790 0446610038 0446612545 0446605484 0446606189 0425180638 0446611212 0446364193 0316693006 0446611085
219924,0316601950 0451190491 0671021001 0451156609 0061009059 0553268880 0451190572 0385720106 0375727345 0451190556
219949,0385722206 0312195516 0060934417 0070212570 0060976845 0679781587 0316284955 0312305060 0440222656 0345424719
219951,0553280341 0061009059 0553271636 0553279912 0440234743 0553279556 0028604199 0449223612 0440236673 0312966091
219955,0345423402 0515133876 0441304834 0515134481 0515134465 0441000916 0515134449 0345384466 051513449X 0441001971
219963,044023722X 0679781587 0060928336 0060959037 0452282152 0316284955 0446605239 0375703055 0060930535 014028009X
219974,0385504209 0399150897 0316603570 0316693006 0312265867 0385508042 0316602906 0316603287 0385511612 0553802496
219992,0375707972 0312278586 0684874350 0316601950 0385722206 0449911519 006016848X 0312195516 0060938455 0060977493
219993,0452282152 0553572997 0345391829 0345391802 0452264464 044651652X 0345391837 0345391810 0345342968 0385504209
220013,0345353145 0345370775 0345380371 0345378490 0345391055 034540288X 0345417623 0345402871 0440213525 044021145X
220081,3442541751 3150000017 3492045170 3423202327 3423201509 3257229534 3423202947 3257227809 3426029553 3442092981
220091,0446610038 0446364193 044023722X 0449003795 0553279912 0446608815 0440234743 0449003787 0440241073 0446611212
220095,0449005615 0385504209 0684872153 0312305060 0142001740 0312422156 044023722X 0385510438 0316096199 0060934417
220099,0385508042 0385503822 0385511612 0316693006 044651652X 0385510438 0316969680 0451191145 0385504209 0316693235
220122,0142001430 0060934417 0140298479 0553572997 0375706771 0316776963 0312282990 0385504209 0385722206 014029628X
220240,0345417623 0385730586 0345361792 0786868716 0345402871 0786881852 0316769487 0804106304 0312278586 0385335482
220248,059035342X 0385504209 3423202327 3257229534 3442541751 3423201509 3150000017 3257218370 3492045170 0971880107
220278,0140293248 0385335881 0345387651 0385335482 0316781266 0142000205 0446611085 0316969443 0553582747 0553279912
220296,0330332775 0330367358 0316284955 0312278586 0747538484 0747546290 0747551006 0747532745 0590112899 0552996009
220297,0316776963 0316666343 0375726403 0312282990 0375725784 038572179X 0316779423 0525947647 043935806X 0375701907
220307,0515128554 0515128546 051513287X 0515131229 0515126772 0515132020 0515121843 0373244487 051512608X 0425183971
220314,0345337662 044651652X 0345313860 0316769487 0312924585 0446606189 0671003755 0446601241 0440222656 034538475X
220326,0142001740 0786868716 0385504209 0743418174 0385503822 0312265859 0385510438 0156027321 0553582763 0312995423
220343,044023722X 0060928336 0679781587 0060959037 0316284955 2070360024 2253063339 0375702709 0425167313 0425162443
220344,0345339703 0345339738 0345339711 0345339681 043936213X 0385504209 0553296981 0425083837 0553260111 0440221471
220399,0671027360 0312980140 0312976275 0312971346 0061009059 0446611212 0312966091 0312983271 0671001795 0312983867
220435,0440211263 0375700757 0060987103 0446605239 0440212561 0060928336 0060502258 0804106304 0452282152 0440222656
220471,0971880107 0385504209 059035342X 0439139600 0671021001 043935806X 3442541751 3150000017 0140042598 0439064872
220484,0446310786 0316769487 0312278586 0385335881 0684801523 0451524934 0440180295 0060928336 0451163966 0679746048
220490,0552124753 0552131067 0552128481 0061092177 0552131075 0552134651 0552134627 0552131059 0061057649 0552137030
220498,0375726403 0316096199 0316666343 0156027321 0374129983 0375412530 0151008116 0385504209 0385494246 0425152251
220503,0312966091 0312966970 0312971346 0061009059 0671001795 0312983867 0312265867 0312983271 0312265859 0312990456
220564,0385486804 0312195516 0060930535 0679745203 0316776963 0440127793 0345342968 0060929871 0553272535 0399501487
220586,0375727345 0345443284 0375707972 0446672211 0060959037 0385265700 0316569321 0743237188 0345439104 0316899984
220597,0515128546 0515126772 0515133973 0515128554 0373484003 051511779X 0373243286 051512317X 0373483503 0515127833
220608,0060976845 0312195516 0446672211 0060959037 0671003755 0316601950 0671021001 0375702709 0452282152 0142001740
220620,0316666343 0312291639 0312195516 0330367358 0091867770 0553279378 038542017X 0552124753 0330332775 0380731851
220628,0671003755 0312195516 0440401585 0345337662 0060938455 0553380095 0679723110 0385505833 0440487617 0345313860
220635,044022425X 0060915544 044021145X 0345350499 038542017X 0452282152 0060928336 0743227441 0553268880 0440226104
220664,0679781587 0380002930 0060938455 059035342X 0380789035 0312305060 0452282152 0441003257 0312195516 0385722206
220688,0060976845 0060928336 0439139597 0671041789 0312195516 0385335482 0385335881 0375727345 0060392452 0316284955
220717,0440241073 0440236673 0380731851 0440234743 0440225701 0440220602 0671027360 0425182908 0345417623 0440241537
220724,0345384466 0345337662 044651652X 0140293248 0060928336 014028009X 0345313860 0385335482 0425152251 0140298479
220753,0440204887 0786881852 0446611867 0786868716 0140067477 0743418174 0451526341 0316096199 0385730586 0553272535
220757,0786881852 0316769487 0345413350 0064472272 0140430725 0312195516 0380012863 0446532231 014100018X 0380778556
220759,0375727345 0142001740 0440226430 0385335482 0060928336 0385336179 0060502258 0140293248 0385265700 0452282829
220867,0399501487 0330332775 0440498058 0451142934 0553573136 0451163524 0425128164 0425124347 0451173317 0140067477
220892,0345351525 0345313860 034538475X 0345384466 0060930535 044651652X 0345370775 0345409671 0312195516 0060928336
220911,0385335482 0312278586 0385336179 0312291639 014028009X 0440226430 0060502258 0446605239 0385335881 0316601950
220931,0441569595 0345314255 0345342968 0380789019 0345378482 0812511816 0671004107 0345339681 0441172717 0345313151
220945,0441569595 0345380371 0345353145 044021145X 0345391802 0345314255 0425152251 0449212602 0553274503 0446364193
220958,0099771519 0330332775 0552124753 000649840X 0552137030 0330367358 0552996009 0552996181 0552998486 0552998001
220974,8408043641 8432206407 8445071416 8433969978 8478884955 0312924585 8477204055 8420616893 8478886451 8478884459
221008,0060976845 0142001740 0061009059 0312195516 0312966970 0671001795 0312990456 0312971346 0440241073 0316666343
221014,3442541751 3150000017 3423201509 3492045170 3423202327 3426029553 325722575X 3257229534 3257227809 3423202947
221033,0312278586 0671041789 014131088X 0316769487 0064472272 0380814021 0441790348 0345413369 0812550706 0689817851
221040,0156027321 0452282152 0060930535 0142001430 0375725784 0385722206 0385504209 0060987103 0312195516 0375726403
221050,0385484518 0671021001 0375727345 0060976845 0316601950 0452282829 0316666343 0446672211 0312195516 0316899984
221080,0671021001 0375706771 0060928336 0446672211 0679746048 0060976845 0971880107 0385335881 0440226430 0743418174
221114,0440214041 0440213525 044021145X 0440220602 0440224764 044022165X 0440236673 0440221471 0385424736 0440234743
221124,0312305060 0452282152 0060930535 0060938455 0312195516 0375700757 0316569321 039592720X 044023722X 0452282829
221185,0345350499 0345378482 0440206154 0345369947 0440222656 0345413350 0380820889 0385512104 0312924585 0553562738
221186,0446610038 0671004530 0446612545 0312291639 0446605239 0440226430 044023722X 0140293248 0446611867 0440236673
221190,0515131229 0446606812 051513287X 0515130389 0515133973 0515136379 0446610399 0515120618 051513628X 0380018179
221232,0060930535 0312195516 0385504209 0439136369 0439064872 043935806X 0439139597 0671003755 0446310786 0446608955
221262,0440211727 0440214041 044021145X 0440220602 0671021001 044022165X 0440221471 0440224764 0446672211 0312983824
221282,0312278586 0140293248 0446359866 0316666343 8806143042 0440225701 0316284955 0446672211 0385479565 0345391055
221309,0345337662 0345351525 0345384466 0345404319 0345397819 0345409671 044651652X 0060930535 0345369947 0060928336
221327,0345417623 0440213525 0446606324 0446611212 0446607711 0316601950 0440241073 0345413903 0553279378 044023722X
221368,0316777730 0316666343 0671021001 0060392452 0385492081 0385720920 0679746048 0345313860 0312282990 0061092177
221445,0060976845 0440220602 0440225701 0440224764 0061009059 044021145X 0440213525 044022165X 0440226430 0440221471
221494,0345342968 0375725784 0440222656 0440206154 0446394521 0399149325 0374199698 0786885688 0553210092 0441003257
221495,0786868716 0345339681 0316096199 0345361792 0140067477 044651652X 0385492081 0316666343 0452264464 0345378482
221510,0671695126 067164257X 0312291639 0671534734 0440207622 0671534718 0671729411 0671534742 0440217547 0671695142
221524,0425163407 0440226430 044021145X 0425154092 0440225701 0440214041 0440221471 044022165X 0316284955 0380018179
221535,0451191145 044651652X 0345301110 0345391810 0345348036 0345334531 0743206045 0553284363 0684833395 0312980159
221543,0385504209 044023722X 0446608955 0061015725 0446605239 0385484518 0312995423 0553582747 0671027387 0066214122
221550,0446532231 0590353403 0060392452 0064400557 0060938455 038550926X 0142004235 0440226430 0439064864 0385510438
221557,0446672211 0345313860 0312195516 0060928336 0345439104 0060976845 014028009X 0440214041 0316601950 0452282152
221655,067976402X 0375706771 0449907481 0316666343 0375707972 038533334X 0060987561 0142000205 0316781266 0380730138
221672,0451169530 0099771519 044651652X 0446608955 0330262130 0345313860 0380789035 0399501487 0156027321 080410526X
221681,0425154092 0425147622 0425175405 0399146253 0380718340 0385497466 0684195984 0385508042 0425163407 0380718332
221687,0060502258 0842329218 0316769487 0842329242 0345378490 0842329250 0446532231 0553580221 0345391055 067102423X
221690,0375727345 0316601950 0316666343 0142000205 0452282829 0060976845 0375726403 0345443284 0446672211 0060987561
221701,0060987529 0312195516 0060930535 0060987103 0375725784 0140298479 0671027360 0385504209 0679781587 0345313860
221705,034541389X 0446612790 0440241073 0446610038 0553582747 0345413903 0671004530 0446612545 0440236673 0446607657
221725,0671027360 0385504209 0345413903 0316601950 0142001740 0452283205 0345446666 0440236703 0743455967 0060930535
221726,0786868716 0399144463 0786881852 0679781587 0446610038 0446677450 0316096199 0786866020 015100692X 0449005615
221732,0380789035 0312291639 0441003257 0345348036 0446610038 0446612790 0385492081 0380002930 0061020400 0061059072
221753,0380002930 0060915544 0345361792 0156528207 0836218256 0836204387 0670805149 0836218353 0385722206 0671510053
221777,0440226430 044651652X 0439064872 0316666343 0070212570 059035342X 0142000205 0446605239 0446608955 0345443284
221870,0345337662 044021145X 0380718340 0345384369 0553580221 0425158616 0425107469 0446610038 0425154092 0380717018
221871,0385504209 0312195516 0446672211 0142001805 0316601950 0345439104 0671027360 0345313860 0553250531 0679781587
221932,0679781587 067102423X 0345337662 0452283205 0425172996 0451161351 0425166619 0553582763 0099771519 0446608815
221946,0440241537 0786868716 0312278586 0062502182 0316096199 0440236673 0399144463 0385498802 0375725784 0156027321
221948,0385504209 0375706771 0060930535 0156027321 0060976845 044023722X 0375726403 0385722206 0140293248 0312195516
221967,0446672211 0142000205 0316601950 0375707972 0375727345 0671021001 0671510053 0316666343 0440226430 0316569321
221981,0446610038 0446606189 0446604801 0446608815 0440234743 0446364800 0425154092 0446601241 0440224675 0440236673
222034,0446605239 0446611867 0312278586 044023722X 0515130389 0446531332 0446608955 0345353145 0515131229 0671727796
222035,0440234743 0440236673 044023722X 0440241073 0446611212 0446607657 0446601241 0446364193 0345417623 0451166892
222041,0060392452 0380789019 0440222656 0441569595 0312995423 034543076X 0553573403 0671027360 0451457935 0440221471
222050,0156528207 0380002930 0062502182 0440178002 0345348036 0140143505 0070212570 0345361792 0064407667 0345427637
222054,0679781587 0312305060 0375700757 0553279556 0553271636 0399150838 0786817070 0449221512 0446605239 0061009059
222138,0345417623 0066214122 0425143325 0425122123 0440206154 042510107X 0425147584 0425083837 0425116840 0553260111
222150,3442541751 3150000017 3492045170 3423202327 3423201509 3257227809 3257229534 325722575X 3423202947 3426029553
222152,0385504209 0385508042 0385511612 0671027360 0142001740 0316969443 0446531332 0385503822 0316666343 0786868716
222204,0380752859 0345314255 0345438329 0553262505 0553273914 0345313151 0345323440 0553296981 0316096199 0425144429
222207,0452282152 0375725784 0375727345 0140298479 0060959037 0316776963 0316601950 0385722206 0142001430 0316666343
222210,0446672211 0316601950 0375707972 0375706771 0671021001 0060928336 0312195516 0671003755 0316569321 0345443284
222217,0440241073 0440224764 044022165X 044023722X 0440236673 0440214041 0440211727 0440225701 0440221471 0446364193
222220,0316666343 014028009X 0060987561 0385504209 0446310786 0060976845 0609804138 0671021001 0446611212 0061009059
222292,0385504209 0375725784 0316776963 0060392452 0060977493 0385720955 0312282990 0451163966 0446532231 0679746048
222296,0316776963 0312195516 0385505833 0312421273 0062502182 0060391626 0060938455 0380002930 034536676X 0375727345
222298,0440241073 067976402X 0671510053 0446672211 0380789035 0440224764 0385492081 0671021001 044651652X 0375703764
222353,0316601950 0060928336 0061009059 059035342X 0553574663 044922046X 0553574639 0449003795 055357258X 044651652X
222363,0804106304 0316666343 0671021001 0385730586 0316601950 0385335482 0804114986 068484477X 068484267X 014100018X
222368,3442541751 3492045170 3150000017 3423201509 3423202327 3257229534 325722575X 3423202947 3426029553 3257227809
222372,0345313860 0345351525 0312195516 034538475X 0345384466 0156027321 0449212602 0060175400 0446601241 0375703861
222391,3442541751 3150000017 3492045170 3423201509 325722575X 3257229534 3426029553 3257227809 3442092981 3404148665
222404,3150000017 3492045170 3423202327 3423201509 3257229534 325722575X 3423202947 3426029553 3257227809 3442092981
222427,044651652X 0440220602 0446670251 0345337662 0312924585 0679746048 0099771519 0971880107 038549081X 0439136350
222457,3442541751 3150000017 3423201509 3423202327 3492045170 3257229534 325722575X 3426029553 3423202947 3257227809
222488,3442541751 3150000017 3492045170 3423201509 3423202327 3257229534 3423202947 3442092981 3257227809 3404148665
222492,0345313860 0345370775 0345351525 0345384466 0452282152 034540288X 034538475X 0312195516 0345369947 044651652X
222501,0446605239 059035342X 0312278586 0446608955 0440213525 0446610399 0446531332 0385730586 0345370775 0345378490
222506,0312966970 0312971346 0312980140 0312966091 0061009059 0312976275 0671001795 0312983867 0312265867 0312990456
222563,0786868716 0842329277 0842332251 0439064872 0345339681 0842329285 084232920X 0842329161 084233226X 0316666343
222609,0380789035 0439064872 0345342968 0062502182 0380789019 0312980159 051513287X 0345361792 0440180295 0312983271
222614,0671027360 0312995423 0385504209 0061015725 044023722X 0142001740 0385337116 043935806X 0312305060 0440241537
222621,3150000017 325722575X 3423202327 3492045170 3257229534 3423201509 3257227809 3423202947 3426029553 3442092981
222622,3442541751 3150000017 3423202327 3423201509 3492045170 3426029553 3257229534 325722575X 3423202947 3257227809
222638,0440214041 0440213525 044022165X 0440211727 0440221471 0440220602 0440224764 0345380371 0446359866 0440222656
222670,0345337662 0316769487 0345342968 0060929871 034538475X 0345313860 0312924585 0345351525 0441569595 0380789019
222677,0440236673 0385504209 0060930535 0375700757 0679781587 0440234743 0312291639 0425180638 0446364193 0671027360
222683,0553573403 0345337662 0671003755 055357339X 0316776963 0451456718 0425181685 0446516538 038550926X 0671721291
222688,0515126772 0515131229 051513287X 0515132020 0440226430 0515121843 0440235596 0515135062 051512317X 0446611867
222716,0345337662 0156027321 0440221471 0440224764 0060928336 0385335482 0440211727 0440220602 0440214041 0440213525
222743,0440234743 0440221471 0440236673 0440225701 0440241537 0440220602 044023722X 0440211727 0440213525 044022165X
222788,0060915544 0156027321 0399501487 0345370775 0452260116 0451191145 0140067477 0375707972 0449907481 0345417623
222834,0312195516 0679781587 0060930535 0671003755 0316601950 0671021001 0316666343 0385502532 067976402X 0140244824
222854,0375700757 0345348036 0312976275 0312980140 0064408647 0312971346 0446606189 0064407691 0156528207 0312966970
222884,0440226430 0440200563 0440176484 0440184053 0440213282 0440207622 0440217547 0440221315 044651652X 0440220602
222906,0515131229 0451203771 051513287X 0446610399 0446611867 0515132020 0060987103 0446608955 0446606812 0688177751
222912,2253063339 2253150711 2266023039 2290311782 2253057843 2205054252 2253005274 2070408507 2277260029 2253152846
222914,0380789019 0062502182 0380789035 006099486X 0671024248 0679429220 0375504397 0312195516 0393319296 0452279178
222918,0345339681 0345387651 0345339703 0684872153 0671250671 0345339711 0684874350 0375700757 0804106304 0440206154
222941,0425154092 0380718340 0425175405 0425163407 0425180638 0425169863 0440224764 0380710218 0446610038 0446601241
223034,0060928336 0446606812 0380018179 0446605239 0553268880 080410526X 0804106304 0375707972 0440241073 0671727796
223066,0553273914 006101351X 0671510053 0553572997 0385492081 0380789035 0345427637 0684874350 067976402X 0345361792
223078,0099771519 0060392452 000649840X 0552137030 0330332775 0552124753 0552996009 0091867770 0552131067 0552998001
223087,014100018X 0140293248 0061009059 0345353145 0312966091 0385730586 0345423291 0345445848 0316601950 0316089699
223105,0552124753 0552131067 0099771519 0552128481 0552131059 0380977788 0552131075 0552134627 0552140295 0552996009
223132,0440241073 0312966091 0312980140 044023722X 0061009059 0312966970 0312971346 0312976275 0671001795 0061015725
223143,0316666343 0449005615 0312421273 0385492081 0446532231 0385504209 0312282990 0316776963 0743418174 0385486804
223154,0060502258 0060987103 0446364193 0440226430 0425180638 0375706771 0671003755 0061009059 0060987529 0440236673
223156,0425107469 0553580221 0345386108 0345384369 0425144429 042513525X 0345384350 0345378490 0425128164 044023722X
223161,067088300X 0375702709 0375700757 0345439104 0452260116 038082101X 0380731851 0385505833 014029628X 0316601950
223174,0441002935 0441001971 0441003745 0345423402 0441004520 0425181685 0441304834 0441005241 0441005748 0345350499
223190,0553250426 044651652X 0553250531 051513628X 0439064864 0515131229 0439136350 0515132020 0439064872 0515130389
223201,0316602906 0385504209 0440236738 0553582127 0385510438 0345452534 0316693235 0345452550 0316603287 0385503822
223210,0316666343 0312195516 0446672211 014025448X 0375726403 0060930535 0375502238 0316601950 0345435168 0452282829
223231,0553213148 0064400557 0380814021 0312195516 0440498058 0394820371 014131088X 055321313X 0446608955 0553213172
223238,0385504209 0060976845 0375725784 0060977493 0375707972 0345387651 0671027360 0060928336 0385720955 0375706771
223253,0440234743 039480001X 0684874350 0385424736 0385472951 0425083837 006016848X 0553271636 0385493800 0385508042
223291,0385484518 0312195516 0679781587 0060175400 0671003755 0345361792 0385720106 0671708635 0679457526 0684848783
223325,0345351525 034538475X 0345384466 0345409671 0060928336 0345397819 0345404319 0553580221 0345422384 0345369947
223326,0316284955 0446310786 0671021001 0312195516 0312278586 0440235596 0446672211 002542730X 0446608955 0385504209
223375,0385492081 006099486X 0061015725 0345361792 0440180295 031242227X 0062502182 0060938455 0425185710 0380789035
223386,2253063339 2253150711 2253044903 2070360024 2290311782 2266023039 2070408507 2205054252 2253057843 2253005274
223402,0375707972 0142000205 0375727345 0452282829 0380730138 0316601950 0375700757 0345443284 0060987561 0671003755
223431,0316666343 0440226430 0380731851 0385504209 0446612545 0440241073 0446610038 0446611212 044023722X 0375725784
223438,0312278586 0385335482 0140293248 0385336179 0425107469 0440226430 0140298479 0312291639 0425144429 042513525X
223454,0345387651 0440206154 0446310786 0440226430 0440224675 0345313860 0312924585 0345413873 0449223612 0425163407
223455,0553250426 0345337662 0553280945 0553289411 0609610597 0345351525 0590353403 034538475X 0439064864 0312305060
223461,0345443284 0345439104 0446610038 0684874350 0449003787 0553578693 0312966970 0553578022 0446607657 0553578685
223501,0446530891 0446532231 0385337116 0553582127 0399149155 0399151451 042516098X 0525947299 0452264464 0679781587
223503,038542017X 0553274848 067169507X 0375707972 0440241073 0440212561 0140293248 014025448X 0312195516 0805063897
223525,0385475721 0375412530 0375726403 0316096199 0439064872 0316781010 0060987561 0060188731 0345361792 0316089699
223530,0385504209 0316666343 0060392452 0156027321 0375726403 0060930535 0380731851 0385505833 014023313X 0375706771
223554,0316666343 0140293248 0316096199 0446605239 0385335482 014028009X 0316769487 0440206154 0060928336 0743418174
223566,044023722X 0671027360 0385335482 0451167317 0451526341 0553296981 0451184963 0451172817 0399501487 0385336179
223587,0515131229 0515132020 051513287X 0515128554 0515126772 0515128546 0515121843 0373218192 0373218397 0446611867
223593,0671027360 0316569321 0312995423 038550926X 0743224574 0060938455 0441172717 0345339681 0316776963 043935806X
223608,0425175405 0316666009 0425154092 0446601241 0380718340 0425147622 0399143947 0345417623 0385503822 0399146253
223642,0451456734 0440215625 0441304834 0441001971 0441000916 0440212561 0446608815 0441002935 0441005241 0345350499
223644,0440221471 0440234743 0440214041 044022165X 0440213525 034536676X 0064471047 044021145X 0440211727 0446604801
223701,3442541751 3492045170 3423201509 3150000017 3423202327 325722575X 3257227809 3257229534 3426029553 3423202947
223714,0316969680 0316693200 0316666009 0316693006 0385508042 0385490992 0385505833 0385511612 0316693251 038550120X
223721,0439064872 0316666343 059035342X 0439136369 0380731851 0842329129 0671708635 0842329218 0684872153 0553272535
223734,0385424728 0060175400 0440213991 044651862X 0345380371 0440220602 044021145X 0449223612 0446515078 0449219461
223768,0440222656 0060930535 0345439104 0452282152 0375727345 0060976845 0316569321 0679781587 067976402X 0312195516
223784,0446606812 0446672211 0446605239 0446611867 044023722X 0312995423 0515130389 0553582747 0446608955 0440241073
223787,0156027321 0312305060 0449005615 0786868716 0375726403 0385503954 0060958022 0312422156 0385337116 0385722206
223814,0060915544 0060938455 0679720200 0060977493 037582233X 0441790348 0064471047 0380012863 059035342X 0064400557
223816,0345423402 0425181685 0441007813 0441008534 0441009239 0515133876 0441010512 0345435273 0345337662 0380789035
223872,0375725784 0345413350 0151008116 0380789035 0446310786 0312282990 0380977788 0060977493 0380002930 0449223604
223873,0671041789 0451160525 0399501487 0451524934 0451184963 0375702709 0451169514 0380789035 006101351X 0380789019
223879,0671027360 0440241073 0446612790 0440241537 0061015725 0345413903 0380731851 0446611212 0312995423 0446611611
223892,0385492081 0440211263 0440226430 0449003787 0060930535 0425180638 0440223202 0345413903 0312291639 0684874350
223927,0345337662 0345313860 034538475X 0345384466 0345397819 0345409671 0345404319 044651652X 0345434803 0345369947
223953,0439064872 059035342X 0064471101 0439136369 0439139600 043935806X 0064407667 0064471055 0439139597 0060987103
223954,0316666343 0316776963 0375725784 044023722X 0446672211 0312421273 0060987561 0142000205 0452282152 0345443284
223977,0385484518 0060928336 0786868716 0679746048 0553296981 0446605239 0312195516 0316666343 0066214122 044651652X
223990,0375707972 0375706771 0060930535 0060959037 0385720106 0452282829 0380730138 0316781266 0375727345 0671003755
223992,0316666343 044021145X 0060392452 0070212570 0312274920 0670031909 0553572997 0380977788 0553377868 0380789019
223997,0156027321 0671027360 0066214122 0312278586 0440211263 0440222656 0440212561 0553250426 0553275976 0446602620
224003,0380789035 0316776963 0385492081 0743418174 0385486804 0446391301 0380789019 0385722206 015100692X 014028009X
224064,2253063339 2253150711 2253044903 2070360024 2290311782 2266023039 2070408507 2205054252 2253057843 2253005274
224085,0312291639 0671534734 0671534718 0671642561 0061020710 0671534742 0671695169 0671759345 0671695126 0671525433
224108,002542730X 0140293248 0060502258 0312278586 0385492081 0743418174 0345339681 051513287X 0142000205 0028604199
224121,0312305060 0552137030 0316569321 0679781587 0312966970 0349101779 031242227X 0312274920 0060938455 0312976275
224122,0385504209 0452282152 0316666343 0099771519 0385498802 0062502182 0345342968 0151008116 0142001430 0552998486
224138,0385484518 0375700757 0345342968 0553272535 044023722X 0316666343 0142004235 0345380371 0060934417 0679746048
224146,034540288X 0345380371 0345353145 0440221471 042510107X 0425109720 044021145X 0312924585 0345378482 0345378490
224159,0452282152 0312282990 0060934417 0345387651 0060976845 0375727345 038082101X 0449907481 0345424719 0385486804
224183,2253063339 2253150711 2253044903 2070360024 2266023039 2290311782 2205054252 2253057843 2070408507 2253005274
224203,0671021001 0312195516 044021145X 0385504209 0446672211 0060928336 0060930535 0316601950 0671003755 0440220602
224209,0316666343 014028009X 0060938455 0312195516 0156027321 0385335482 0679781587 0060958022 0446672211 0060915544
224226,0316601950 044021145X 0060928336 0375706771 0312195516 0316284955 0060959037 0671021001 067976402X 0316769487
224236,0312195516 0375706771 0060928336 0671021001 0060976845 0446672211 0452282152 0385504209 0061097101 0375727345
224241,3492045170 3150000017 325722575X 3423201509 3423202327 3426029553 3257229534 3257227809 3423202947 3442092981
224249,0316666343 0385484518 0142000205 0345443284 0452282152 0375726403 0385720106 0385265700 0061097101 0671510053
224269,044651652X 044651862X 0316693200 067697175X 0553375407 0679459618 0671880314 051513287X 0385484518 0451183665
224289,0515131229 0441002935 0441005241 0441000916 0441001971 0515128546 0425183971 0441003745 0515132020 0441005748
224303,0446672211 0440226430 0439064864 0439139600 0439064872 043935806X 0590353403 0440214041 044651652X 0345337662
224308,0671027360 0449003795 0312995423 0375707972 0440236703 0345387651 0312983271 043935806X 0385504209 0375700757
224316,0316769487 067976402X 0375707972 0440212561 0345370775 0671027573 0099771519 0440206154 0375727345 0671510053
224340,0671027360 0316666343 0312195516 0446612790 0446611212 0440241073 0156027321 0440234743 0553582747 0446610038
224342,0385504209 0385510438 0316666343 0385508042 0385511612 0671027387 0066214122 0312995423 0316693006 0316603570
224349,0156027321 0060987103 0385722206 0385486804 0316666343 044021145X 0345353145 0440213525 0345402871 0440214041
224360,2253063339 2253150711 0380789019 2070360024 2266023039 2290311782 2253057843 2205054252 2070408507 2253005274
224366,0345370775 0399501487 0142001740 0553572997 002542730X 0345391802 0345404114 0345342968 0804106304 0380002930
224430,0440226430 0061097101 0316096199 0385335482 0446672211 014029628X 0142001430 0060934417 0345445848 0312195516
224435,0312195516 0385504209 0156027321 0385486804 0140067477 0385484518 0345337662 0786868716 0375700757 0070212570
224439,0590494457 0399144463 0590466194 0590483552 0590483455 059045367X 0590568752 0590453653 044651652X 0590483501
224450,044023722X 0452282152 0060959037 0679781587 0060928336 0375700757 0375705856 0060930535 0767900383 0553574574
224460,0345361792 0446604666 0679781587 0060920084 0440206154 0449005615 043936213X 006101351X 0452264464 0385512104
224479,0316666343 0385484518 0375727345 0446605239 0316569321 0060928336 0446611867 0316601950 0786868716 0375706771
224525,0743418174 0875421180 0345350499 044651862X 0446610038 0060502258 0439136350 0786868716 0786881852 0670880728
224564,0671021001 0440221471 0312966806 0440213525 0440226430 0440241073 014028009X 0671003755 0380731851 067976402X
224572,0440226430 0385730586 0061097101 043935806X 0671024248 0439136350 0451167317 038572179X 0375726403 0345361792
224606,0552131067 0552137030 0552128481 0552131059 0552131075 0552134627 0552140295 0552145424 0552134635 0552134651
224609,0316666343 0552124753 0552137030 0552131067 0552128481 0552131075 0552131059 0552134627 0552134619 0380813815
224611,0156027321 0060938455 0679781587 0786868716 0671027360 031242227X 0743418174 0316969443 0385337116 0312282990
224626,0060928336 044023722X 0316666343 0440213525 0440241073 0385497466 0446608955 0316969680 0446610399 0066214122
224635,8408043641 8445071416 8432206407 8433969978 0312924585 8420616893 8478886451 0441172717 8478884459 8425337690
224646,0062502182 0330332775 0312291639 0099387913 0393312836 0552996009 0671021001 0446672211 0330489461 0679735771
224764,0451184963 0440206154 0451176464 0345387651 0425144429 0553579754 0061097314 0553582747 0446607657 038572179X
224768,0380789035 0380789019 0671004107 0441003257 0345348036 0060987103 0553560735 0553562614 0441569595 0066214122
224809,0316666343 0375727345 0316601950 0671038184 0060976845 0142001740 0671003755 0380730138 0142000205 0060928336
224830,059035342X 0679781587 0439064872 0449005615 006101351X 0385492081 0385486804 0312291639 0439136369 0316777730
224897,0440221471 0446672211 044023722X 0449219364 0440226430 0743418174 0440225701 0060928336 0449212602 0449221482
224904,0316096199 0440226430 0316666343 0312278586 0142001430 0312983824 0446679593 0451205421 0373825013 0515133418
224923,0060987561 0451526341 0375727345 0385265700 0385492081 044022165X 0060938455 0142000205 0451524934 0671021001
224924,0345427637 0385720106 0385504209 044021145X 0062502182 0425152251 0452264464 0380002930 0449907481 0380730138
224927,0316666343 0446672211 0060928336 0440226430 0671021001 067976402X 0671003755 0446310786 0312278586 0316776963
224944,0440211727 0316569321 0385505833 0385504209 0060976845 0060928336 0452282829 0446516538 0316601950 014028009X
224985,0060987103 0375725784 044023722X 0060915544 0312278586 0679429220 038572179X 0140119906 0140293248 0449003787
224997,0440226430 0440222656 0312983271 0440221471 0440225701 0515135062 0446611085 0440224764 0515131229 0385504209
225002,0316769487 0345342968 0385484518 0156528207 0671755064 0345417623 0345370775 0345378482 0451524934 044023722X
225010,0140254544 067976402X 0140257934 0312305060 0440241537 0140265686 031242227X 0440241073 0385492081 0140270590
225022,0312278586 0385335881 0440235596 0140293248 0385335482 0440226430 006101351X 880781210X 0449003787 0425163407
225065,0316769487 0451524934 0345342968 0446310786 0440180295 0671027344 0553208845 0345391802 0064400557 0439064872
225066,0345337662 034538475X 0345384466 044651652X 0060930535 0375726403 0142001740 0345409671 0060976845 0345439104
225078,0385504209 0671027360 0345339681 0345339703 0439139597 0439136369 0439064872 0156027321 0440234743 0439136350
225087,0515133973 0440222656 0446610038 0446363251 0446607657 0446612790 0451197399 0440211727 0380717018 0345342968
225154,0316777730 0671027360 0060987103 0380789035 0060987529 0385504209 0316779423 0446670111 0441003257 0451166892
225161,0440220602 0312924585 0440221471 0440213525 0345386108 0440224675 0345391055 0312195516 0140293248 8408043641
225187,0316666343 0671003755 0060976845 0452282152 0060928336 0385265700 0452282829 0375726403 0312195516 0446672211
225191,0439064872 059035342X 0345337662 043935806X 0439139597 0439064864 0439136350 034538475X 0345351525 0451172817
225199,0553572997 0380002930 0553582747 0345413350 0743227441 0446363251 0440226104 0446610038 0786881852 0375703055
225213,0449221490 0449221482 006016848X 0385335482 0440223202 0060938455 0440235596 0449003795 0446610038 0553284789
225232,0312195516 0316284955 0446672211 0440211727 0060392452 0316666343 0060938455 068484267X 0060958022 0316969443
225286,0385484518 0380002930 0070212570 0451191145 0156027321 0345361792 0786868716 0446605239 0345384466 0140230165
225343,3442541751 3492045170 3423202327 3423201509 3257229534 325722575X 3423202947 3426029553 3257227809 3442092981
225357,0375700757 0449213943 0375705856 0446606189 0345348036 0316781266 0312976275 0743436210 0452282152 0553279378
225366,0312924585 0440224675 0345370775 0316769487 0671021001 0345387651 0316666343 0439136350 067102423X 043935806X
225378,0060928336 0446670251 0316777730 0385335482 0140042598 0671617028 0316769487 0060930187 0446519138 0312278586
225379,034538475X 0345342968 0451161351 0345339703 0446310786 0345361792 0451526341 0399501487 0345384466 0345397819
225411,0060502258 0446310786 0441003257 0440180295 0345391802 0345361792 0679745203 0451163966 0316769487 0446610038
225414,2253063339 2253044903 2070360024 2266023039 2290311782 2253057843 2205054252 2070408507 2253152846 2253005274
225433,0091867770 0330367358 0099771519 0141007338 0330332775 0553382179 0312274920 0099521016 0330485385 0749395990
225435,0385335881 0060976845 0553572997 0140298479 0060934417 0385336179 044023722X 0385730586 0142004235 0446607657
225449,0449003795 0446610038 0553582127 0446608815 0425182878 0553578022 0345447867 0449221504 0425182908 0440241073
225471,0060959037 0385720106 0679781587 044023722X 0452282829 0142001740 0345443284 0142000205 0060391626 0060921145
225542,0441304834 0345423402 0515133876 0441001971 0441003745 0441002935 0441008534 0441005241 0515134449 0345313860
225593,0142001740 0449005615 0060958022 0452282152 0316776963 0380789035 0425152251 0156027321 0385722206 0670030643
225595,0060392452 0312278586 0671027360 0066214122 0553582747 0312263120 0312282990 0446602620 0380731851 0316693006
225610,0142001430 0385722206 0060930535 0375705856 0671510053 0609804138 0312201656 0449005615 0684874350 0385420161
225612,0671027360 0312195516 0156027321 0316666343 0060930535 0142001740 0452282152 0312263120 059035342X 0060928336
225617,0345370775 044021145X 0345353145 0440214041 0345380371 044022165X 0440220602 0440206154 0440224764 034540288X
225634,0553296981 0786868716 0060248025 0060938455 0446677450 0316769487 0060256737 0060392452 0345339681 0385484518
225659,0452282152 0099771519 0156027321 0142001740 0671003755 0399501487 0312422156 0385722206 0140293248 0140298479
225683,0446605239 0515130389 051513287X 0446608955 0446611867 0515132020 0440226430 044023722X 0515133973 0312278586
225686,0446610038 0440180295 0440998050 0345342968 0553274295 0345339681 0399501487 0684801523 0064472272 0446677450
225687,059035342X 0385730586 0064472272 0446310786 0316769487 0446608955 0440414806 043935806X 0446605239 0064407667
225721,0061015725 0345339681 0060987529 0060392452 0312282990 0671510053 031242227X 0385492081 0380789035 0671027387
225731,0060928336 0062502182 0671021001 0140067477 0380002930 0679745203 002542730X 0375706771 0316666343 0553375407
225763,0385479565 0312278586 0375725784 0380789035 0316666343 0380789019 0316969680 0553211404 0345339681 0440220602
225799,3442541751 0385504209 3150000017 3492045170 3423202327 3423201509 3257229534 3257227809 325722575X 3423202947
225810,0345441036 0553580221 0446611212 0060502258 002542730X 0446605484 0316693006 0553280341 0671004530 034541389X
225815,0345361792 006099486X 006101351X 0385492081 0440220602 014025448X 0440221471 0312201656 0449002632 0451169530
225822,3442541751 3150000017 3492045170 3423201509 325722575X 3423202327 3426029553 3257229534 3257227809 3423202947
225834,0446672211 0345337662 0440211727 044021145X 0385484518 0440224675 0345384466 0060928336 0440226430 014028009X
225867,0142001740 0142004235 0156027321 0385336179 0316776963 0060502258 0446670251 0385504209 0385335881 0140298479
225886,0449212602 0553578022 0380731851 0671617028 0590353403 0345413903 0380759497 0062502182 0345339681 0553575538
225887,0439139597 0439064864 0439136350 0590353403 0345339681 0385504209 0345339703 0671027360 0064407667 0345339711
225908,0671003755 0385486804 0345342968 0451172817 0385503822 0345380371 0399144463 0448095017 0440224675 0446520802
225910,0446310786 0060976845 0385504209 0142001740 0316601950 0451163966 0451524934 0060930535 0375727345 0385505833
225912,0312966970 0312990456 0312976275 0312980140 0312983271 0312971346 0312966091 0312265859 0312265867 0671001795
225935,0345370775 0345342968 0060502258 0142001740 0345339703 0440221471 034540288X 0553296981 0385335482 039480001X
225938,0312195516 0385504209 0156027321 0452282152 0316601950 0316666343 0060934417 0142001740 0060959037 0375726403
225939,0312291639 0142001740 0312983271 0345417623 0316769487 0399501487 0060928336 0060976845 0345350499 0446670251
225951,0552131067 0552137030 0552128481 0552131059 0552131075 0552134627 0552134635 0552134651 0552140295 0552134643
225960,3442541751 3150000017 3492045170 3423202327 3423201509 3257229534 3423202947 325722575X 3426029553 3257227809
225986,0330332775 0451169530 067976402X 0425154092 0099727412 0552137030 0552996009 0349101779 0590660543 0684801523
225989,0316666343 0440206154 0440224675 0345370775 0060502258 0060928336 0553279378 0385265700 0312291639 0671021001
225996,0345384466 0345423402 0140067477 0515133876 0515132020 0345351525 0441000916 0345337662 0441003745 0441304834
226003,0060502258 044023722X 0345370775 0345417623 0345353145 0345339681 0345391055 0345378482 0425180638 0446364193
226006,0553580221 0553582755 0553582747 0345384369 0451180232 0553579754 0425124347 0060987529 0425153975 0425181103
226069,0061009059 0312966091 0312966970 0312976275 0312971346 044922046X 031298328X 055357258X 0312983867 0553574663
226109,0316666343 0316969680 0316693200 0385503822 0316693235 0060934417 0316602906 0316666009 0060175400 0316603570
226184,2253063339 2253150711 2070360024 2266023039 2253057843 2205054252 2290311782 2070408507 2253005274 2253152846
226205,0312966970 0312990456 0312976275 0312983271 0312980140 0671001795 0312306326 0671027360 0312195516 0452282152
226209,3442541751 3492045170 3423201509 3423202327 3150000017 3257229534 325722575X 3423202947 3426029553 3257227809
226220,0553582747 0316666343 0553582755 0446610038 0553580221 0345413903 0440224675 0446601241 0425153975 0425144429
226267,0385504209 0142001740 0316666343 0375726403 0515131229 0316601950 0345361792 0446672211 0316776963 0452282152
226297,0671003755 0060915544 0140143505 044021145X 0385265700 0345391802 0385420161 0060964049 0060916508 0345436911
226336,0345339703 0345339738 0345339711 0345370775 0345378490 0440206154 0312924585 043935806X 0439064872 0345353145
226341,0446605239 0440226430 0316666343 0671727796 0440211727 0312278586 0060987561 0440224764 0375700757 0446610399
226349,0345353145 0345380371 0345378490 0316769487 0345337662 0440211727 0345391055 0345417623 0440214041 0345378482
226361,0375504397 0451184963 038529929X 0670844527 0670858692 067102423X 0679446486 0451176464 0684853507 0316666009
226362,0385424736 044021145X 0375504397 0385497466 0385424728 0385490992 0385508042 0425083837 0670844527 0385199570
226393,0060928336 0316666343 0140293248 0385335482 0312278586 014028009X 0312291639 067088300X 0671021001 0446672211
226394,0385486804 0552124753 0552131059 0552996009 0552128481 0552131067 0061092177 0552134627 0552131075 0552137030
226429,0743418174 0385335881 0312278586 0385336179 0316096199 0385335482 0375760911 0373250118 0743418204 0385730586
226462,044023722X 014028009X 0743418174 0385335482 0446672211 0451203771 0671021001 0312966806 0312291639 067976402X
226482,0440211727 0099771519 044021145X 0440214041 0440224764 0440221471 0553572997 0312274920 002542730X 0552998001
226489,0380820854 0060001453 0439139597 0380814803 0060513640 0671744216 050552354X 0515136530 0060511508 0060002050
226491,0312195516 0385504209 0316666343 0060934417 0142001740 0156027321 0316776963 0452283205 0679781587 0060930535
226492,044023722X 0385504209 0385474016 0679781587 0440206154 0446605239 0060392452 0452282152 059035342X 0451153553
226517,0330332775 0552124753 0552131067 0446310786 0552137030 0330367358 0552131059 0671021001 0330267388 0316769487
226545,0312966970 0312966091 0671004549 0060928336 0553250426 0312971346 0060096195 0061009059 0312980159 051513628X
226548,0452282152 0452282829 0142001740 0060930535 0385722206 0156027321 0060934417 0385265700 0316899984 0449907481
226553,0312966970 0671001795 0316666343 0316601950 0312983867 0440236673 0375706771 0440241073 031298328X 0345417623
226554,0375707972 067976402X 0684872153 0316769487 0345342968 0440206154 0804106304 0385265700 0060987561 0385492081
226556,0440226430 0671003755 0451184963 0446608815 0425180638 0440236703 0451208765 0515130389 0553579754 0553582755
226561,8408043641 8433969978 8432206407 8445071416 0156013924 8478884955 8477204055 8420616893 8478886451 8401328942
226568,3442541751 3150000017 3492045170 3423201509 3423202327 3257229534 325722575X 3423202947 3426029553 3442092981
226616,0385504209 0156027321 0446310786 0446672211 0061015725 0449003787 0553582747 0440241073 0440234743 0446608955
226638,0684872153 0671021001 0312924585 0440206154 0316284955 068484267X 0446672211 0671011367 0684865742 0671003755
226702,044023722X 0446672211 0440241073 0440236673 0440234743 0312291639 0061009059 0671027360 014028009X 0440224764
226713,0439064872 0439136369 0345339681 0345339703 0060930535 059035342X 0440214041 0671027360 0449212602 0439139600
226739,0312195516 0060987529 0060934417 0060987103 0679781587 055321313X 014029628X 0449005615 0375705856 0064400557
226743,0385335482 0312278586 044023722X 0385336179 0446605239 0312291639 0446606812 0446608955 0671021001 0140293248
226745,0446605239 0345370775 059035342X 0804106304 0679781587 080410526X 0440213525 0439064872 0440222656 0316666343
226772,0446672211 0060928336 0316666343 0316601950 0060976845 0060930535 0385504209 0060392452 0679781587 0452282829
226847,0316769487 0451524934 0451526341 0345342968 0440180295 0060929871 0671021001 0451163966 0439136350 0684801523
226874,0316666343 0385504209 0316781266 0385335482 0156027321 0312291639 0385335881 0671027360 0316096199 0385503822
226879,0142001430 0312966970 0345384466 0312980140 0671001795 0312971346 0330332775 0385720106 0684874350 0345351525
226926,0385335482 0142001740 0312291639 0385336810 0385504209 0385335830 0140298479 0440414806 044023722X 0446605239
226945,044651652X 0446516538 0446608955 0671510053 0385424728 0380012863 0553250426 0679444815 0452264464 006101351X
226965,0440211263 0375727345 0553279912 0345370775 0060928336 0446672211 0449212602 0440212561 0345313860 0440215625
226975,0345342968 0440206154 0060929871 0446310786 0316769487 0345370775 0440180295 0345353145 0345380371 0451167716
226976,051513287X 0515131229 0515128554 0515132020 0515126772 0515128546 0515121843 051512317X 0515133973 0515130389
226987,0440221471 0440214041 0440234743 0440220602 044021145X 0446364193 0440211727 0671027360 0440241537 0440224764
226996,3442541751 3150000017 3423202327 3492045170 0747546290 3423201509 3423202947 059035342X 3257229534 3404118960
227025,0316769487 0671003755 0060928336 0060930535 0312291639 044023722X 0375707972 0375706771 014028009X 0140293248
227054,0553280341 0553284789 0449221504 0553279912 0449223612 0449221490 0449223604 0449003795 0449003787 0061009059
227072,0345353145 0060987529 0345378490 0446359866 0345380371 0060987103 044021145X 0440236673 0440220602 0345378482
227097,0671003755 0312195516 0446672211 0316899984 0440226430 0312278586 0375727345 0345443284 0140244824 0449907481
227146,0385484518 0345342968 0060502258 0070212570 0380789035 0786868716 0446310786 0441003257 0345384466 0345391055
227161,0439064864 0439139597 0590353403 0439064872 043935806X 059035342X 0439139600 0439136369 0446310786 0451526341
227176,3442541751 3150000017 3492045170 3423201509 3423202327 325722575X 3423202947 3257229534 3426029553 3442092981
227192,0385504209 0671027360 0385510438 044023722X 0671027387 0380731851 0385511612 0066214122 0061015725 0316969443
227208,0060928336 0060976845 0345337662 0449212602 0446670251 0380012863 0312195516 0553573136 0425152251 0345351525
227250,0440211727 0060930535 0316666343 0373790961 0515131733 0312278586 0373790937 0373790899 037383568X 0373765037
227275,0345342968 044023722X 0142001740 0385484518 0452282152 0316769487 0375727345 0440211727 0345370775 034540288X
227276,0312195516 0091867770 0316666343 0553280341 0553271636 0552137030 0099771519 0552998486 0552996009 0552131067
227282,0375707972 0060987103 0316666343 0452282152 0156027321 0060987561 0679781587 0385722206 0375726403 0312195516
227292,0385504209 0671027360 0385511612 0671021001 0316666343 0316603287 0440241537 0385508042 0316602906 0399150897
227295,0552124753 0552996009 0099771519 0552131067 0590660543 0330332775 0330367358 0552131059 0590112899 0552128481
227327,0385504209 0060928336 0452282152 0316776963 0345339711 0679781587 0345339681 0312195516 0156027321 0060976845
227368,0061009059 0312976275 0312966091 0671001795 0312966970 0312971346 0312980140 0316601950 0449223612 0312990456
227397,0439064872 0439136369 059035342X 0439139597 0345339703 0345339711 0312971125 0345339738 0060513640 0385504209
227404,0385503822 0385490992 0385324057 0446523569 038550120X 0679446486 0670844527 0385497466 0452282829 0316666009
227413,0425154092 0425163407 0425169863 0425158616 0380718340 0380718332 0425175405 0446601241 0446604801 0446606189
227422,0452282152 0316666343 0312195516 044023722X 059035342X 0684872153 0060928336 0060976845 0312305060 0804114986
227436,0380789035 0380789019 0060977493 0425152251 0345443284 0552137030 0553572997 0425169863 0552124753 0553208845
227447,0345337662 0060392452 0446672211 0446610038 0440224675 0312966091 0449221490 0061009059 0345384466 0671011367
227467,0060976845 0446672211 0679781587 0671021001 0385335482 0316601950 014028009X 0375706771 0312278586 0679429220
227507,0060928336 044023722X 0316284955 0679781587 0385504209 014028009X 0449219364 0440221471 0440226430 0440211263
227517,0312291639 0156007754 0140298479 0451156609 038079487X 0060502258 0375725849 039592720X 0140042598 0684801523
227520,0515136530 0373244487 0373218192 0373218400 0515122734 0345335465 0373484232 0345423402 0446610038 0515120618
227538,0380789019 0441569595 0060938455 002542730X 0380012863 0060392452 0345337662 0345351525 0451524934 0399501487
227544,0385504209 0312195516 0452282152 0156027321 0671021001 0060928336 0671027360 0440235596 0312278586 0142001430
227548,0440221471 0385492081 0440224764 0440220602 0439136369 0385504209 0440234743 0425177173 0439064872 0440225701
227591,0312291639 0142001740 0060976845 0060930535 0060502258 0345438329 0140293248 0385722206 0345436911 014028009X
227654,0312980140 059035342X 0553582755 0440222656 0312966970 0452282152 0312278586 0671021001 031298328X 0312971346
227672,0425154092 0446606189 0446601241 0446604801 0440224764 0440221471 0440234743 0440236673 0385505833 0446609323
227681,0060928336 0385504209 0385484518 0316284955 0375727345 0316601950 0446672211 0316096199 0312195516 0316776963
227702,0385335482 0385504209 0312278586 0060096195 0385335881 038550926X 0452282152 0385336810 014029628X 0312284683
227705,0345384369 0345386108 0345391055 0440214041 0345380371 0425153975 0440221471 0425121259 0345384466 0425109720
227721,0140293248 0553574671 0553574663 0061009059 0380780879 0553560247 0553574639 0345438329 0385335482 0553578316
227768,0446310786 0060502258 0345342968 0312291639 0345417623 0441569595 0375707972 0451524934 0060987103 0312924585
227771,0451176464 0451156609 0451137965 0451169530 0451160525 0451180232 0451177096 0451170385 0451172817 0451184963
227835,0679781587 0316096199 0151008116 0060934417 0385504209 0671003755 0515131229 080410526X 0515128554 0345391802
227836,0316666343 0441000916 059035342X 0441304834 0441001971 0515128546 0345339711 0316284955 0345413350 0439136350
227859,0345337662 034538475X 0345313860 0345384466 0345409671 0345397819 0345369947 0345404319 044651652X 0345423402
227873,0440122090 0671038184 0440226104 0316601950 0671793489 0425162443 0671880314 0440213525 0553273914 0385720106
227884,0312195516 0060928336 0440226430 0671021001 0345443284 0375706771 0671038184 044651652X 0385484518 0316569321
227886,0446672211 0671510053 0440241073 068484477X 0679429220 0060915544 0312243022 0375707972 0679781587 0446608955
227898,0316666343 0425180638 0679781587 0440224764 0446612790 0345447867 0345413350 0446610038 0380731851 0553582755
227925,0440206154 0345370775 0345380371 034540288X 0345378490 0345402871 0345353145 0440224675 0345391055 0066214122
228008,0316666343 014028009X 0316096199 0671727796 0385335482 0312278586 0140293248 8806143042 0060928336 002542730X
228021,059035342X 0064407667 0446310786 0439139600 0451524934 043935806X 0451526341 0345339738 0440206154 0060987529
228064,0345337662 0345370775 0345339681 0345314255 0345378482 0345339703 0812551486 0812548094 0345339711 0345335511
228073,0441003257 0345413350 0380789019 0804106304 0345350499 0375707972 0345335465 0375706771 0345413369 0316666343
228093,3442541751 3423201509 3423202327 3492045170 325722575X 3257229534 3423202947 3426029553 3150000017 3257227809
228095,0316284955 0316666343 0316969443 0385335881 0385335830 0446608955 059035342X 0060934417 0446606812 014100018X
228096,0060958022 067976402X 0671042262 0440234743 0449005615 0375703861 006000438X 0684874350 0312282990 0060977493
228108,0451203771 0446611867 0440226430 0671027360 0515135062 051513287X 0515131229 0553578685 0515132020 0446610100
228111,0375703063 051513225X 0373272847 0373245319 0446364193 0373226071 0373244800 0316769487 037322592X 0373226055
228154,0345423402 0441001971 0441000916 0441003745 0441002935 0345384466 0345313860 0441004520 051513449X 0441005241
228181,059035342X 0446310786 0060502258 0446608955 0316769487 0439064872 0345391802 0060929871 0439136369 043935806X
228189,0385504209 0060392452 0451526341 0446310786 0316769487 0451163966 0316776963 0060929871 0440180295 0345339703
228206,0743418174 0804106304 0385730586 0446532231 0525947647 0316666343 067976402X 0060938455 0446677450 0786867647
228215,0060928336 044023722X 0679781587 0316284955 0385504209 014028009X 0440226430 0375725784 0060976845 0385474016
228223,0452282152 0375725784 0385722206 0142001430 0060987103 0060977493 0375726403 0385720955 0156027321 0452283205
228245,0380789019 0060987103 0345378490 0553213148 0380789035 0440998050 0449212602 0345348036 0345413350 0380977788
228311,0312195516 0316666343 014028009X 0316776963 0385504209 0060976845 0345337662 0316777730 0316284955 067976402X
228313,0316096199 0316666343 0345339738 0345339703 0345339711 0385484518 0449212602 002542730X 0590660543 043935806X
228321,0684801523 0345342968 0385722206 0671003755 0316776963 0385504209 0446310786 0451524934 0449212602 0553375407
228351,0316769487 0451524934 0060929871 0446310786 0684801523 0345342968 0451526341 0451163966 0679746048 0440180295
228372,0684874350 0060958022 0679744398 0345361792 000649840X 0553250531 0553250426 0375412824 0330375253 006016848X
228374,0385504209 0385497466 0385424736 0385511612 0385508042 0451184963 0671027360 0385510438 0553579754 0066214122
228442,0452282152 0312291639 0312306326 0312971346 0142001740 0060392452 0060987529 0312976275 0440206154 0312265867
228445,0440498058 0446310786 0345348036 0380789035 0345339711 0553562614 0345339681 0441005489 0345339703 0441790348
228455,0440211263 0671021001 0446605239 0446610100 0452282152 0440235596 0440226430 0385504209 0446606189 0451203771
228477,0375726403 0446672211 0156027321 0316096199 0060934417 0375727345 0345438329 0142000205 0312195516 0345443284
228571,0385486804 0425154092 0425175405 0425147622 0380718340 0446364193 0380718332 0553561618 0425163407 0446607657
228579,0385504209 0345339681 043935806X 0671027360 044023722X 0156027321 0440214041 0439064872 044022165X 0385497466
228583,0375706771 0446672211 0440226430 0671021001 0671003755 0375727345 0062502182 0679746048 0385335482 0451524934
228652,0316601950 0446604801 0449212602 0375725784 0446610038 0385504209 0425152251 0345380371 0446670251 0060502258
228666,0553250531 0345337662 0553250426 0440222656 0553562614 0553289411 0345370775 0553280945 044022165X 059035342X
228681,0060959037 0060938455 0312305060 0452282152 0446604844 0060987103 0060987529 0515126772 042518286X 0345353145
228727,0316666343 0380002930 038542017X 0449907481 0679429220 0060938455 0375707972 0380728133 0553569058 0060256656
228738,0671027360 0316666343 0312282990 0440234743 059035342X 0156027321 0151008116 0452282152 0142001740 0060934417
228764,0440222656 0440235162 051513287X 0380018179 0515132020 0312195516 0553294903 0440234743 0440214041 0553250531
228789,0385486804 0061009059 0385722206 0552996181 0312966970 0345370775 044023722X 0099771519 0385474016 0380977788
228856,0345417623 0061009059 0380789019 0345413350 0345348036 0441003257 0060987103 0440212561 0060502258 0345350499
228867,0679746048 0375502238 0312278586 0451524934 0345441265 0399148027 0316603287 0316666343 0446692298 0515087122
228868,0316666343 0385335482 0156027321 0385336179 0385335881 0446672211 0316096199 0446605239 0312291639 0316601950
228880,0060502258 038533334X 0440206154 0061015725 0446606812 0439136350 0425180638 0385505833 043935806X 0439064864
228883,0671003755 0060959037 0060921145 0060977493 068484477X 0452282152 0060976845 0385720106 0446672211 0060922532
228913,0385484518 0345337662 0446672211 0060928336 0440226104 0345384466 006101351X 0671003755 0385486804 0679429220
228947,0345353145 0345370775 044021145X 0345391055 034540288X 0440214041 0345378490 0440213525 0440222656 044022165X
228998,0441569595 034540288X 0345353145 0671510053 067976402X 014025448X 0425143325 0345348036 0345316509 0385486804
229011,0440236673 0316601950 0671744216 043935806X 0312980159 0312971125 0451166892 0312983824 0553572997 0060002050
229013,0446672211 0316666343 0142000205 0743418174 0312278586 0425167313 0375706771 0385484518 044651652X 0671003755
229015,002542730X 0446605239 0064400557 0440498058 0449212602 0064407667 0440998050 0345339681 0064400565 0553250426
229041,0316769487 0060938455 0345337662 0804106304 0345369947 0375700757 0671894455 0440414806 0345413369 0394800168
229055,0312278586 0316602906 0312983271 0399150897 0446530891 0553571656 0385510438 0375727345 0375707972 0316666009
229064,0312291639 0316769487 0345417623 0060987103 0786868716 0142001740 0345348036 0375700757 0671003755 0385484518
229085,0060502258 034540288X 0345370775 0440222656 0345417623 044022103X 0452283205 0446365386 014025448X 0060938455
229102,044023722X 0345402871 0066214122 0345370775 0440234743 0440241073 0441172717 034540288X 0156027321 0345391055
229126,0345348036 0380002930 0446310786 0440234743 0553279378 0345342968 0345361792 0670031909 0345413350 0446610038
229140,0380789019 0060392452 0671027360 0316776963 0439136369 0446604666 0441003257 0439064872 0060928336 0060987529
229177,0345339681 0451176464 0451166892 044021145X 0451183665 0440214041 0425144429 080410753X 0553250531 0312995423
229192,3442541751 3150000017 3492045170 3257229534 3423201509 3423202327 325722575X 3426029553 3257227809 3423202947
229196,0552131067 0552137030 0552128481 0552131059 0590660543 0440241073 0552131075 0671027360 0099771519 0061015725
229206,0140293248 0312278586 880781210X 0440226430 8806166484 8806143042 014028009X 006101351X 0385335482 8845215989
229243,0399501487 0380789035 0345378482 0441569595 0441004520 0385199570 0066214122 0440180295 0671027387 0060916508
229258,0380789019 0142001740 0316666009 0066214122 0375504397 0060934719 0441790348 0316969680 0446523569 0316602051
229282,0385492081 0439064872 0684874350 0380789035 059035342X 0451184963 0345314255 0671510053 0553274503 0446516538
229283,8408043641 8432206407 8433969978 8445071416 0312924585 0684859335 0316666343 8420616893 0440224675 8477204055
229310,0552124753 0552131067 0552996009 0552128481 0099771519 0552131059 0552131075 0380789035 0380977788 0590660543
229313,0060928336 0671021001 0446608955 0316096199 0140298479 0786868716 0060930535 0060976845 0316666343 0679781587
229329,0440206154 0140293248 0060392452 0842329242 0842329129 0446611867 0842329218 0440226430 0070212570 0842329250
229331,0345370775 0440220602 044022165X 0345380371 034540288X 0345391055 0440236673 044021145X 0440234743 0385504209
229334,0345339703 0440217563 0439139597 0060513640 0345339681 050552354X 043935806X 044022425X 0439136350 0373483694
229335,0385504209 0380731851 044023722X 0440220602 0440241537 0440213525 0345402871 0440221471 0440214041 0446604844
229358,0140620222 0140620427 0140620109 0552131067 0028604199 0099771519 0140620664 0413537900 3150000017 0140620184
229382,3442541751 3492045170 3150000017 3423201509 3423202327 3257229534 325722575X 3426029553 3423202947 3257227809
229386,0380977788 0385504209 0099771519 0552131067 0446605239 0060930535 0028604199 0345387651 0312305060 0552137030
229409,0449223612 0553280368 0553280341 0375726403 0312990456 0440241537 0449219461 0345413903 0060934417 0449221504
229412,0451183665 0345391055 0446359866 0425121259 0345370775 0345378490 0345353145 0345380371 0385479565 0345337662
229417,0142000205 0375727345 0446672211 0316666343 0060959037 067976402X 0316284955 0375707972 0385484518 0375700757
229422,0385335881 0385335482 0312291639 0140293248 0440241537 0312278586 0312983271 0140298479 0440241413 0446611867
229444,0061009059 0060930535 0060915544 0553268880 0312966091 0671617028 0671021001 0312265867 0671001795 0452282152
229448,044651652X 0316601950 0140298479 0446670251 0060502258 0380012863 0316769487 0345350499 0394404289 0971880107
229454,0316666343 0060928336 0060959037 0312195516 0385505833 0446672211 044023722X 0375727345 0060934417 0316096199
229478,0312195516 0345313860 0345337662 0345350499 0452282152 0446672211 0440211263 0440222656 0062502182 0345351525
229496,0552124753 0552131067 0552131075 0552137030 0552140295 0552145424 0552134643 0552134619 0552140287 0552142379
229499,0446672211 0312278586 0060928336 0385335482 0316666343 059035342X 0446605239 0385335881 0679746048 0316601950
229501,8408043641 8432206407 8433969978 0312924585 8478884955 8420616893 8478886451 0156013924 8478884459 0684859335
229502,0345314255 0345403959 0345347536 0345351525 0812548051 0345337662 0446677450 0345335465 0440212561 034538475X
229551,0316096199 0385335881 0156027321 0312278586 0446679364 0446531332 0441003257 0373250126 0385498802 0375726403
229576,0679781587 014028009X 0440211727 044023722X 0380759497 0345353145 0451186362 0385490445 0451151259 0440226104
229591,0345368932 0345339495 034529873X 0345368991 0345369335 0345434692 0345335465 0441735762 0345384911 0345335082
229632,0316666343 0440220602 0345339681 0679781587 0060502258 0316168815 0425147622 0142001740 0425169863 0385492081
229656,0345350499 0345417623 0618129022 0451456521 0140067477 0345339681 0380789035 0452260116 0449212602 0060987103
229673,044651652X 0440217547 0440193613 0440221315 0440217512 0440224853 0440213282 0440200563 044011585X 051511992X
229681,0385503822 0385508042 0316969680 0316693235 0385511612 0316602906 0316693200 0385510438 0399150897 0316603287
229703,0446672211 0375707972 0446610399 0142000205 0452282829 0316601950 0345443284 0316899984 0671003755 0446608955
229707,0345339703 0060513640 0440215625 059035342X 0515135216 0312979983 0060959037 0505525526 0440237556 0345339738
229721,0380789019 1563890119 0553572997 0380789035 0380002930 0345342968 0062502182 0060987103 0451524934 0064407675
229741,038549081X 0451524934 0385335482 0451526341 0684801523 0380002930 0743418174 0439139597 0060977493 0312291639
229742,0452282152 014025448X 0316666343 0671027360 0060934417 0446672211 0060930535 0140265686 0142001740 0316601950
229754,0060938455 0345337662 0060392452 0345313860 0684874350 0679735771 0679429220 0671755064 0553212451 0679781587
229767,0312195516 0156027321 0312278586 0385504209 0316284955 0671021001 0060934417 0142001430 0452282152 043935806X
229768,0590353403 0440217563 0439064872 0345350499 0446310786 0345342968 059035342X 0380002930 0439139600 038542017X
229816,0140293248 0312278586 0316666343 0385335482 0316096199 0060928336 0316284955 068484267X 0440226430 0679781587
229862,0060938455 0671021001 0345439104 0345337662 0440221471 0425192733 0385492081 0345452569 0451173139 0440222656
229872,0375700757 0671510053 0449213943 0312976275 0375705856 0312274920 0446606189 038542471X 0440967694 0449005615
229899,0316769487 0451524934 0062502182 0440180295 0553208845 0451526341 0385484518 0451191145 0385486804 0060987049
229912,0316666343 0385484518 0060929871 0345353145 0786868716 0380813815 0446670111 0451524934 0345391802 0140042598
229922,0440234743 0440214041 0425154092 044021145X 0440224764 0440213525 0345353145 044023722X 0380718340 0425169863
230013,0345313860 0446612790 0446611212 034538475X 034541389X 0446610038 0671042262 0446612545 0316601950 0553580221
230016,0140293248 0312278586 0060502258 8806143042 880781210X 0553582747 8845215989 014028009X 8806166484 8845237303
230030,0316769487 0380789035 0316776963 0385486804 0385479565 0440206154 0440224675 0441172717 0553277537 0312924585
230052,0316776963 0385512104 0345339703 0345339681 0060930535 0451191145 0316284955 0441172717 080410753X 0060928336
230105,0446611085 0446605239 0440226430 0385505833 0316096199 0446608955 0312980140 0345435168 0312983271 0553279378
230115,044021145X 0345378490 0316284955 0345353145 0425144429 0440213525 0345384369 0345404114 0553268880 0671041789
230145,3442541751 0091867770 3150000017 3492045170 3423201509 325722575X 3423202327 3426029553 3257229534 3423202947
230156,0671021001 0060938455 0440226430 0440211263 0380789035 0671041789 0452282152 0385335482 0552124753 0316788228
230165,3442541751 3150000017 3423202327 3492045170 3423201509 3257229534 325722575X 3423202947 3426029553 3257227809
230180,0440214041 0440221471 0440213525 0345380371 0440220602 044022165X 0440211727 0451156609 0345391055 0446359866
230211,0385484518 0156528207 0345342968 0345361792 0399501487 0062502182 0440235162 0743436210 0684848783 0446611212
230241,0316601950 0316666343 0312195516 0060928336 0671027360 0060930535 0375707972 0671021001 0156027321 0375727345
230249,059035342X 0316769487 0553272535 0451526341 0140042598 0553296981 0671004107 0446606812 0060938455 0385335881
230262,0312278586 0316666343 0446672211 002542730X 0385508042 0767905385 0385510438 0316769487 0316096199 0345361792
230289,0312291639 0316769487 0151008116 8408043641 0312924585 0440226430 0142001740 0385265700 8432206407 8433969978
230290,038082101X 0385486804 0440236673 0553572997 044023722X 0440220602 0452282152 0440225701 0091867770 0451456521
230293,044651652X 0345361792 0786881852 0439064872 0140067477 044651862X 0142001740 0439136350 0385504209 0439139597
230317,0439136369 0439064872 0345417623 0553260111 0439136350 0345339681 0345353145 0439139597 0425170349 0425177173
230374,3442541751 3150000017 3492045170 3423202327 3423201509 3257229534 325722575X 3423202947 3426029553 059035342X
230400,051513287X 0515132020 0515128546 0446364193 0515131229 0515128554 0446610038 0515121843 0515126772 0373484410
230405,0316777730 0971880107 0385335482 0804106304 0452260116 0553277472 0060976845 0440204887 0156027321 0399501487
230411,044021145X 044022165X 0385474016 006101351X 0452282152 080410526X 059035342X 0446605239 0375707972 0452283442
230413,0380813815 0449212602 0345369947 0345353145 0380789035 0671001795 0061009059 0380789019 0345303067 0312966091
230427,3442541751 3492045170 3150000017 3423202327 3423201509 3423202947 3426029553 3257229534 3257227809 325722575X
230428,0452282152 0446611867 039592720X 0142001740 0671004530 0671004549 042518630X 0156027321 0515118656 0446607193
230446,0441172717 0441569595 0553560735 0345342968 0345333926 0316769487 044021145X 0345347951 0441104029 0553293354
230459,0385504209 0345413903 0553582747 0312995423 0553579754 0553582763 0440241073 0345441036 0061015725 0156027321
230460,0345438329 0060934417 0375727345 0375726403 0449907481 0151008116 0316666343 0345446860 0385484518 0446672211
230490,0380789035 043936213X 0440206154 0380789019 0345409469 0061009059 0441003257 0440180295 0679734775 0380973650
230496,0345339711 0345339703 0446679593 0441790348 0385504209 0671027360 0553274295 0345370775 0385484518 0345342968
230511,8408043641 8445071416 8432206407 8433969978 8478884955 8420616893 8477204055 0312924585 8478886451 8423310353
230522,0060976845 0684801523 0375700757 059035342X 0451169530 0553272535 0449212602 0670892963 0060938455 0439064872
230581,0345337662 0425175405 0345353145 059035342X 0425147622 0671733893 0671708376 0380710218 0671797476 0671760513
230599,0330332775 0099771519 000649840X 0552998001 0552996009 0552137030 0552998486 0330367358 0552996181 0099279274
230626,0316969680 0385511612 0316693006 0385503822 0399150897 0385510438 0316693200 0316693235 0385497466 0316602906
230627,0515131229 051513287X 0316693006 0385504209 0446610038 0312966970 0316666009 0316693200 0399149155 0312265867
230629,0345417623 0385484518 0385511612 0385503822 0385505833 0446611867 044651652X 0452282829 0316666009 0385424736
230687,0142000205 0375727345 0385505833 0345443284 0316601950 0316569321 0060987561 0380730138 0446672211 0743237188
230699,0316769487 0671003755 0385335482 0452269571 014028009X 0140293248 0060928336 0380002930 0060938455 0060930535
230708,0440206154 0316096199 0446610038 0440236673 0061009059 0312983271 0440224675 034541389X 0142001740 0312980140
230712,0316666343 0385504209 0316693006 0446672211 0316666009 0316602906 0385503822 0316603570 0316969680 0385510438
230757,0670813648 0842329129 0670839531 0684867621 0385199570 0375504397 0670868361 0399133143 0452264464 0670858692
230776,0385504209 0312291639 0060928336 0156027321 0345361792 0671027360 0142001740 0142001805 0140067477 0385336179
230825,044023722X 0316096199 0060934417 0312278586 0449005615 0385504209 0425182908 0316601950 0743418174 0684872153
230878,0316666343 0385504209 0060959037 0679781587 0060987103 0375726403 0671027360 068484477X 0452282152 0060938455
230950,0385504209 0451524934 0553572997 0345342968 0451163966 0440180295 0553208845 0060929871 0316769487 0399501487
230968,0385505833 0385504209 0385490992 0385484518 044023722X 0385503822 0385424728 0316666343 0679781587 0345361792
230971,0312980140 0312966970 0312971346 031298328X 0312983867 0446610542 0312306326 0312966091 051513628X 0061009059
230985,0552124753 0099771519 0552137030 0552131067 0590660543 0552996181 0552131059 0552996009 0380977788 0441569595
230997,0671510053 0446672211 0553582755 0553582747 0345439104 0679429220 0060915544 0345337662 067102423X 0060959037
231048,0312195516 0440222656 0671038184 0385720106 0060959037 0452282829 0060928336 0671003755 0345443284 0385502532
231081,059035342X 0439064872 0439136369 0439139600 0345339681 0345339711 0345339738 0446310786 0385504209 0345350499
231132,0684872153 0425180638 044023722X 0425182908 0440206154 0425152251 0451207521 0060502258 0451166892 0553582135
231143,0380789019 2253063339 0786817070 0375826688 0671027387 0552137030 0345413350 0345413369 0345413377 2070360024
231149,0553580221 0062502182 0671041789 0553582755 0345313860 0066214122 0060987103 0441304834 0446611212 0345413350
231177,0671027360 0385504209 0312995423 0066214122 0525947299 0312263120 0553582747 0385510438 0380789019 0399150897
231210,0345361792 014028009X 0446610038 0316601950 0316666343 0553272535 0425152251 0316777722 0553279912 0399144463
231225,0440211727 0385424736 0375504397 0385472951 0425143325 0452279178 0670839531 0385497466 0670868361 042510107X
231237,0312291639 0312282990 0375725784 0142001740 0316776963 0312980140 0380789035 0375702709 0312966970 0061009059
231241,0440210690 0515132020 0441172717 0446612790 0440213991 0515128546 0446607193 0553582526 0425158616 044021145X
231251,0440234743 0440211727 0440221471 0440236673 0440241073 044022165X 0440214041 044023722X 044021145X 0440220602
231252,0316666343 0385484518 0786868716 0440241073 0553582747 044023722X 0316601950 0345417623 042513525X 0385265700
231255,0060928336 0385335482 0140293248 0440226430 0446672211 0671021001 0140298479 0375727345 0375706771 0312278586
231263,0345361792 0060987103 0425152251 0060915544 0553375407 0375707972 044651652X 0684872153 0446310786 0060976845
231264,0786868716 0385484518 0316096199 0385486804 0446611867 0743418174 0312306326 0140298479 0440235162 0671014196
231290,0385492081 0345361792 0441003257 0380789035 0439136369 0385475721 0385509456 006101351X 0345339738 0670030643
231295,0671003755 0385265700 0446610399 0375707972 0316899984 0671021001 0452264464 0452282829 0375727345 0312291639
231330,0525947647 0679785892 0060392452 0380789035 0441569595 0679720200 0743224574 0060938455 0142002267 0375725784
231337,0385335482 0385335881 0743418174 0312278586 0385336179 0316776963 0140293248 0060085452 0385730586 014028009X
231340,0345368932 0345362861 0609610597 0345335465 034529873X 0441735762 0345368991 0345314255 0441001416 0345391802
231346,0446610038 0446607657 0446611212 0316693200 0446612545 0446601241 0446527033 0316693006 067102423X 0553578693
231351,0345353145 0345378490 0425153975 0380718340 0345384350 0345391055 0425121259 0425107469 0425147517 042513525X
231354,0316769487 0380002930 0345350499 0451163966 0312278586 0446310786 0375706771 0345342968 0316776963 0375707972
231357,0553250426 0553289411 0060934417 0439064864 0312305060 0590353403 0446612790 0439136350 0345337662 0060173289
231374,0316769487 0156027321 0451524934 0446310786 0060929871 0380789035 0451191145 0345339681 0385484518 0441569595
231393,0345384466 0345313860 0345337662 0345397819 034538475X 0439139597 0380789035 043935806X 0439136350 0679429220
231395,0385722206 0060934417 0142001430 0345438329 038572179X 014029628X 0316666343 0156027321 0312305060 0142001805
231462,0440234743 0425109720 0316776963 0440236673 0140298479 0345337662 0425180964 0312422156 0425116840 0312282990
231466,044651652X 0452282829 051511992X 0375504397 0451153553 0525941908 0440214041 0553292722 0385424736 0684867621
231494,0385504209 0316666343 0316969443 0312195516 0446519138 0786868716 0385510438 0312995423 0446532452 0446531332
231518,0316769487 044023722X 0316666343 0312278586 0156027321 0345370775 0345378490 0345378482 0345353145 0446670251
231532,0312305060 0385722206 0452282152 0142001740 0345446860 0156027321 0375726403 0439139597 0345361792 0060934417
231560,0345337662 0345351525 034538475X 0345384466 0345397819 0060928336 0446364193 0425163407 0345409671 0345404319
231612,0446677450 0060502258 0140298479 0375504613 0380708892 0440998050 0449213943 0440212561 0375700757 0553210793
231613,0330332775 0552998486 0156027321 0330367358 0552998001 0552996181 0552996009 0749395990 0749397543 0091867770
231633,0316769487 0440180295 0451524934 0060392452 0062502182 0451163966 0553562614 0671004107 0061015725 0671027360
231638,0380789019 0441569595 0380789035 067976402X 0156027321 0060938455 0451524934 0671004107 0425152251 0553375407
231657,0099771519 0330332775 0330367358 000649840X 0590112899 0590660543 0749397543 0552998486 0552996009 0552137030
231694,0060928336 0316666343 0142001740 0375727345 0452282152 0312195516 0553279378 0553582755 0446608955 0316284955
231795,0345353145 0345370775 0345378490 0345417623 034540288X 0066214122 0345354621 0385486804 0345380371 0156027321
231823,0440236673 044023722X 0316666343 0671027360 0446612790 0385504209 0440241073 0440234743 0380731851 0385511612
231827,0440234743 0316666343 0345417623 044022165X 044021145X 0345353145 0440225701 043936213X 044023722X 0345391055
231857,0156027321 0671027360 0312195516 0060938455 0142001805 0452283205 0452282152 0330332775 0743225406 0449212602
231891,3442541751 3150000017 3492045170 3257229534 325722575X 3426029553 3257227809 3442092981 3404148665 3257228007
231897,0425147622 0345378490 0345384369 0425154092 0425163407 0425175405 0380717018 0425107469 0425144429 0380718340
231993,0679781587 0060930535 0375702709 0375700757 0679429220 0316769487 0060987103 0312195516 0345337662 0060928336
232030,0312195516 0446672211 0316666343 0446532231 0671021001 068484477X 044651652X 0671027360 0684872153 038572179X
232036,0440234743 0425185710 0425180964 0449003795 0440225701 0375727345 0425109720 0385722206 0449221490 0449219364
232047,0345370775 0345342968 0345380371 0345353145 0345391055 0060502258 0553250426 0345417623 0451524934 0446310786
232048,0440213525 0671027522 0440214041 051511992X 0345337662 038542017X 0671534718 0671737821 0375703055 0671525743
232052,0345370775 044023722X 0345391055 0345339681 0316769487 0060502258 0440221471 0345342968 0440220602 0440211727
232067,0385504209 0385510438 0399150897 0316693006 0385511612 0385508042 0316693200 0525947299 0316666009 0316969680
232093,0449208672 0440221595 006099486X 0451203771 044021145X 0440223202 0553250531 0345391055 038531258X 0440498058
232099,0440222656 0452282829 0385504209 0060175400 0452282152 0142000205 0312195516 0156027321 0553250426 0140244824
232103,0451160525 0451156609 0451176464 0451184963 0451142934 0451172817 0451188462 0451167317 0425105334 0345351525
232106,0385497466 0316666343 0385503822 0316969680 067102423X 0316666009 0451176464 0385508042 0385511612 0375504397
232107,0385492081 0345370775 0440206154 034540288X 0060930535 0345417623 0425143325 0345337662 0440224675 0449003787
232109,0060928336 0312195516 0316666343 0679781587 0385484518 0060976845 0671021001 068484267X 0440241073 0060173289
232131,0440241073 0440241537 0440224764 0446607657 0385492081 0440221471 0446612790 044022165X 0446310786 0060928336
232171,0316666343 059035342X 0842329129 0842329218 0452282152 0446672211 0679781587 0385504209 0842329242 0060928336
232185,0156027321 0375703861 0140067477 0375725784 0440206154 0425154092 0330332775 0440213525 0060392452 0345416260
232199,0060987103 0345361792 0060959037 0439064872 043935806X 059035342X 0345334531 0312278586 0439136369 0060938455
232211,0380789019 0380977788 0380789035 0062502182 0452282152 0385722206 0425152251 0671510053 0156027321 0552137030
232222,0345384466 0345397819 0345409671 0345404319 0345422384 0060928336 0345369947 044651652X 0345334531 034540288X
232238,0064471101 0452260116 0064407675 0345446860 0446610100 0842329218 0345339711 0064471063 0064407667 014025448X
232266,034538475X 0345337662 0446611867 0345313860 034540288X 0842329129 0440222656 0156027321 0440234743 0345351525
232271,0385486804 006101351X 0142000205 0140092323 044651652X 0440215625 0060391626 0671003755 0345443284 0312983271
232292,0440213525 0345353145 0345378490 044021145X 0425175405 0440220602 0440214041 0440224764 0440221471 0345391055
232308,0446605239 059035342X 0439064872 0385474016 0439139600 0446606812 0345370775 0140067477 002542730X 0439136369
232343,0140293248 0312291639 0060987103 0385335482 0446670251 014028009X 0385336179 0451169530 0743418174 0345438329
232368,0446610038 0446364193 044021145X 0446608815 0440226430 0446607657 0446604801 0345387651 0446310786 0446605484
232461,0060928336 0446672211 0316601950 0316666343 0060976845 0060930535 0385335482 0446310786 0446608955 0312195516
232492,0553580221 0553582747 0425107469 0345386108 0345384369 067102423X 042513525X 0451181379 0425144429 0553582755
232522,0380789035 0380789019 044651652X 014028009X 0786817070 006101351X 0380977788 0142002267 0380002930 0440180295
232544,0385335482 0375727345 0743418174 0060096195 0440226430 0385336179 0552124753 0330267388 0330262130 0552998001
232579,0316096199 0385504209 0316601950 0446611867 0804106304 0446394521 0399501487 0316777722 0671027360 0440226430
232583,0385335482 0345335457 0440215625 0345335708 0440226430 0316777722 0345338715 0345369351 0374129983 0345352661
232597,0316782505 038079487X 0375506039 0451197399 0440211727 0140067779 0671011375 0425180638 0140254544 0345370775
232611,0345353145 0345370775 044022165X 0345391055 0345378490 0312924585 0345417623 0440220602 034540288X 0446359866
232626,034529873X 0451172817 0345368932 0345368991 0345362861 044166251X 0441735762 0441810764 0345335465 0345350499
232688,0099771519 0330332775 000649840X 0749395990 0552998486 0385722206 0375703861 0349101779 0749397543 0552996009
232708,0440241073 0345417623 0446611212 0385492081 034541389X 0446608890 044023722X 0446611778 0449003795 0515130044
232736,0380789019 0316666343 0066214122 0345441036 0553582755 0671027360 0446612790 0380789035 0446611212 0553580221
232756,0385504209 0142001740 0316666343 0446672211 0452282152 0060976845 0060959037 0060930535 0316601950 0375700757
232773,0380018179 0553275976 0679429220 038542017X 0060987103 0440241073 0446611913 0064407667 0060928336 0440224764
232777,0671027360 0316666343 0156027321 0312195516 0316777730 0060930535 0312282990 0142001740 0060392452 0439064872
232820,0553250426 0553289411 0553280945 0609610597 0679444815 0440214041 0440222656 0451166892 044021145X 0684874350
232838,0446611867 0515131229 051513287X 0515132020 0515126772 0515128554 0515128546 0515130389 0451203771 0373218192
232853,0142001740 0312305060 0679781587 0060921145 0060934417 0449005615 014029628X 0312291639 0316776963 0452282152
232925,0842329218 0842329242 0842329250 0842329269 0439064872 0842329277 0316666343 084232920X 0842332251 0842329161
232929,0440221471 0385504209 044023722X 0440220602 044021145X 0440214041 0440234743 0312195516 044022165X 0440236673
232945,0446612790 0345417623 0446611778 034540288X 0345380371 0425177173 0553582135 0446607711 0345402871 0425185710
232959,0060928336 0060987529 0385335482 0385504209 0316666343 0142001740 0060976845 0345361792 0375725784 0140293248
232964,0345361792 0679781587 0316769487 0345417623 0312195516 0345342968 0156027321 0060987529 0449212602 0385424728
232990,0060959037 0312195516 0060928336 0385486804 0452282829 0679781587 0452264464 0060976845 0060915544 0385722206
233006,8408043641 8433969978 8432206407 8445071416 0316769487 0440241537 0812550706 8420441708 0312305060 0679429220
233041,0316601950 0316096199 0385504209 0971880107 0060392452 0671021001 0449907481 0451524934 0316284955 0743436210
233117,0316601950 068484477X 0440226430 0671003755 067976402X 0060959037 044021145X 0312195516 0425167313 0684872153
233143,059035342X 0440414806 0064472272 0440498058 0440487617 0380002930 0553296981 0446310786 014131088X 0345342968
233196,0385504209 0312282990 0380789035 0380789019 0140067477 0553272535 0345444884 0553582747 0385720920 034541389X
233250,0142001740 0060502258 0316666343 0060928336 044023722X 0316769487 0140293248 0553279378 0156027321 0375700757
233251,014025448X 0140254544 0842329218 0140257934 0446611867 0440222656 044021145X 0842329129 0842329242 044022165X
233253,0525947647 0446672211 059035342X 0312966091 0679745203 0345361792 043936213X 0671867296 0452281903 0670880728
233256,067976402X 014028009X 0440180295 0060392452 0316769487 0312924585 038079487X 0440211727 0451524934 0684872153
233312,0060928336 0316601950 0140298479 0375706771 0446672211 014028009X 0671021001 0060930535 0375727345 0312291639
233361,0060929871 0345342968 0451526341 0451524934 0679745203 0345378482 0399501487 0345353145 0446310786 0345391802
233397,3150000017 3442541751 3492045170 3423202327 3423201509 3257229534 325722575X 3423202947 059035342X 3426029553
233398,0345342968 0446310786 0451526341 0385504209 0451524934 0380002930 0399501487 0553274295 0553272535 0679745203
233409,0440226430 0060915544 0399501487 031298328X 0441003257 0425152251 0140185216 0449003787 0671894455 0553573136
233427,0345417623 0142001740 0312291639 0385511612 0385508042 0385505833 0385504209 0440234743 038550120X 0440241073
233430,0449219461 0449221504 0449221482 0553279912 0553280368 0449223612 0449221490 0449223604 0449003795 0449003787
233431,0446310786 0316666343 0316284955 0671617028 0671003755 0380002930 0440998050 0440487617 0140386645 0440219078
233436,0375726403 0060987103 0345361792 0312305060 0060915544 0316769487 0375400117 0060199652 0440180295 0671510053
233444,0345337662 0060502258 0060928336 0316769487 0449212602 0553250426 0345313860 0399501487 0345361792 0345384466
233445,0440206154 0451167317 0451176464 0312924585 0440213525 0451188462 0451172817 0060987103 0670858692 0316769487
233480,0440241073 0671027360 0385504209 0440234743 0060930535 0425180638 0449003795 0061009059 0440225701 0440241537
233526,043935806X 0439064872 0439139600 0439136369 0439064864 0345339681 044023722X 0446310786 0345339711 0590353403
233529,0312966970 0446611867 0671708635 0312990456 0312971346 0671001795 0446603716 0312986343 0385493800 0425183971
233539,0312278586 014028009X 0743418174 0385335881 0316776963 0385335482 0446610038 0446670251 0312291639 0385336179
233543,0385504209 0316602906 0671027360 0316603570 0385508042 0385511612 0316603287 0446612790 0316969680 0446607657
233578,044023722X 0440213525 0440211727 0440241073 044021145X 0446532231 0060928336 0060392452 0440234743 0385504209
233648,0316666343 0385504209 0316969680 0316693006 0385503822 0385508042 0446527793 0316969443 0312278586 0385511612
233649,0440214041 0440221471 044021145X 0440213525 0440224764 0440234743 0440236673 0440225701 0440241073 044023722X
233651,0375700757 0671510053 0345348036 0312976275 0446606189 0449213943 0553279378 0446604666 0312274920 0449005615
233656,0345313860 034538475X 0345351525 0345384466 0345337662 0345350499 0385503822 0399149325 0345397819 0553250426
233693,0140293248 0312278586 014028009X 8806143042 0440226430 0385335482 006101351X 880781210X 0316096199 8845237303
233697,0440221471 044023722X 0440211727 0345370775 044022165X 0440214041 0440213525 044021145X 0345337662 0553279912
233711,0440226430 0440221471 0452282152 0440222656 0440224764 0446604801 0743418174 0375727345 0060928336 044651652X
233714,2253063339 2253150711 2253044903 2070360024 2253057843 2266023039 2205054252 2290311782 2253005274 2253140872
233719,0156027321 0786868716 0060938455 0142004235 0743237188 0375726403 0312305060 0375725784 0385498802 0385504209
233726,0440241073 0385504209 0345413873 0425177173 0515122491 0515135062 0440225701 0671021001 0440234743 0440224764
233731,0451526341 0316769487 0451524934 067976402X 0060938455 0440236673 0446364193 0553211404 0446601241 0440224764
233737,0140620222 0140620109 0099771519 0140620184 0099747200 000649840X 0345361792 0330332775 0552998001 0330375253
233738,0345337662 0446610038 0345441036 0743418174 0345350499 059035342X 0553573403 0451172817 0671721291 0812511816
233739,0060938455 0671027360 0060392452 0380789035 0671027387 0066214122 0345417623 0380789019 0312282990 0312195516
233745,0385492081 0151008116 0345342968 0553572997 0425152251 0380002930 0440219078 0345391802 0345353145 0385722206
233747,0316666343 0316601950 0375727345 0060930535 0385265700 068484267X 038572179X 0312195516 0375707972 0060959037
233754,0553250426 0385484518 0553250531 0671004107 044651652X 038550120X 0316781142 0449212602 0452264464 0345337662
233798,0446310786 0440498058 002542730X 0316284955 055321313X 0312195516 0380002930 0440487617 0440401585 0553213148
233856,0060928336 0312195516 0312278586 0316284955 0446672211 0679781587 0316601950 0452282152 0671021001 0312291639
233867,059035342X 0440214041 0440213525 0440220602 043935806X 044022165X 044021145X 0440224764 0385504209 0345339703
233889,0060928336 0385335482 0316666343 0446672211 0060976845 0671021001 0446606812 0140293248 014028009X 0446608955
233903,0373484003 0515128554 0515126772 0515128546 051513287X 0425157628 0373243286 051513628X 0312966970 0312966091
233909,0671003755 0060915544 0316569321 0316096199 0375725784 0452282195 0312278586 0060938455 0440226104 0142000205
233911,0743418174 0142004235 0345339703 044023722X 0312291639 0316776963 0971880107 0385336179 0385335482 0441172717
233917,0451526341 0385479565 0060987103 0385474016 0312278586 0345378490 0345417623 0345370775 0373218397 0316666009
233924,044023722X 0440241073 0671617028 0380753006 0380756293 0142004235 055329315X 0425124347 0380762595 0373484003
233928,0385730586 0312278586 0385335482 0064472272 0316769487 0451526341 0446310786 0345348036 0060915544 0385335881
233941,0375727345 0060959037 0385720106 0452282152 0375707972 0142000205 0380730138 0446672211 0060928336 0385265700
233955,051513287X 0515132020 0515128554 0515128546 0515126772 0515130389 0515121843 0515133973 051512317X 0446606812
233976,0446605239 0440222656 0446611867 0446679593 044021145X 0842329129 0440221471 0440226430 0743418174 0842329218
233995,0515131229 051513287X 0515132020 0515126772 0515128554 0345353145 0515121843 0515136379 0515133973 0515136530
233997,0446310786 0385504209 0671021001 0060928336 0679781587 0446605239 0312278586 0440226430 0316284955 0385484518
234023,0064400050 0064400557 006440188X 0446365386 0312291639 0553213172 0345465083 0553213148 0440940001 0515130389
234087,0380789019 0441569595 0345417623 0553562614 034538475X 0345350499 0553380958 0345313860 0553573861 0345413350
234108,0345417623 044023722X 034540288X 0312982518 0425143325 0425116840 0425180964 0345370775 0425109720 0440236673
234121,8408043641 0316769487 8433969978 0312291639 8432206407 8445071416 8420441708 0553274503 0440235596 0812550706
234147,0452282829 0446608955 0142000205 0060930535 0451169530 0385335482 0142001430 044023722X 038079487X 0142001805
234165,0446610038 0446607657 0446606189 0425180638 0446601241 0425154092 0446611085 0316693235 0446613266 0440234743
234205,0316769487 0345342968 0451524934 0060929871 0439136350 0553296981 0399501487 0439064864 0440180295 0345339681
234281,2253150711 2253044903 2266023039 2290311782 2253057843 2205054252 2253005274 2070408507 2253152846 2277260029
234286,0312278586 038079487X 0060392452 0345417623 0385335482 0060987103 0452269571 014100018X 0441172717 037541309X
234288,0345339681 0380002930 0441172717 0553573403 0345339711 0812511816 0316776963 0345350499 0590353403 0812548051
234299,0440226430 043935806X 0439139597 0312278586 0439136350 0385335482 0743418174 0446610399 0439064864 0590353403
234359,0375707972 0316769487 0316603570 0375727345 043935806X 0312278586 0525947299 0590353403 0671027581 0385265700
234399,0060391626 0446516538 0316601950 0345443284 0451172817 0060987561 0375706771 0425167313 0385493800 0385424736
234401,0345337662 0345350499 0553573403 034538475X 0345335511 0765342987 0345351525 0345335708 0345335651 0345335457
234406,0446672211 0618002227 0451191145 0060391626 0375727345 0451524934 0449003795 0553272535 0671510053 0618002235
234465,0316666343 0440221471 0553250426 0671021001 0609610597 0679444815 0440223202 0452282152 0385335482 067102423X
234544,0345313860 0345361792 0060502258 0441790348 0553277472 0345369947 0345348036 0451526341 0451151259 0671617028
234565,044021145X 0440211727 0440213525 0446310786 0440220602 044651652X 0446606812 0385424728 0446672211 0385490992
234597,0316666343 0590353403 0439064864 0440180295 0028604199 068484267X 0060964049 0312278586 0060248025 0425152251
234614,0553250531 0312195516 0553289411 0553280945 051513287X 0515128554 0515126772 0553268880 0440222656 044021145X
234623,0446605239 0316666343 0553279912 0446310786 0316284955 043935806X 0399147195 0385474016 002542730X 0060928336
234647,0312966091 0312976275 0312971346 0671001795 0312980140 0312265867 0312195516 0553289411 0553280945 0312265859
234657,0446610038 043936213X 0618129022 0452281903 0425169863 0670880728 0345350499 080410526X 0743418174 0875421288
234672,0385504209 044023722X 0345417623 0440236673 0671027360 0440241537 0440234743 0312995423 0385503822 0440211727
234675,0446364193 0446611212 0446610038 0446601241 0446606189 0440224675 0440206154 0446607657 0425178765 0425154092
234683,0671027360 0312291639 0671695126 0345313860 0671695169 0671759345 0446672211 0552143774 0671670689 051511992X
234685,0375725784 0060934417 0060987103 0156027321 0312282990 0375726403 0375703861 038572179X 0142001805 039592720X
234721,0345413350 0671003755 0553573403 0446672211 0345335465 0380710218 0765342987 0553562738 0553258524 0380789019
234734,0671041789 0441008534 0345313860 0441003745 0345339681 0441009239 0441010512 0380789019 0441001971 0441000916
234743,0316666343 044023722X 0451184963 0440221471 0440224764 0060928336 0440226430 0451156609 067102423X 0440220602
234765,0385492081 0142001740 0452282152 044022165X 0425152251 0062502182 0671510053 0316769487 0064407667 0446310786
234788,0345370775 0345413369 074343627X 0345413350 0441790348 0553262505 0451169514 0451156609 0451524934 0451160525
234797,0316769487 0140119906 0140042598 0060929871 0553278223 0156007754 0440108268 0679735771 0451524934 0380012863
234803,0345417623 0440221471 0440220602 0345339703 006101351X 0345339738 0553263226 0156027321 0385492081 0440225701
234816,0399501487 0553572997 0385504209 0451524934 0446310786 0451526341 0060916508 0345427637 0449212602 0140042598
234828,0345417623 044023722X 0312278586 0345378490 0375705856 0553582747 0553277472 0425182908 0553279912 0671027360
234860,0439136369 0345370775 059035342X 0060930535 8433969978 8408043641 0439064872 8445071416 0451166892 8432206407
234879,0440236673 0142001740 0440206154 0451208765 0312291639 0446607657 0425180638 0553582755 0804106304 0553584383
234893,042510107X 0425116840 0425109720 0385504209 0425122123 0440206154 0671027360 0425170349 0425083837 0345417623
234901,0385504209 0743418174 0385335482 0316776963 0156027321 0316666343 0671027360 0142001740 0375725784 0385335881
234925,055357258X 044922046X 0345413350 0553574663 0553574671 0439136350 055356773X 059035342X 0312274920 0439139597
234948,059035342X 0679429220 0671250671 0385512104 0439064872 0345413369 0446532231 0312195516 0786868716 0316776963
234953,0385504209 0553275976 0671004107 0671727796 0446606812 0375707972 0679744398 0316777722 0380018179 0451526341
234954,0425152251 0385722206 0451524934 0060929871 0679723161 0375725849 0679745203 0684801523 0446670251 0140042598
235011,0684872153 0446532231 0440206154 0671021001 0060392452 0385504209 059035342X 068484477X 080410753X 0441172717
235038,3442541751 3150000017 3492045170 3423202327 3423202947 3423201509 3426029553 3442092981 3257229534 0446606812
235055,3442541751 3150000017 3492045170 3423202327 3423201509 3257229534 3423202947 3426029553 3257227809 3442092981
235059,0312195516 0452282152 0440222656 0156027321 0440214041 0446310786 0440213525 0440211727 0060928336 0316284955
235085,0060928336 0316284955 044023722X 0679781587 0446605239 0671021001 0375703055 014028009X 0060959037 0060976845
235099,051513287X 0515132020 0515126772 0515121843 0515130389 0515135062 0373244487 0373218397 0515133973 0373218192
235105,0399147195 0345413903 0452264464 0345337662 0375705856 0671510053 0425083837 0399149821 0385337116 0399150897
235113,3442541751 3150000017 3423202327 3492045170 3423201509 3423202947 3257229534 325722575X 3426029553 3442092981
235117,014025448X 0842329218 0842329129 0786868716 0385484518 0671708635 0312195516 0842329242 0842329250 0070212570
235146,0142001740 0375727345 0385484518 0684874350 0452282829 0316780375 0684872153 0385505833 0375700757 0062502182
235173,0142001740 0316096199 0312291639 0375726403 039592720X 0385504209 044023722X 0060987103 0385265700 0385722206
235206,0345443284 0375702709 0671003755 0375700757 0142001740 0060959037 0142000205 0345439104 0375707972 0060930535
235221,0345348036 0062502182 0440219078 0385492081 0446310786 0440221471 0553279378 0345342968 0385335881 0385335482
235282,014028009X 0312278586 0446310786 0375502238 0670892963 0743418174 0060976845 0440226104 0553272535 0451163966
235303,2253063339 2253150711 2253044903 2070360024 2266023039 2290311782 2205054252 2253057843 2253005274 2253152846
235356,0312278586 0441790348 0060938455 0553262505 006016848X 0316678104 0345417623 0060929790 0446670251 0316780375
235371,3442541751 3150000017 3492045170 3423202327 3423201509 325722575X 3426029553 3257229534 3423202947 3257227809
235375,0671003755 0671021001 044021145X 0440213525 0446672211 0316284955 0440222656 044023722X 0440226430 0440235596
235384,0425153975 0425115801 0425107469 0425163407 0345384369 0425128164 0345384350 0345404114 0425140032 0345353145
235392,0440212561 0441304834 0345313860 0425169863 0446609404 0425147622 0345384466 0553268880 0441004520 0345397819
235394,0312924585 0345417623 0316769487 0440206154 8445071416 8408043641 0156027321 0441102670 0441104029 8478884955
235442,0316666343 0385335482 0316776963 0440226430 0385504209 0151008116 0142001740 014028009X 0140298479 0670880728
235465,3442541751 3492045170 3423201509 3150000017 3426029553 3423202327 3257229534 325722575X 3423202947 3257227809
235475,8433969978 8432206407 8445071416 0312924585 0440224675 8420616893 8478884955 8477204055 0684859335 0156013924
235498,0316666343 0312195516 0684872153 0156027321 0345402871 0441172717 0066214122 0451524934 0345380371 0671027360
235506,0451524934 0385504209 0345342968 0385508042 0399501487 0425152251 0385511612 0684801523 0553272535 0316769487
235543,059035342X 0385504209 0439064872 0679781587 0316284955 0345339681 0446310786 0671027360 0671021001 0743418174
235591,0142001740 044023722X 0060502258 0061009059 0312291639 0060930535 0767900383 059035342X 0440211727 0671021001
235604,0099771519 0684874350 0330332775 000649840X 0552996009 0330367358 0099279274 0552137030 0749395990 0684848783
235671,0060928336 006101351X 0385424736 044651652X 0679781587 0385472951 044651862X 0446672211 0684848783 0345313860
235684,0345370775 0345353145 0345337662 0440220602 0345378490 0345391055 0440221471 0345313860 0440234743 044021145X
235688,051513287X 0515132020 0515131229 0515126772 0515128554 0515122734 0515128546 051512317X 0373218397 051512608X
235736,0373825013 0440222656 0380012863 044023722X 0440226430 0440204887 0156027321 0446611867 0446607657 0373825048
235805,0141000198 0060938455 014028009X 0140293248 0452282152 0142001740 0446670251 0316601950 0345313860 0330332775
235842,0446672211 0440214041 0440222656 0440226104 0385265700 0425162443 0684872153 0440213525 068484477X 0316601950
235864,0399501487 0385504209 0451524934 0345342968 0451191153 0140067477 0156027321 0385484518 0553277472 0441790348
235872,0375727345 0060928336 0375706771 0064407667 0446364193 0440226104 0440234743 0679734775 0380002930 0061009059
235884,0066214122 0425143325 0441172717 0345348036 0671027387 0671027360 0399501487 0679444815 0425158632 042510107X
235888,0375707972 0316601950 0060959037 0060915544 0312195516 0375702709 0425162443 068484477X 0060921145 0140244824
235891,0552137030 0552131067 0552131059 0552128481 0380789019 0552124753 0552134643 0812550706 0552131075 0062502182
235895,0440234743 0440241073 0425180964 0440225701 042510107X 0425185710 0061015725 0425116840 0425109720 0425170349
235925,0060987103 0375725784 0140293248 044023722X 0312278586 0060915544 0679429220 006101351X 0425180638 0449003787
235935,0312278586 0446605239 0385335830 0316666343 0446610038 0446612790 0316096199 0312966970 0671004573 0316969443
235948,0099771519 0330332775 0552137030 0552996009 0552124753 0156027321 0330367358 0552996181 0749397543 0552998001
235952,0064471047 043935806X 0064471101 0439064872 0439136350 0439136369 0439139597 0439064864 0590353403 059035342X
236017,0316666343 0451524934 0385504209 0316769487 0345342968 0060392452 0446310786 0156027321 0441569595 0316777730
236025,0385508042 0553250426 0316666009 0385503822 0375504397 0345351525 0679441018 038529929X 0316693235 0345313860
236030,0425163407 0425154092 0440214041 0440225701 0425158616 0425175405 0553582526 0553571885 0380718340 0440224764
236032,0345337662 0345351525 0375726403 034538475X 0670880728 0316096199 0345339681 0553262505 0345348036 0743418174
236033,0446611212 0440234743 0441003257 0066214122 0451180232 0399501487 0440241073 0451163524 0440221471 0451160525
236044,0553580221 0316666343 044023722X 067102423X 0452282152 0425180638 0553582747 0449003787 0425154092 0425175405
236057,0380002930 0064400557 0060987103 0671042858 0064472272 0020442203 0440901588 0440498058 044021145X 0345339681
236058,0316769487 0345391802 0140042598 0451524934 0671617028 0446612545 0446612790 0440498058 0553208845 0425152251
236097,0553289411 0553280945 0345370775 0380002930 0060929871 0439064872 0452264464 0451524934 0451172817 0345339681
236112,0312195516 0385504209 0316666343 0684874350 0452282152 0449005615 0385722206 0151008116 0375725784 0316776963
236164,0140293248 0385336179 0440213525 0440241162 0385335482 0380814390 0316601950 0385335881 0553574671 0060096195
236172,0440214041 0312195516 0446364193 0060392452 0061009059 0440213525 0440221471 0312966970 044021145X 0440224764
236235,0345380371 0345417623 0446610038 0345353145 0345391055 0440206154 0440220602 0446359866 0385492081 0440224675
236251,0156027321 0330332775 0452282152 0385722206 0099771519 0142001430 0345337662 0399501487 0553572997 0345350499
236255,0385504209 0440234743 0440211727 0440217547 0440214041 0385424736 044023722X 0385511612 0440226430 0385505833
236267,059035342X 0451526341 0671021001 0345313860 0345370775 0439064872 0385474016 0399501487 0439136369 0553272535
236269,0446672211 0142000205 0345337662 0316769487 0140244824 0345443284 0060928336 0060915544 0440226430 0375756981
236283,059035342X 0375504397 0439064872 0312966091 0553272535 0312976275 0446519138 0451172817 0439136369 006101351X
236322,0446672211 0060976845 0452282152 067976402X 0385720106 0316776963 0316601950 0679781587 0142001740 0375727345
236340,0425154092 0449221490 0446608815 0449221482 0449223604 0345413873 0451169522 0140177396 0380718332 0553284789
236349,0060930535 0385492081 044022165X 0345391055 0345370775 0140293248 0449003787 0449003795 0345438329 044021145X
236399,0345337662 0345384466 034538475X 0385504209 0449212602 0316666343 044651652X 0060928336 0142001740 0446672211
236480,0385335482 0142001740 0385336179 0060502258 0515131229 0446611867 0060928336 0385335881 0140293248 0515132020
236550,0449003787 044023722X 0425180638 006101351X 0425182908 0446605239 0440226430 0449003795 0449223612 0385335482
236580,0425147622 0345361792 0380723638 0070212570 0385486804 0425183750 0380725827 0380725835 0425178951 0446602620
236587,0375707972 0316666343 0671003755 0060915544 0452282152 0375706771 0060987103 0060959037 0385265700 0385505833
236593,0345342968 0345361792 0440498058 0399501487 0070212570 0451191145 0670272663 0684865742 0345417623 0380789019
236594,0671027573 0312980159 0312971125 0671027581 0440241057 0380811065 0505524090 0446610542 0505523752 0380820854
236595,0345337662 0345384466 0345313860 0060930535 0446672211 034538475X 0345351525 0345397819 0060976845 059035342X
236618,0385504209 0156027321 0375725784 0452282152 0312282990 0312995423 0452283205 0684874350 0060938455 0151008116
236621,0156027321 0385504209 0312195516 0786868716 0312305060 0553572997 0385722206 0060938455 0385490445 0385486804
236625,0842329218 0842329242 0842329250 0385484518 0842329269 0316666343 0310205719 0842329277 0743436210 0842332251
236655,0099771519 0062502182 0749395990 0330332775 0061015725 0671011375 0446672211 000649840X 067976402X 0671510053
236661,0671027360 0380731851 043935806X 0060392452 0345413903 0439136369 0553582747 0439064872 0060977493 0440235162
236668,0440224764 0425163407 0446607657 0345337662 0440221471 0440224675 0140293248 0425121259 0380789035 0440998050
236700,0380789035 0380002930 0380789019 0441003257 0345361792 0345413350 0061020702 0060502258 0064407667 0441001971
236727,0385484518 0552137030 0380012863 0091867770 0552124753 0140440046 0684801221 0684833395 0452264464 0446519138
236728,042510107X 0425147584 0425116840 0425083837 0425122123 0425109720 0425180964 0425170349 0440206154 0345380371
236754,0380789019 0671021001 0316777730 0441003257 0062502182 0060392452 0316769487 0441569595 0060929871 0440180295
236757,0671617028 0060976845 0440241073 0375700757 0060921145 044023722X 014025448X 014028009X 0060502258 0312291639
236790,3442541751 3492045170 3150000017 3423202327 3423201509 3423202947 325722575X 3257229534 3426029553 3442092981
236840,0786881852 0440224675 0440226104 044651652X 006101351X 0316666343 0060928336 0312976275 0380731851 0446359866
236842,0446310786 0446605239 0440414806 002542730X 0553272535 059035342X 0553296981 0440235596 0064472272 0399501487
236872,0552124753 0552131059 0552131067 0552137030 0552131075 0552134627 0552128481 0590660543 0552134635 0552140295
236892,0439064872 0440223202 0316569321 0553250531 0440202043 0440222656 0451203771 0842329129 0380018179 0312924801
236940,0385505833 0440226430 0679746048 0385503822 0385504209 0446519138 0425180638 0553573136 0399147195 0425154092
236943,0385504209 0671027360 0440241073 0312305060 044023722X 0345413903 0061015725 0452282152 0446612790 0425192725
236948,0316769487 0553277472 0786881852 044023722X 0345337662 0345446860 0345361792 0312195516 0312291639 038550120X
236949,0140293248 0446605239 0312980140 055356773X 0312265867 0553578359 0553560247 0425179184 0380780879 0553578308
236955,0385505833 0380731851 0316096199 0842329242 0842332251 0446364193 0842329218 0786868716 0842329250 0060256737
236959,0553572997 0385504209 0385486804 0060502258 0399501487 0142001740 0399144463 0452279178 0451156609 0451172817
236979,0345353145 0446610038 0380789035 0449212602 0446611212 0440211727 0446605484 0345348036 0345378482 0061009059
236994,0446364193 0385490992 0446601241 0446607657 0425180638 0385503822 0316693251 0345361792 0440234743 0446610038
237025,0060391626 0446672211 0439139597 0439136350 0590353403 0439064864 0061097314 0345443284 0060199652 043935806X
237064,0446611212 0446610038 0440241073 0440241537 0671027360 0446607657 0671021001 034541389X 055356451X 0446613266
237070,3442541751 3150000017 3492045170 3423202327 3423201509 3257229534 325722575X 3423202947 3426029553 3257227809
237074,044023722X 0060928336 0316284955 0452282152 0142001740 0679781587 0060930535 0312291639 0385474016 0345337662
237091,0316601950 0446672211 0316569321 0375707972 044651652X 0385720106 0375727345 0061097101 0385502532 0385484518
237132,0380789035 0380789019 0060987103 0385479565 0671004107 0375725784 067976402X 0142002267 0312282990 0525947647
237170,0140430725 0380012863 0064472272 0316769487 0786881852 014100018X 0156027321 0380814021 0380778556 0446532231
237257,0786868716 0316666343 0316769487 0060256672 0842329129 0842329218 0440111498 0842329250 0842329242 0060256737
237264,059035342X 0439064872 0385504209 043935806X 0312195516 0452282152 0060928336 0316666343 0380731851 0060976845
237268,0446611867 0439064872 0515128554 0671036505 0439136369 0440235596 0451203771 0804106304 0553296981 0380018179
237271,044022165X 044023722X 0440213525 0440234743 044021145X 0671027360 0440222656 0316182540 0316693006 0316969680
237275,0671027360 0446531332 0316969443 0452282152 0385510438 0385508042 0446605239 0316693006 0446608955 0142001740
237299,0385490992 0385497466 0385508042 0385424736 0385424728 0385503822 0385493800 044651652X 0316693251 0684874350
237310,0345417623 0440206154 0312924585 0425147622 0345402871 0316789089 0425175405 0446605409 0446601241 0425143325
237334,0446611212 0446605484 0446679593 0312305060 0316168688 0553213695 0425154092 0385503822 0446364193 0446610038
237397,0671027360 0671001795 0312195516 0312966091 0312966970 0060392452 0312971346 0312980140 0312976275 0385504209
237407,0345342968 0060502258 0399501487 0441172717 0345350499 0345339681 043935806X 0439136350 0439064872 0440217563
237411,0385504209 0142001740 0452282152 0316284955 0312195516 0440221471 0142001805 0316776963 0446605239 0440241537
237426,0316769487 0451524934 0684801523 0060929871 0446310786 0451163966 0316569321 0375707972 0452269571 0451526341
237429,0440220602 0553250426 044021145X 044023722X 044022165X 0345417623 0061015725 0425170349 0440225701 0385504209
237433,0316601950 0142001740 0375707972 0312195516 0375706771 0345439104 0140254544 0060959037 0060976845 0060934417
237434,0345335457 0345352661 0345369351 0345358805 0345335465 0345403959 0812551486 0375725784 0812551478 0440212561
237451,0156027321 0553572997 0671027360 0440206154 0345339703 0345380371 0060930535 043935806X 0446310786 0451524934
237474,0316601950 0446672211 0375706771 0312278586 0440226430 0316096199 0671003755 0316769487 0679781587 0446605239
237486,0060928336 0671003755 0671021001 0142000205 0380730138 0060915544 0452282829 0060959037 0060976845 0316601950
237518,3442541751 3492045170 3150000017 3423201509 3423202327 3426029553 3257229534 325722575X 3423202947 3442092981
237534,034540288X 0451169530 0345397819 0441569595 0345384466 0671004107 0345409671 0060392452 0440224675 0380789019
237553,044651862X 0440220602 0099747200 0060922532 0380002930 0380727501 0060915544 0446605239 0345361792 0140067477
237558,039480001X 039480029X 0440414806 0394800028 0394800133 0440998050 0448095017 0307119750 0394800168 039480967X
237577,0316769487 0440180295 0060502258 0385474547 0060929871 0061015725 0375700757 038079487X 0440206154 0060915544
237580,0385508042 0399150897 0385504209 0316693006 0316666343 0385511612 0316969680 0385510438 0316602906 0316666009
237612,0345342968 0446310786 044021145X 0345370775 0312924585 0440214041 0553572997 0345380371 0345391802 0345353145
237646,0142001740 0312305060 0679781587 0156027321 0452282152 0312195516 0449005615 039592720X 0345361792 0060934417
237715,0451167317 0451156609 0451180232 0451163524 0451184963 067102423X 0451172817 0451160525 0451188462 0425144429
237722,0060173289 0743237188 0316780375 0375726403 0142001740 0142000205 0312305060 0345439104 014028009X 0060199652
237727,0446322180 0679781587 0312195516 0060938455 0140089225 0679429220 0440439884 0671250671 0060987529 0064400557
237734,0553272535 0451524934 0553375407 002542730X 0062502182 0060938455 059035342X 0439064872 0142001740 0552996009
237748,0385722206 0316666343 0449212602 0312278586 0060934417 0142001740 0385335482 0060502258 0380002930 0316284955
237797,0385504209 0316666343 0316693006 0385508042 0385510438 0316602906 0316969443 0312265859 0312265867 0446605239
237856,0743418174 0375412530 0375726403 0345438329 0375502238 0446527785 0451524934 002542730X 068484477X 0688170528
237898,0312278586 0060958022 0316776963 0060987529 0060987103 0316779423 0380977788 0385722206 0060934417 0060977493
237912,0425182908 0446608890 0446604844 0345402871 0446611778 0449223612 0446359866 0380731851 0440236703 0515130044
237914,0060987103 043935806X 0439064872 0142001805 0316777730 0439136369 0060928336 0345361792 0060959037 0060392452
237917,0385722206 0385504209 0156027321 0142001740 0452282152 0060915544 0671003755 0312195516 0385474016 0060921145
237941,0671027360 0156027321 0452282152 0316666343 044023722X 0440241537 0452283205 0060938455 0312195516 0312995423
237962,3442541751 3150000017 3492045170 3423202327 3423201509 3257229534 3426029553 325722575X 3423202947 3257227809
237966,0786868716 0385505833 080410526X 0446605239 0679746048 0446519138 0446606812 0385484518 0446611867 043935806X
237990,0446672211 0440226430 0316666343 0446605239 0312195516 0375706771 0671027360 0446610038 0515131229 0515135062
238002,0425182908 0440241537 006101351X 0061015725 0449223612 0449221512 0671027360 0440241073 0449003795 0449223604
238008,0380753006 0380899825 0515107662 0380756293 0380762595 0380753022 0380756250 0671744216 0380820854 0380750872
238010,0440241537 0345402871 0385486804 044021145X 0316769487 0156027321 0345417623 0441569595 0060977493 0451169530
238057,0385504209 0316666343 0684874350 0060934417 0345339681 0671027360 0375726403 0142001430 0142001740 0375725784
238065,0671003755 0446605239 0446364193 0671021001 0316601950 044651652X 0312195516 0446310786 0446606189 0446601241
238120,0345337662 0553572997 0156027321 0316284955 0345350499 0345351525 044021145X 0060976845 0385486804 0452282152
238131,0385504209 0312278586 0553280341 0142001740 0312195516 0452282152 044023722X 0446310786 0553271636 0316284955
238159,0060987103 0060502258 0399501487 0316769487 0140430725 0312278586 006016848X 0070212570 0345342968 0786881852
238179,0140298479 068484267X 0385486804 0440206154 0375705856 0679746048 0451156609 038079487X 0671027360 006101351X
238186,0316769487 0671027360 0743418174 0316666343 0060392452 0345370775 0060938455 0441172717 0380789035 0345323440
238189,0446606812 0671727796 0440211727 0316666343 0060934417 038549081X 0553277472 0385484518 0804106304 0670894184
238222,0446610038 0380718340 0380718332 0553580221 0425144429 0446612790 0553582747 0345413873 0425154092 0345384369
238231,0345370775 0440211727 044022165X 0440214041 044021145X 0446364193 0345353145 0345380371 0440213525 0440222656
238235,0446605239 0446606812 0786868716 0804106304 044651862X 0446519138 0440204887 0671250671 0786881852 0452283442
238241,0440222656 0842329129 0842329218 0060502258 0553213148 0380018179 0553277472 0842329161 0842329242 0316666343
238246,0316666343 0385504209 0345337662 0671695126 0446672211 0671534734 0671004530 0671534718 0671670689 0671642561
238319,0449221512 0449221482 0553271636 0553279556 0449223612 0449219461 0553284789 0553279912 0553280341 0553280368
238339,0312195516 0345337662 0449212602 034538475X 0316569321 0060916508 0060938455 0345313860 0679781587 0440127793
238347,0316769487 0375727345 0345342968 0060987103 0142001740 0345339681 0060976845 0312291639 0671003755 0452282829
238350,044022165X 044021145X 0440220602 0440241537 0440226430 0440213525 0440211727 0446364193 0440235596 0440241073
238400,0440236673 0515135062 0515131229 0312995423 0671027360 0446612545 0515128546 0515132020 0440241537 051513287X
238419,0440234743 042510107X 0425083837 0345380371 0440214041 0440211727 0440224675 0425180964 0440221471 0345353145
238461,0345337662 0452264464 0373710615 0446606812 0373710992 051513287X 0373711646 0373711026 0670032131 0060194448
238475,0671027573 0671027581 0743422732 0446310786 0446606812 0451526341 0345380371 0743422740 0373197187 0373218079
238489,0099771519 0330332775 0091867770 0552996009 0330367358 000649840X 0590660543 0140265988 0156027321 0316096199
238538,0091867770 0140620338 0425154092 0330375253 0452281881 0380718332 0786868716 0099747200 0140620109 0552998001
238540,059035342X 0439136369 0439136350 0439139597 043935806X 0140042598 0316777730 0439064864 0786881852 0553296981
238541,0312195516 0671510053 044021145X 0060928336 0380789035 0671021001 0345313860 0062502182 0446672211 0385492081
238557,0345337662 0312195516 0440211727 0440213525 055356451X 059035342X 0060976845 0446607193 0330332775 0446604801
238566,0380789019 0380789035 0345384466 0345350499 0345337662 0441569595 0345413350 0553573403 034538475X 0345313860
238568,0142001740 0312195516 0312305060 044023722X 0385504209 0449005615 0156027321 0060934417 0452282152 039592720X
238607,0142001740 0440414806 0064407675 0312305060 0060987103 0060938455 0380977788 0380789035 0064407691 0380789019
238613,0385504209 0345370775 0345351525 0345337662 0060930535 0140298479 0440222656 034540288X 0380789019 0060938455
238617,0449212602 0061009059 080410753X 0971880107 0440204887 0316601950 0060928336 0345350499 0553375407 038550120X
238625,3442541751 3150000017 3492045170 0380789035 3423202327 325722575X 3423201509 3257229534 3423202947 3442092981
238630,0451524934 0060392452 0451526341 0440180295 0385720920 0446532231 0316777730 0553272535 0553208845 0375725784
238639,0385484518 0786868716 0140067477 0439136350 0399144463 0439139597 0786881852 0316769487 0070212570 0439064864
238644,0099771519 0385335482 0345337662 0345384466 0330332775 0385484518 0060928336 0316666343 0425152251 0446670251
238652,0142001430 0385504209 0452282152 0385722206 0140298479 0099771519 014029628X 0142001805 0552998486 0156027321
238699,0060392452 0440241073 0060987103 0316096199 0671004107 0553573136 0312263120 0385508417 0446606812 0373484895
238710,0140293248 0312278586 014028009X 0385335482 0316666343 8806143042 0316096199 880781210X 0312422156 8845215989
238711,0380002930 0345313860 0345342968 0345370775 0440219078 0060502258 0440998050 0345391802 0553280414 0345351525
238731,0316666343 0312195516 0385504209 0446672211 0679781587 0375726403 0142001740 0385265700 0553380095 0316601950
238733,0312278586 0312195516 0679781587 0446672211 0312291639 0553582747 0316284955 0316096199 0142001740 0380789035
238735,0316769487 0446310786 0451524934 0345342968 0060929871 0684801523 0440180295 0553573136 0553208845 0679720200
238739,0345342968 0316769487 034540288X 0060502258 0345353145 0440206154 0345378482 0345378490 0440222656 0312924585
238740,0385504209 0316666343 0312195516 0142001740 0312305060 0452282152 0385486804 0375726403 0385722206 0449005615
238757,051513287X 0515132020 0515135062 0515130389 0515121843 051512317X 0373218397 051512608X 0515133973 0373244487
238779,0316769487 0312980140 0375700757 0061009059 0312924585 0312983867 0345348036 0440206154 0446670251 0312971346
238781,0446672211 0142000205 0312278586 0440226430 0446608955 0440221315 0316284955 0446516538 0671003755 0345435168
238823,0380789035 3442541751 3150000017 0446310786 0380002930 3492045170 3257229534 3423202327 3423201509 3426029553
238836,044023722X 0440241073 0440234743 0446364193 0345417623 0440225701 0449003787 0446611778 0425180964 0425143325
238849,0553271636 0449219364 0553279556 0553279912 0449219461 0553280368 0553280341 0671001795 044021145X 0449212602
238864,0316666343 0552124753 0330332775 0590660543 0312274920 0590112899 0099771519 0552131059 0330367358 0091867770
238887,0385729332 0440213525 067976402X 0440414806 0689817851 0316769487 0064472272 0452260116 0064400557 0064472795
238889,043935806X 0425180638 0060977493 0380731851 034536676X 0425154092 0440220602 0425147622 0446610038 0151008116
238890,0399144463 059035342X 0312195516 0679429220 0440235596 0440226104 0679746048 014028009X 044651652X 0060930535
238910,0385504209 0060987103 0671027360 0316769487 0671004107 0684874350 0156027321 0373244223 0373226918 0440226430
238921,0345370775 0440414806 0440220653 043935806X 034540288X 0440998050 055321313X 0439049989 0064407675 0440407524
238939,0345413369 0380789035 0446310786 0380789019 0062502182 0345413377 0671510053 0804106304 0446672211 0380002930
238961,0345339681 0439064872 0842329250 0345339711 059035342X 0842329269 0345339703 0439136369 0842329277 043935806X
239004,0156027321 0385512104 0439064864 0440414806 0060916508 0439136350 0590353403 0439139597 0553211404 0061097314
239020,0671510053 0385484518 068484267X 0440241073 0385492081 0312995423 067976402X 0446603422 044022103X 0345387651
239067,0061009059 0312966970 0312966091 0671001795 0312976275 0312980140 0312291639 044023722X 0312983867 0345417623
239070,0385504209 0312966970 0312980140 0312971346 0312966091 0312983867 0312306326 031298328X 0312976275 0671001795
239074,0316284955 0671021001 0060976845 0375706771 0452282829 0385335482 0440226430 0316601950 0312195516 0385484518
239089,0425154092 0425163407 0312421273 014023313X 0440180295 0375725784 0345391802 0425147622 0380718332 0425180638
239106,0385504209 0671021001 0316666343 0316601950 0385335482 0679746048 0345350499 0446670251 0385486804 0446532231
239111,0671510053 0345348036 0345337662 0609804138 0446606189 0451191145 006099486X 0553284363 0345361792 0312995423
239161,0316666343 0385265700 0151008116 0452282152 0679781587 0345361792 0142001740 0345370775 0439136350 0345353145
239175,0441569595 0380789019 0441172717 0552128481 0552131059 0552137030 067976402X 0552131075 0552131067 0552140295
239241,3442541751 3150000017 3492045170 3423202327 3423201509 3257229534 325722575X 3423202947 3426029553 3257227809
239310,0345353145 0345370775 0345391055 044021145X 034540288X 0446359866 0345402871 0345378482 0440224675 044022165X
239374,0553572997 0446310786 0345380371 044021145X 0425152251 0345353145 0425170349 0070212570 0425109720 0425144429
239407,0345439104 0316601950 0060930535 068484477X 0679781587 0312195516 0385722206 0671510053 0385420161 0684848783
239413,0446672211 0449212602 0385504209 0316666343 014029628X 0316601950 0679781587 0060934417 0345417623 0452282152
239415,0440234743 0380730138 0553279912 0440211727 0440226104 0449221490 0375727345 0449003795 0316601950 0449221482
239423,059035342X 0345370775 0446605239 0440206154 0312195516 0786817070 0553289411 0439139597 0312980140 0142001805
239449,059035342X 0345413350 0312195516 0064472272 0440498058 0380002930 0064407667 0440998050 0064400557 0064405842
239460,0679781587 0385504209 0316776963 0156027321 0375726403 0449005615 0452282152 0312291639 0385722206 0385498802
239467,3442541751 3150000017 3492045170 3423202327 3423201509 3257229534 325722575X 3426029553 3423202947 3257227809
239468,0099771519 055357258X 0552131067 044651652X 0671028375 000649840X 067976402X 0446310786 0552137030 0671617028
239481,0312195516 0060928336 0142001740 0452282152 0316666343 0446672211 0316776963 0060976845 044651862X 0786868716
239486,0345342968 0451526341 0446310786 0440180295 0451524934 0060929871 0393312836 0060502258 0060930187 0684801523
239488,3442541751 3492045170 3150000017 3423202327 3423201509 3426029553 3423202947 3257229534 325722575X 3442092981
239535,0142001430 0060928336 0440206154 038079487X 0151008116 0385474016 0671510053 0345378490 0060392452 0060977493
239551,0330332775 000649840X 0099771519 0060392452 0091867770 0552124753 0552131067 0552137030 0552996181 0552996009
239554,0060928336 0316666343 0385335482 0316776963 0060976845 0385504209 0312278586 0312291639 0446670251 0385335881
239584,0316096199 0156027321 0375726403 0312278586 0385512104 0060987103 0375412824 0385503857 0743418174 0385722435
239594,0385504209 0345350499 0440206154 0156027321 0375725784 0385490445 0446394521 0425154092 0446604666 0060929790
239609,0439136369 0439139600 0439064872 0439139597 059035342X 0439136350 0439064864 0385504209 0671027360 0590353403
239619,0064407675 0064407683 043935806X 0440414806 0064407691 0060987103 0060392452 0552137030 0064408647 0679429220
239623,0440206154 0440224675 0451172817 0451156609 0345380371 0451137965 0451167317 0451160525 0451177096 0451180232
239626,0439064872 0375700757 0060934417 0440206154 043935806X 0439139597 0786868716 0385484518 0312421273 0439136369
239630,2253150711 2253044903 2070360024 2266023039 2290311782 2253057843 2070408507 2253005274 2253152846 2277260029
239642,0345387651 0440235596 0553268880 044021145X 0316666343 0553275976 0060502258 0312195516 0440222656 0440214041
239670,0060987529 0060959037 0060928336 044023722X 0312291639 0142001740 038572179X 0684872153 0060976845 0316769487
239688,0515131229 0515121843 0515135062 051512317X 051512608X 0373218397 0515133973 0515130389 0373244487 0373218192
239692,0316693006 0385508042 0385503822 0316693200 0671027360 0316666343 0316693235 0345339703 0385511612 0385510438
239736,0552124753 0099771519 0552131067 0062502182 0060928336 0552131075 0349101779 0552128481 0552131059 0312291639
239748,0380789019 0345413350 0380789035 0441002935 0441007813 0441304834 0316776963 0441003745 0441000916 0345443284
239761,3442541751 3150000017 3492045170 3423201509 3423202327 3257229534 325722575X 3423202947 3426029553 3257227809
239788,0552137030 0552131075 0552140295 0552134627 0552134643 0552134635 0552145424 0552140287 0552134619 0552142379
239790,0345337662 0671510053 0345348036 0446606189 0553279378 0312976275 0440234743 0061009059 0446604666 038542471X
239801,0552131067 0552131059 0552137030 0552131075 0552134627 0552140295 0552134635 0552134643 0552134651 0552996009
239808,0440221471 044022165X 0440211727 0440214041 044021145X 0440213525 0440224764 0345380371 0345337662 0440234743
239834,0385504209 0425083837 0345339703 042510107X 0425170349 0440211727 0385486804 0425180964 0440241537 0345339738
239841,0375727345 0446679593 0142001740 0786868716 0060391626 0449005615 0385484518 0385492081 0452264464 0671510053
239847,0671021001 0316601950 0385504209 0316666343 0375706771 0312278586 0451524934 0446670251 0060502258 0385335482
239854,0399501487 0440498058 0451184963 0345417623 0684865742 0345342968 0671042858 0345339681 0345361792 0451160525
239873,0385504209 0671027360 0446605239 044023722X 0679781587 0060392452 006101351X 0316666343 0060977493 0312195516
239946,0375700757 0385486804 0142001740 0156027321 0449003795 0449005615 0316776963 0425192725 0440241537 0449003787
240033,0451526341 0316769487 0451167317 0451172817 0451169522 0451524934 0399501487 0451190491 0451160525 0451163524
240035,0345353145 0440206154 0451156609 0345337662 0425124347 0451180232 0345380371 0451177096 0451172817 0451170385
240049,0312305060 0156027321 0142001430 0060938455 0142001740 0060934417 0452282152 039592720X 014029628X 0060502258
240051,0316666343 0671534734 0312291639 0061020710 0440998050 0671759345 0671670689 0671525433 0671027360 0671642561
240088,8408043641 8432206407 8445071416 8433969978 8478884955 8477204055 8420616893 8466307125 0312924585 8478884459
240100,0140293248 0312278586 0060502258 014028009X 880781210X 0553582747 8806143042 8806166484 8845215989 8845237303
240107,0345339738 0345339711 0345339681 0385504209 0440220602 0345417623 0345337662 0440221471 0553263226 042510107X
240111,0553582747 0345353145 0425107469 0345370775 0449006522 0553580221 0345386108 0345378490 0425144429 044023722X
240113,0061009059 0312966970 0312980140 0312971346 0439064872 0312983867 0312990456 0439136369 0312976275 0312265867
240131,0316666343 044023722X 0440211727 0440241073 0312195516 0060928336 014028009X 0440224764 0671027360 0345361792
240144,034541389X 0316666343 0553560247 0449212602 0439064864 0679781587 0449223612 0064407667 0140067477 0449219461
240155,0380789019 0345413350 0345348036 0671004107 002542730X 0380789035 0446605239 0345353145 0345323440 0449208133
240205,0345350499 0380789019 043935806X 0345339681 0618129022 0380789035 0345325818 0441172717 0345339711 0609610597
240209,0140293248 0385335482 0316666343 0743418174 0671880187 0553560247 0446670251 0345366239 0380780860 0385336179
240219,0312195516 0553574671 0385335482 0553574663 014029628X 0140293248 0553574639 0515134384 0060930535 0553572040
240224,0440234743 0446601241 044022165X 044023722X 0345417623 0440221471 0316096199 0440236673 0440241073 0061009059
240225,0440226104 0425152251 0380002930 0446611085 0553572997 0345350499 0060915544 0060502258 0553574574 0060928336
240235,0312966970 0312966091 0312971346 0671001795 0061009059 0312976275 0312265867 0312980140 0312983271 0312306326
240267,0316284955 0380018179 0671021001 0425182908 0440236703 0142001740 0375727345 0515131229 0446612790 044023722X
240272,0385504209 0316666343 0446672211 0316601950 0446605239 0440222656 0446608955 0452282152 0679781587 059035342X
240280,0439139597 0439136350 0439064864 0439139600 059035342X 0439064872 0590353403 0439136369 0609610597 0345339681
240307,0385504209 0671027360 0385510438 0553802496 0345387651 0316693006 0312995423 0399150897 0316603287 0316603570
240318,0060392452 0060938455 0446532231 0440224675 0316769487 0451524934 0451526341 0671021001 0679735771 014028009X
240333,0316666343 044023722X 0140293248 0312278586 0345378490 0316096199 0385335881 0385486804 0345370775 0385335482
240370,0451191145 0451524934 0316777730 0316284955 0316769487 0446532231 0140185216 0440180295 0060929871 0385720920
240375,0451172817 0451167317 0451156609 0451160525 0451137965 0451169530 0451168615 0451176464 0671024248 044021145X
240394,0440213525 0440220602 0440211727 0440214041 0156027321 044022165X 0345380371 0446359866 0345402871 0440221471
240398,0345439104 0345314255 0345370775 0446610038 0345350499 0385720106 0156027321 0099771519 0812548051 0345388666
240401,0671027360 0060392452 0684872153 0316284955 0064400557 0345339681 043935806X 0446672211 0440206154 0804106304
240403,0452260116 0064471101 0142001740 0345339711 0064471063 0440414806 014025448X 0345446860 0064471047 0345339738
240440,8408043641 8445071416 8433969978 0316769487 0151008116 8478884955 8420616893 8477204055 8420441708 0440224675
240484,051513287X 0446612790 0515135062 0440241537 0515128546 0446610038 0446612545 0385504209 0515130389 0515128554
240495,0316769487 067976402X 0399501487 0451524934 0345342968 0452264464 0451191145 0671004107 0441569595 0312282990
240528,0439139597 0439136350 0439064872 0439136369 059035342X 0345339681 0345339703 0385504209 0064407667 0345339711
240541,0446364193 0316769487 0553208845 0451524934 0151008116 0440226430 0380789019 0440234743 0553289691 0684833395
240543,0380002930 0385484518 0451163966 0553250426 0439064872 0385720106 0312983824 006101351X 0440221471 044021145X
240567,0316601950 0060930535 0061009059 0375707972 0060976845 0312966970 0312966091 0060938455 0375700757 067976402X
240568,068484477X 0679746048 0684872153 0312979096 068484267X 0440211727 0316284955 0553573136 042513525X 0070212570
240577,006101351X 0140293248 0385492081 0553274503 0399501487 0446605239 0399144463 014028009X 0671510053 0385479565
240609,0446605239 0446610399 0446611867 0515136379 0446672211 0515136530 0446606812 0515135062 0671014196 0373218966
240643,0375727345 0446610038 0345443284 044023722X 0375700757 067976402X 0312291639 0449003787 0446364193 0375706771
240663,0156027321 0385722206 0060987103 0064472272 0385336179 0385335881 0312278586 0142001430 0345342968 0385335482
240670,0060938455 0385722206 0380731851 0743237188 0312305060 0316776963 0449005615 0312195516 0375726403 0449911519
240677,0446672211 0316569321 0345439104 0671021001 0316601950 0671510053 0375706771 0312195516 0452282152 0679781587
240681,3442541751 3492045170 3423201509 3150000017 0380789035 3423202327 325722575X 3423202947 3426029553 3257229534
240687,0345342968 0441569595 0440180295 0441172717 0380789019 0553260111 0553562614 0425158640 0345339681 0441790348
240700,059035342X 043935806X 0064400557 0064407667 0439064872 0439136369 0440219078 0446310786 0439139600 0064407683
240723,0671727796 0385335482 0312278586 0446532231 0380012863 0671693816 0452260116 0060392452 038529929X 0451184963
240756,0142001740 0452282152 0385504209 0373218397 0156027321 0515128554 0515126772 051513287X 0515121843 051513628X
240789,0156027321 0380789019 0441569595 0345353145 0446394521 0380752867 0441790348 0060987103 0441003257 0345314255
240829,0440226430 0440221471 0345337662 0060928336 044022103X 0440213525 0446672211 0684874350 044021145X 0060987529
240883,0451524934 0399501487 0316769487 0441003257 0446310786 0446611867 0385504209 0451184963 0440211263 0553272535
240888,0375727345 0312980159 0140143505 0671021001 0060938455 0440236738 055356451X 0440214041 0380789035 0312974256
240906,0440213525 0440220602 0440211727 0345353145 044022165X 0440234743 0440225701 0345378490 0440221471 0553572997
240932,0316780375 0679781587 0804106304 0684848783 0684872153 0446606812 0312195516 059035342X 0671510053 0060959037
240951,0440241073 0440224764 044023722X 044022165X 0440236673 0440214041 0440211727 0440225701 0440221471 0446364193
241011,0385504209 0553284789 0553279912 0553271636 0671027360 038548951X 0449221490 0440223202 0449221512 0449221482
241012,0449223612 0449221512 043935806X 0312995423 0553279556 0553280341 0399149155 0449219461 0439139597 0553271636
241033,0440234743 0440221471 044021145X 044022165X 0440214041 0440226430 0440211727 0440213525 0440241073 044651652X
241036,0842329129 0310205719 0842329218 0842329242 0345339681 0070212570 044021145X 0842329250 0140067477 0060502258
241042,0061009059 0446610038 044023722X 0380731851 0312966091 0060934417 0345391055 0671001795 0345353145 0060977493
241048,0060928336 0142001740 0312195516 0452282152 0375727345 0316776963 0452282829 0446672211 0060976845 0312291639
241080,0440221471 0440224764 0446610038 051513287X 0515132020 0440236673 0440225701 0446604801 0446612790 0425154092
241086,0316776963 0385720920 0375725784 0312421273 0385504209 0156027321 0312282990 0380813815 0060929871 0451524934
241100,0440241073 0446611212 034541389X 0060938455 0449003795 0399501487 0385492081 0446532231 0425141551 0345413903
241146,0440226430 0671004573 0679429220 044021145X 0385504209 0515132020 0671004549 0515128554 0316284955 0380718332
241152,0446606812 0446610399 0446605239 0345380371 0553277472 0451526341 0373218966 0515131229 0440213525 0440220602
241198,0671003755 0385504209 0060502258 0679781587 3150000017 0316769487 0375706771 3257229534 0971880107 3442541751
241204,0385504209 0316666343 0156027321 0786868716 0399144463 0385484518 0553296981 0316776963 0316096199 0385335482
241214,0439064872 059035342X 0385484518 0439136369 0446672211 0439136350 0439139597 0446608955 0439064864 0060928336
241239,0345391802 0552137030 0345391810 0552124753 0380789035 0345391829 0552131067 0345342968 0553572997 0060929871
241247,0060928336 0671021001 0679746048 0316284955 0060976845 0425167313 042516098X 0385335482 0446672211 0385335881
241265,044023722X 0671027360 0142001740 0316666343 0440241537 0425192725 0316776963 043935806X 0060934417 0060938455
241268,0345417623 8408043641 8432206407 8445071416 8433969978 0380789019 0060392452 0671004107 0812550706 0451203771
241305,0345339703 039592720X 0553274295 0786868716 0316096199 0449213447 0440487617 0451526341 0553272535 0345342968
241306,0345351525 0345384466 034538475X 0345397819 0345409671 0345404319 0060928336 0345334531 0060930535 0345422384
241334,0452264464 0345443284 0140067477 0684833395 067976402X 0375411550 0345350499 0140042598 0553348973 0553348981
241357,0060928336 0060976845 0375706771 0312966091 0671021001 044023722X 0446672211 0312971346 0312966970 0440241073
241367,0060928336 0385504209 0452282152 0142001740 0316601950 0312291639 0316666343 0060930535 0743418174 0671027360
241405,0375725784 0312282990 0385504209 0156027321 0385722206 0375703861 0312421273 0345361792 0385498802 0375726403
241414,0441003257 0399501487 0553262505 0380789035 0345348036 0345361792 0345337662 0385722206 0345313860 0671004107
241432,0316666343 3442541751 3257229534 3150000017 325722575X 3423201509 3423202327 0156027321 3492045170 0671021001
241441,0399149155 0425158616 0446610038 0449223612 0446364193 0312966970 0446608815 0553280341 0316693235 0553284789
241495,0380789035 0786868716 0060928336 0316666343 0553375407 0671041789 0451191145 0345443284 0060392452 0345361792
241513,0345417623 0060928336 0671021001 0440221471 0440241073 0440236673 0385504209 0440211727 0440220602 0345380371
241523,3442541751 3150000017 3492045170 3423202327 3423201509 3257229534 325722575X 3423202947 3426029553 3257227809
241527,0441569595 0380789035 0345342968 0345313860 0062502182 0316769487 0671004107 067976402X 0679785892 0441790348
241531,0671027360 0399147195 0385508042 044661193X 0399149155 0312265859 0385510438 0385504209 0553566040 0316603570
241537,0028604199 0452282152 0345335465 0609610597 0671004530 0345314255 0345253736 0553289411 0446611867 0345339681
241548,0440226430 044651652X 006101351X 0425152251 0679731148 0140293248 0385484518 044021145X 0553560247 0312291639
241565,0446610038 0446612790 0446364193 0553572997 0553375407 0316693251 0316666009 0451524934 0553213105 0446605484
241569,0440212561 0804106304 0671027360 0679746048 0425152251 0440215625 0060502258 080410526X 0671027387 0440217563
241597,0142001740 0375727345 067102423X 0684867621 0142000205 0312305060 0316666009 0670839531 0446679593 0446611212
241614,0446310786 0451526341 0316769487 0451163966 0684801523 0312278586 0590353403 0671003755 0440180295 0670892963
241646,044023722X 0671027360 0679781587 0061015725 0446610038 0609804138 0316168815 0515127396 0446612790 0142001740
241666,0425175405 0345353145 0446359866 0345386108 0385486804 0345384369 0553582755 0156027321 0345413873 0425121631
241749,0515131229 0515132020 0446610038 051511779X 0515120618 0515133973 0515128546 0515132187 0515128554 0515126772
241752,0446672211 0316666343 0312278586 0385335482 0060928336 0060930535 0440226430 0375706771 0385335881 0425167313
241791,0385336179 0440180295 0671003755 0345313860 0375727345 067976402X 0671021001 0399501487 0316769487 0385720920
241799,0316666343 0345443284 0375727345 0671038184 0446672211 068484477X 0142000205 0688170528 0375726403 0060976845
241802,0385504209 0446605239 059035342X 0312278586 0553296981 0671003755 0385335482 0060930535 0671021001 0385474016
241861,0671027360 0446610038 0345413903 0446611212 0671028375 0446612790 034541389X 0804106304 0671004530 0316601950
241885,0451526341 0345380371 034540288X 0451524934 059035342X 0446605239 0440214041 0440211727 0440222656 0140177396
241894,0316666343 0552996009 0743418174 0590660543 0330332775 0552124753 0590112899 034911675X 0099245027 0552143774
241949,0449003795 0380731851 0671027360 0440206154 0440236738 0345413903 0316096199 0385504209 0316601950 0446611212
241980,0385504209 0312291639 0671027360 0312265859 0446606189 0451160525 0671670689 0061009059 0451163524 0446610038
242006,0380814803 0671737791 0060001453 0553561537 0380899825 0440241049 0553285947 0380756250 0380756269 0380753006
242007,0439064872 059035342X 0439136350 0439139597 043935806X 0590353403 0060928336 0345342968 0345350499 0440211727
242008,0312291639 0552124753 0552131067 0446611085 0552137030 0446611867 0552145424 0552131075 0552134643 0552140295
242018,3442541751 3150000017 3492045170 3423202327 3423201509 3257229534 325722575X 3426029553 3423202947 3257227809
242029,3442541751 3423202327 3423201509 3492045170 3423202947 3150000017 3257229534 325722575X 059035342X 0971880107
242037,0440211727 0440220602 044021145X 0440221471 0380002930 0345353145 0440241073 0440234743 0440214041 0446310786
242073,0440226430 0060928336 0385484518 0446310786 0316666343 0316601950 0446605239 0425152251 0446611867 0385335482
242083,0440234743 0440213525 0446532231 0451184963 0440225701 0064407667 0440241073 0316769487 0441003257 0060930535
242097,0452264464 0060915544 0385265700 0452282829 0060959037 0446672211 0671003755 0142000205 0553279378 044023722X
242106,0345337662 0345384466 044651652X 0679781587 0553250531 0553250426 0439064864 0446670251 0590353403 0440217563
242113,044021145X 0345380371 044022165X 0440211727 0440214041 0446364193 0440211263 0452282152 034540288X 0446364800
242118,0440206154 0451156609 0451176464 0451188462 0451167317 0345337662 067102423X 0451172817 0451132378 0451177096
242143,0316666343 0385335482 0446310786 014028009X 0671021001 0316781266 0316601950 0375706771 0440226104 0140293248
242157,0385504209 0312421273 0312265867 0156007754 0312265859 0440206154 0312976275 043935806X 0399150897 0060976241
242215,0440234743 0142001740 0142004235 0312291639 0375727345 0316284955 0312195516 044022165X 0345337662 0446532231
242219,0316666343 0316284955 0671004573 0440213525 0671758896 0312195516 0446672211 0671867172 0446363251 0671004549
242245,0553582135 0440206154 0553569910 0515131229 0515135062 0515130389 0515126772 0373218192 0446610038 0515128546
242247,0060928336 0345337662 044021145X 0446672211 0316666343 0671021001 0452282829 0142000205 0316601950 0385484518
242248,0142001740 0440414806 0671004573 0070212570 0316284955 014025448X 0345337662 0671867091 0671568175 0671004549
242262,0440226430 0060915544 0452264464 0316601950 0452282195 068484477X 0671510053 0345439104 0671003755 0142000205
242273,0743418174 0618129022 0670880728 044651652X 0345350499 0060502258 0875421245 0142001740 0345384466 0804106304
242299,014028009X 0312291639 0375700757 0060987103 0385335482 0609804138 0316769487 0385335830 0679429220 0385335881
242309,0446672211 0446608955 0312278586 0446310786 0671021001 0451172817 0142000205 0671042858 0060391626 0440226430
242310,0312278586 0446610038 0060502258 0345353145 0446612790 0345378490 0385335482 0446601241 0446670251 0425175405
242317,0316666343 0316284955 0312195516 0446608955 0312983271 0446610038 0385335830 0375703055 0440236673 0446672211
242319,0385504209 0671027360 0385505833 0345413903 0142001740 0380731851 0446612545 0440234743 0440241537 0385503822
242361,0316284955 0312195516 0316601950 014028009X 0440235596 0316666343 0743418174 0440226430 0671021001 0140293248
242364,0142001740 0385722206 0156027321 0312195516 0679781587 0452282152 0060938455 031242227X 0449005615 0060934417
242397,0345351525 0345313860 034538475X 0345384466 044651652X 0345370775 0345409671 0440220602 0345397819 0345378490
242409,0345361792 0156027321 0316096199 0140620109 0140620427 0439136350 0330375253 0140620222 0140620184 0439064864
242414,3442541751 3150000017 3492045170 3423202327 3423201509 3257229534 325722575X 3423202947 3257227809 3442092981
242458,0671027360 0156027321 0440234743 0316666343 044023722X 0385508042 0385511612 0345339703 0440221471 0345339711
242465,0385504209 0446677450 0316776963 0618129022 0786881852 0684867621 043935806X 0446516538 0316601950 0140067477
242499,0345417623 0385504209 0671027360 0440211727 006101351X 0060392452 034540288X 0804106304 044023722X 0515135062
242500,0316969680 0385503822 0316693200 0316693235 0385508042 0316693006 0385511612 0385497466 0316693251 0316602906
242527,014028009X 0060928336 0679781587 044023722X 0316284955 0449219364 0375703055 0060976845 0385474016 0312961324
242528,0385504209 0316601950 0452282152 0440241537 0060938455 0440236703 014025448X 0060930535 0609804138 0440241073
242544,0345413369 0380789035 0060392452 0670892963 0440213525 0316769487 0671021001 0440226430 0062502182 0446606324
242558,0345353145 059035342X 0515118656 0345423615 0804106304 0375700757 0151008116 0345409469 0425154092 0345378490
242618,0312278586 0312291639 0440241073 0316666343 0385335881 0440234743 014028009X 0385335482 0440236673 0446672211
242637,0316666343 0671027360 0060938455 0142001740 0316776963 0385722206 0312195516 0312305060 0385486804 0316769487
242639,0345391802 0440180295 0060929871 0385504209 0316776963 0345350499 0446310786 0553572997 0345347536 0446532231
242640,0345361792 039592720X 0670892963 0440180295 0060929871 0156007754 0140042598 0786868716 0385722192 0060392452
242642,0515135739 0446610038 0553582526 055356451X 0553571885 0446611212 055356160X 0446364193 0312980159 0515125628
242646,0446612790 0385511612 0446364193 0446612545 044023722X 0553582526 0440234743 0446610038 0345417623 0446611085
242681,3442541751 3150000017 3423201509 3492045170 3423202327 3426029553 325722575X 3257229534 3423202947 3257227809
242742,0440235162 0786868716 0446605239 0446612545 0679781587 0380813815 0670031208 0446607657 0446610038 0452281903
242763,0385504209 0060930535 0156027321 0671027360 0060987103 0452283205 043935806X 0060934417 0060977493 0312265867
242790,0061009059 0312966970 0312971346 0312983271 0312966091 0425192725 0449221512 0312983867 0553280341 0449223612
242812,0385335482 0385722206 0609804138 0060915544 0375504613 0142001430 0312278586 0743227441 0060173289 067088300X
242824,0316666343 0316284955 0312983271 0385335482 0440241162 0446610542 014028009X 0446670251 0440211727 0140293248
242828,0060976845 044651652X 0385484518 0375504613 0440226104 0679781587 0670880728 0446530077 0515102652 0618129022
242843,0316666343 0345443284 0385265700 0316601950 0316284955 067976402X 0375706771 0060928336 0316899984 0312195516
242849,0446610038 0380731851 0449003795 0446612790 0446612545 0425182878 0553578693 0345413903 0446611611 0425189864
242878,0060928336 0345350499 0060502258 0345387651 0452282152 0449212602 0312195516 0142001740 0385504209 0316601950
242891,0440221471 044022165X 0399501487 044021145X 0440236673 0440213525 0385504209 0385492081 0440211727 0345337662
242914,0312278586 0446605239 0316666343 0446606812 0385504209 0385511612 0446608955 0446611867 0316969443 0385503822
242962,0679781587 0553581554 0440226104 0553582747 038079487X 0425181103 0449006522 0060987103 0345361792 0425180638
242964,0316666343 0316601950 0452282152 0060928336 0446672211 0449212602 0679781587 0060959037 0060934417 0385504209
242999,044021145X 0345380371 0060915544 0553268880 0440214041 0440224705 068484477X 0440225701 0440213525 0553572997
243004,0590353403 0439136350 0439064864 0446605239 0439139597 043935806X 0140067477 0553296981 0439139600 0670880728
243058,0380977788 0439139600 0439064872 0439139597 0439136369 0345342968 0064407667 0380002930 0441003257 0064407675
243065,0316776963 0060928336 0375726403 0060934417 0452282152 0060976845 0375725784 0060930535 0142001740 0375727345
243075,0440414806 034540288X 0064407667 0440220653 0380698714 0345370775 0064407675 0064401847 044048474X 0440484332
243077,0525947647 0380789035 0312966091 0553562614 0553560735 0345409469 0312971346 0312980140 0670880728 0552131067
243088,059035342X 0439064872 043935806X 0439136369 0439136350 0439139597 0345339681 0439139600 0345339703 0446608955
243141,059035342X 0345370775 0061009059 0440414806 039480001X 0590634275 0440998050 0064407667 0440407524 044048474X
243142,0316601950 067976402X 0060987561 0345443284 0375727345 0316569321 0316666343 0446606812 0375706771 0385505833
243206,002542730X 0316666343 0385335482 0380778556 0140430725 0380012863 0449212602 0142001430 014029628X 0345337662
243213,2253063339 2253150711 2253044903 2070360024 2266023039 2290311782 2253057843 2205054252 2070408507 2253005274
243236,0385484518 0375706771 0452282152 0345387651 0345361792 0316569321 0142001740 0345424719 0060930535 0060976845
243276,0345361792 0156027321 0375725784 0375703861 0385498802 0375727345 0385722206 034540288X 0345370775 0385490445
243294,0440414806 0440220602 0446310786 0316284955 0345339711 0440221471 0440236673 0345339681 0385504209 0440212561
243312,0345417623 0440221471 0671021001 0440213525 0345339703 0452282152 0380731851 044022165X 0345348036 0446606324
243328,0375725784 067976402X 0671027360 0060392452 0440241537 0525947647 0449911519 0380813815 0156027321 0060938455
243360,044021145X 0385474016 067976402X 0440206154 0316569321 014028009X 0316769487 0380789035 0060502258 0451526341
243363,044023722X 0446611212 0440241073 0440241537 0440236673 0446604844 0385504209 034541389X 0345413903 0425182908
243387,0060928336 0316601950 0452282152 0060930535 0446672211 0142001740 0312195516 0671021001 0060987561 0060915544
243429,0385503822 0385505833 0385504209 0316693200 0316666009 0312265859 0316666343 0316693006 0316693235 0399149155
243448,0385504209 044023722X 0425182908 0380731851 0446602620 0446603589 0446606324 0440222656 0440241073 0679781587
243449,0425141551 0441172717 0425174018 0425182886 0449003795 0440241073 0385492081 0425182908 0515130044 0060930535
243490,0385504209 0312195516 0452282152 0679781587 0671027360 0060976845 0375726403 0671003755 0446672211 0345439104
243491,0312195516 0156027321 0671027360 0142001740 0446672211 0316284955 0452282152 0316601950 0060930535 0385484518
243546,0330332775 0330367358 0099771519 0749397543 000649840X 0552996009 0446606812 0552124753 0552137030 0552998001
243584,0425147622 0439064872 0060987103 0440222656 0345391055 059035342X 0345353145 0452282152 044023722X 0060934417
243585,0385504209 0671027360 0312995423 0452282152 044023722X 0375727345 0061015725 0312195516 0440241537 0142001740
243586,0060938455 0312195516 0743418174 044021145X 0452282152 0440241073 044022165X 0345446860 0345417623 0440234743
243607,0316601950 014028009X 0385335482 0142001740 0140293248 0452282152 0446672211 0312195516 0060930535 0671021001
243664,0330332775 0330367358 0312278586 0099245027 0446606812 0312274920 0316096199 0552143774 0091867770 0385512104
243700,0679781587 044651652X 0385486804 0312195516 0375700757 0060928336 0553375407 0671003755 0446516538 006101351X
243720,0515128546 0515126772 0515132020 051513287X 0515131229 0515135062 0515121843 0515130389 0515114693 0515124214
243745,0440226430 0151008116 0440213525 0312291639 044022165X 0440220602 8408043641 0425107469 0345391802 0440235596
243759,0316666343 067976402X 0312195516 0446610038 0425175405 0679781587 0446608955 0399149155 0553578022 0452264464
243768,3442541751 3150000017 3492045170 3423202327 3423201509 3257229534 325722575X 3423202947 3426029553 3442092981
243785,0440217547 0380018179 0440184053 044651652X 0440176484 0440201926 0440224780 0440217512 0440193613 0446605239
243814,0312291639 0553272535 0142001740 0446394521 0385492081 0060928336 0399501487 0385504209 0399144463 0385484518
243838,3442541751 3150000017 3423201509 3492045170 3423202327 3257229534 325722575X 3257227809 3426029553 3423202947
243848,3442541751 3150000017 3423202327 3492045170 3423201509 325722575X 3257229534 3426029553 3257227809 3423202947
243863,0425154092 0345337662 0345313860 0345384466 0440226430 044651652X 0679429220 0345369947 0425147622 0060987529
243876,3442541751 3150000017 3492045170 3423202327 3423201509 3257229534 3423202947 3257227809 3426029553 059035342X
243879,0316666343 0156027321 0060930535 0312282990 0671027360 0316776963 0679781587 0140293248 0312278586 0385722206
243891,0452282152 0385504209 014025448X 0312195516 0156027321 0312305060 0316666343 0140254544 0786868716 044023722X
243899,0440206154 0375727345 0671510053 067976402X 0060976845 0440224675 0316769487 0142001740 0345438329 0380789035
243917,0446310786 0345342968 0451524934 0316769487 0345391802 0440180295 0684801523 067976402X 0375727345 0451526341
243929,0060987103 0060930535 0060987529 0061097314 0440226104 0449005615 0375726403 0375725784 0060915544 0140293248
243930,0060928336 0345384466 0345351525 0553279912 0060930535 0064407667 0553280368 0679781587 0312291639 0679429220
243942,067976402X 0345424719 0446310786 0440226430 068484477X 0446672211 014023313X 0385265700 0425162443 0385720106
243948,0552131067 0552137030 0552128481 0552131059 0552131075 0099771519 0552996009 0552134627 0552134635 0552140295
243951,0316693006 0385497466 0385503822 0446607657 0452283205 0446531332 0385508042 0553250531 0553801376 0385490992
243964,0060987103 0345378490 050552113X 0446610038 0380789884 0345339681 0451166892 050552354X 0505524090 0505523752
243966,0553213148 0553213172 0440220653 0440414806 0553213164 0553213180 0440998050 0553274295 0440498058 0345370775
243984,0452282152 0316666343 0312195516 0312971346 0142001740 0312966970 0316569321 0312980140 0786868716 0385504209
243991,0446610038 0679781587 0060938455 0446677450 0684872153 0312966970 0060915544 0399144463 0425152251 0671250671
243996,0375706771 0375707972 0440226430 0345424719 0316666343 0804106304 0385265700 0312195516 067976402X 0375727345
244007,0553280341 0553271636 0553280368 0553279912 0449219364 0553284789 0449221504 0449221512 0449223612 0330367358
244039,0156027321 0345342968 0140042598 0060929871 0316776963 0446310786 0385492081 0316666343 0679745203 0425152251
244056,0446310786 0385504209 0156027321 0316777730 0451526341 0060929871 0684801523 0316769487 0451524934 0671021001
244070,0804106304 0684872153 067976402X 0671510053 068484477X 0385265700 0452282152 0743225406 0316666343 068483376X
244092,0312195516 044023722X 0345370775 0440213525 0671021001 0446605239 0446608955 0060502258 0440214041 0375727345
244139,3442541751 3150000017 3492045170 3423202327 3257229534 325722575X 3426029553 3257227809 3404148665 3257228007
244148,0345313860 0671510053 0345337662 0380789019 0060928336 0380789035 0345384466 0679781587 0451169530 0345422384
244171,0684801523 0385335482 0060929871 0679723161 0312282990 0671001795 0553802496 0553277472 0446670251 0679746048
244189,0671027360 0684874350 0446605239 0140293248 0425083837 042510107X 0345361792 006101351X 0061015725 0425122123
244242,0380789035 0446610038 0380789019 0446611212 0345413377 0380977788 0385722206 067976402X 0061020702 0061015725
244277,0060938455 0312195516 0452264464 0449005615 0452282152 0385486804 0312274920 0156027321 0786868716 0786881852
244285,067976402X 0142001740 0142000205 0375707972 0452282152 0345439104 0440226430 0312195516 0446672211 068484477X
244286,067976402X 0312305060 0375725784 0440219078 0671027360 0060977493 0671027387 0385722206 0446532231 0151008116
244309,0099771519 000649840X 0552998001 0552996009 0749397543 0552137030 0749395990 0552998486 0142001430 0140265988
244314,0553582747 0446611212 0446610038 0440241073 0380731851 0446612790 0345413903 0316096199 0345441036 0446607657
244349,0451190548 0451190564 0451190521 0451190572 0553572997 0345335708 0345335511 0446677450 0345443284 0345335651
244359,044023722X 0385504209 0060987103 0375726403 0142001740 0452282152 0060959037 0312291639 0312305060 0316776963
244375,038542017X 067169507X 0375707972 0440212561 0440241073 0671708635 0312195516 014025448X 0140293248 0440215625
244385,0380789019 0060502258 0345342968 0062502182 0425158640 0440206154 0345313860 0345351525 0316769487 0451524934
244400,0671027360 0385504209 0385503822 0446611638 0380731851 0446612790 0446612545 0312995423 0425180638 0446611212
244418,0312278586 0446310786 0330332775 0316777730 0060929871 0345342968 038549081X 0316769487 0440206154 0380002930
244420,059035342X 0312278586 0060934417 0060976845 0060959037 0142001740 044023722X 0385729332 0345370775 0060915544
244452,0836218256 0836218353 0836217691 0836218051 0836218620 0836218787 0316103098 0316107298 0316107018 0836218833
244456,0060976845 0316601950 0446672211 014028009X 0312291639 0316096199 0375706771 0385335482 0446670251 0671003755
244471,0345353145 0345391055 0345378490 044021145X 0345370775 0440213525 0446359866 034540288X 0451183665 0312924585
244484,0316666343 0449003795 0425178765 0553280341 0449221512 0345402871 0515130389 0345447867 0345387651 0449221482
244494,0312195516 0316666343 0446672211 0671021001 0375706771 0060930535 0452282152 0375727345 0316096199 0316569321
244517,0385335482 0316666343 0671021001 0446605239 0446608955 0679746048 0671027360 0446310786 0385335881 0312291639
244572,044651652X 0786868716 0786881852 0385484518 0028604199 0804106304 002542730X 0671250671 0060915544 0553258001
244588,0446606812 0446608955 0060928336 0345443284 0440223202 0345435168 0446519138 059035342X 0375702709 0440224624
244593,0385335482 0440226430 0312278586 0060096195 0385335881 0316096199 0375727345 0060928336 0316284955 0743418204
244602,0330262130 0552998001 0743418174 0413537900 0099747200 0385335482 0140276904 002542730X 0330375253 0140265988
244622,014028009X 0425175405 0312278586 0679746048 0385335482 0425154092 0446672211 0385336179 0425180638 0440226430
244627,059035342X 0312924585 0440206154 0345387651 0425147622 0345384369 0425144429 0440236673 0671024248 0451156609
244657,044023722X 0316666343 0385504209 0312278586 0316096199 0446672211 0440241537 0345443284 0385505833 014028009X
244662,0060502258 038550120X 0345313860 0553573136 014025448X 0345337662 0440234743 0671510053 0399501487 034538475X
244676,0312278586 0316666343 0142000205 0345443284 0316769487 0375706771 0425147622 0375727345 0440212561 0446608955
244685,0316601950 0446612790 0446611212 0446610038 0380731851 0449006522 0553582747 0451207521 0446601241 0425182908
244688,0671003755 0140293248 0312291639 0446675059 0061009059 0446670251 0671670689 0671534734 0375706771 0553274295
244708,0440211727 0440224764 044023722X 0440241073 0060928336 0060392452 0679781587 0440213525 0440221471 0440206154
244710,0446610038 0679781587 0312278586 0446364193 0440224764 0446607657 0425147622 0345353145 0671021001 0425154092
244736,0312195516 0375726403 0345337662 0060987103 0060987529 0345313860 0312278586 0446672211 0060934417 0060959037
244742,0446310786 0380814021 014131088X 0440498058 0064400557 0440220653 0316284955 0312278586 0553213148 0590353403
244747,0312195516 0140298479 0440204887 0140067477 0316776963 0316779423 0060938455 014028009X 0679429220 0345423402
244761,067976402X 0316666343 0375727345 0385498802 0671003755 0312195516 0553272535 0375707972 0679781587 0440241073
244779,0440226430 0446608955 0446605239 0440235596 0440221315 051513287X 0515131229 0515130389 0515136530 0440222656
244781,044022165X 0440221471 044021145X 0440211727 0440214041 0440234743 0440220602 0440226430 0440225701 0440213525
244790,0446612790 0380731851 0553583468 0553578693 0553584510 0553582135 0553582526 0446611212 0553582127 0553569910
244804,0064400557 0590353403 059035342X 0553213148 0590457217 0064405842 0671027360 0440404193 0385504209 0590484753
244814,0684872153 0375727345 0060934417 0375725784 038079487X 0070212570 0375414053 0142001430 0670894605 0345370805
244833,0316769487 0451526341 0440206154 0312924585 0375707972 0440180295 0451524934 0345313860 0345348036 0440224675
244873,043935806X 0439064872 0439136369 0385504209 0671027360 0439139600 0452282152 0060934417 0142001740 0440206154
244874,0440213525 0440220602 044022165X 0440222656 0345370775 0446672211 0440221471 0060928336 044023722X 0345353145
244890,0330332775 0552996181 0091867770 0099771519 0330367358 0552137030 0552996009 0552998001 0552998486 0590112899
244915,044023722X 0380731851 0345353145 044021145X 0440214041 0440224764 0345391055 044022165X 0440213525 0440221471
244925,0425180638 0425163407 0380718332 0380718340 0425169863 0440224764 0425175405 0425147622 0380717018 0425158616
244964,0385504209 0316096199 0312278586 0786868716 0385486804 0452282152 0142001740 0330332775 0142001430 0312305060
244980,3442541751 3150000017 3492045170 3423201509 3423202327 3257227809 325722575X 3257229534 3423202947 3426029553
244991,0330332775 0099771519 000649840X 0099747200 0140265988 0552998001 0330367358 0552998486 0099387913 0743418174
244994,0380789035 0062502182 0312274920 0061020710 0156027321 0345348036 0553572997 038082101X 015100692X 0380789019
244995,0552124753 0099771519 0552131067 0590660543 0552131059 0330332775 0552998486 0349101779 0552128481 0091867770
244998,044023722X 0066214122 0440234743 0345402871 0440221471 0440225701 0345370775 0425155404 0446364193 0440241073
245007,0385504209 0441569595 0140298479 0375725784 0451524934 0452280621 0345313151 0345347536 0399501487 0345322215
245088,044022165X 0440211727 0440214041 0345353145 0440226430 0060928336 0345370775 0312924585 0451153553 0451186362
245102,0385504209 0316666343 0385335482 0156027321 0446672211 0312278586 0142001740 0312995423 0316096199 0060928336
245128,0380789035 0061009059 0345361792 0375707972 0140067477 0312966970 0064407667 0747532745 0312980140 0425178579
245150,0345313860 0345351525 0312195516 034538475X 0345384466 044651652X 0316776963 0452282152 059035342X 0060987529
245157,0446310786 0345413377 0064407667 0375707972 0316769487 0312282990 044661193X 0375702709 067976402X 0316777730
245188,0312195516 0452282152 0375726403 0060934417 067976402X 0385720106 0440212561 0679746048 0446672211 0142001740
245194,0345413377 059035342X 0446310786 0380789035 0380789019 0064407675 0375707972 0804106304 0316769487 0439136350
245203,0312195516 0316601950 0060930535 0375706771 0671003755 0060928336 0452282829 0345443284 0385720106 0385265700
245215,0425154092 0425169863 0380718340 0425147622 0446612545 0446607657 0440224764 0425163407 0380718332 0316693200
245231,0440213525 0439064872 0439136369 0553572997 059035342X 0439139600 0064407667 0446608955 0385474016 044651652X
245257,0671868691 0671025333 0451202341 0312925883 0671025341 044651652X 0451166604 038079487X 0671001132 0425162443
245281,0786881852 068484267X 0684848783 0670892963 0446394521 0345361792 0440211727 0684874350 0553277472 080410526X
245295,0440180295 0441569595 0380789035 0399501487 0140042598 0380977788 0393312836 0451163966 0441003257 0345391802
245311,0515130389 0515128554 0142001740 0375726403 0515126772 0452282829 0515128546 0515135062 0515132187 0312195516
245312,0060928336 044023722X 0316284955 0679781587 0060959037 0446605239 0375703055 014028009X 0060976845 0060930535
245328,0142001740 0316666343 044023722X 0385335482 0385504209 0060502258 0312195516 0312291639 0679781587 0316284955
245346,059035342X 0446310786 0439064872 0439136369 0439064864 043935806X 0439139600 0439139597 0590353403 0345342968
245352,0060976845 0385335482 0312278586 0446670251 0316601950 014028009X 0385336179 0743418174 014100018X 0140293248
245362,0316666343 0142000205 0316601950 0156027321 0316781266 0385265700 0451202341 0316769487 0671003755 014028009X
245371,0345370775 0452282152 0142001740 044651862X 0345353145 0684874350 0345402871 0671617028 0385474016 0385335482
245410,0440206154 0380789019 0380789035 0060928336 0345384466 0312195516 0345353145 0345350499 0515133876 0140067477
245428,0380002930 034540288X 006016848X 0140293248 0061020710 0064407675 0345313860 0440235596 0441003257 0679429220
245446,0312195516 0060928336 0446672211 0671003755 0316666343 0671021001 0345443284 0060959037 0452282152 0316601950
245499,3442541751 3492045170 3423202327 3150000017 3423201509 3426029553 3257229534 325722575X 3423202947 3442092981
245534,0316666343 044023722X 0446611212 0380731851 0425154092 0446601241 0425147622 0446364800 0446607657 0425172546
245568,0316693006 0446610038 0446612790 0553582755 0312278586 0316969443 0316693235 0316969680 0446612545 0316693200
245592,044023722X 0345370775 0345353145 034540288X 0345380371 0440211727 0066214122 0345378482 0440220602 0440241073
245604,0316666343 0345417623 051513287X 0375726403 0345361792 0446531332 044651652X 0515132020 044023722X 0446527785
245616,0440224764 044021145X 0440214041 044023722X 0440211727 0440236673 0440220602 0440225701 0440241537 0440213525
245645,0440223202 0142001740 0440222656 0440213290 0440204194 0440219078 0385492081 0380018179 0451203771 0440226430
245649,0060987103 0060987529 0439136369 0060928336 0439064872 0375700757 0679781587 0060930535 0316666343 0060934417
245650,0449003787 0345447867 0345413903 0061009059 0671011367 0446610038 0671027360 0425182908 0446608815 0446611212
245655,059035342X 0060987529 0439136369 0060934417 0316776963 0439139600 014028009X 0316777730 0375726403 0060977493
245660,0440226430 0446611867 0142001740 0446610399 0446605239 044023722X 0446607657 0385335482 0446608955 0446612545
245698,0743418174 0385335881 0385335830 038550926X 0385335482 0385336179 0385730586 0312278586 0670880728 0743418204
245703,0099771519 000649840X 0330332775 0552137030 0552124753 0552998001 0590660543 0552996009 0552996181 0330367358
245729,3442541751 3150000017 3492045170 3423201509 3423202327 325722575X 3257229534 3426029553 3423202947 3257227809
245746,0671027360 0385504209 0312995423 0440241537 0061015725 0671027387 043935806X 0515135062 0440241073 0446608955
245750,0345342968 0440998050 0060987103 0671027344 0440414806 0553213148 0345370775 0385486804 055321313X 002542730X
245765,0439064872 0446606812 059035342X 0671027360 0449223604 0425188787 0312990456 0671727796 0439136369 0446604666
245782,0671027360 0446608815 043935806X 0312995423 0385504209 0440998050 0061015725 0440241537 0786868716 0446612545
245787,0345353145 0425175405 0345378490 0345370775 0425083837 0345378482 0425143325 044022165X 0345417623 0425154092
245790,0439064872 0439136369 0439139600 043935806X 0439139597 0439136350 0439064864 0590353403 0452282152 0446606812
245798,3442541751 3150000017 3423202327 3492045170 3423201509 325722575X 3426029553 3257229534 3423202947 3442092981
245802,044023722X 038082101X 0060928336 0452260116 0446363251 0671793489 0375705856 0440224624 0679429220 0553273914
245814,0446612790 0312966970 0446610038 0312990456 0312976275 0446611212 0312966091 0671001795 0399149155 0446605484
245827,014025448X 0590453653 0385490445 059048351X 0590568744 0061097853 055321313X 0446603422 0345337662 034540288X
245828,0375700757 0312976275 0449213943 0553279378 0446606189 0440211727 0345348036 0671510053 0671001795 044661193X
245851,0743418174 0385722206 0316776963 0375725784 0375703055 0679781587 0140298479 0380789035 0380789019 0375700757
245864,0345337662 0345313860 0345351525 0380012863 0060987103 0316769487 034538475X 0060987529 0671250671 0553573136
245867,0446612790 0316693006 0316693235 0385508042 0060502258 0316602906 0070212570 0312966970 0446610038 0385511612
245925,0375726403 0312305060 0671003755 0316569321 0452282829 0142001740 0060959037 0385722206 0060173289 0743237188
245940,0345417623 0312924585 0140620222 0553213172 0553279378 038542017X 0375703055 0061009059 0345370775 0679442790
245963,0679781587 0425083837 0425116840 0553279912 0425143325 0425122123 042510107X 0440211727 0684874350 0451172817
245976,0439136369 0671670689 059035342X 0439064872 0312195516 0671708635 0399144463 044651652X 0316666343 0671695169
245978,0316666343 0679781587 0446672211 0440211727 0385490992 038550120X 0385503822 014028009X 0385472951 0385424728
246000,0345353145 0345370775 0060929871 0451524934 0316769487 034540288X 0440180295 0345391055 0446310786 0380002930
246013,0345342968 0316769487 0312291639 0142001740 0440222656 0060987103 0380002930 0385335482 0345417623 0345361792
246024,0399144463 0380698714 0553274295 0590494465 059048351X 0316666343 0590494457 0590483552 059045367X 0590568744
246036,0345337662 0345351525 0671250671 0375726403 0345370775 0345380371 034538475X 0385479565 0060938455 0312195516
246156,0156027321 0553280341 0743418174 0452282152 0671880187 0553279912 0553280368 0316666343 0446610038 0449212602
246216,0060392452 0440241073 0671027360 0385504209 044023722X 0452282152 044021145X 0060977493 0060928336 0061015725
246230,044023722X 0440214041 0440221471 044022165X 044021145X 0440213525 0440220602 0440211727 0440241073 0440236673
246246,044651652X 0142000205 0385486804 0316601950 0618129022 0671003755 0060976845 0804106304 0060915544 0679781587
246247,0842329218 0842329129 043935806X 0439064872 0439136350 0439139597 0345370775 059035342X 0842329277 0786868716
246304,0312195516 0385504209 0375726403 0679781587 0312291639 0671003755 0345439104 0375700757 0060928336 0140293248
246311,0156027321 0385512104 0449005615 0385486804 0786868716 0345427637 0345361792 0316776963 0375703861 0374199698
246313,0440223202 0380780860 0515134384 0425192725 0312291639 0449005615 0451203771 0425179184 0060930535 0140293248
246318,0440224764 0446519138 0312195516 0425130215 0553296981 0425175405 006101351X 0440221471 0060920084 0060928336
246328,0385504209 0375725784 0312422156 0671027360 0060930535 0375726403 0375703861 038572179X 0140293248 0156027321
246333,0060987529 044023722X 0452282152 0142001805 0380789019 0671027360 0060977493 0375725784 0060959037 0345417623
246388,0316666343 0786868716 0060928336 0385504209 0142001740 0375727345 0375726403 0156027321 0743418174 0380731851
246400,0316769487 0446670251 0060929871 0156027321 0385335482 0316666343 0060938455 0312278586 0399501487 0451524934
246447,0743418174 0380718340 0316969680 0380710218 0399143947 042516098X 0385486804 0425147622 0425154092 0316569321
246470,0070212570 0446310786 0380789035 067976402X 0316666343 0440213525 0440226430 0425107469 0671510053 0140293248
246478,0446532231 0804106304 0345413350 0151008116 0385504209 0679781587 0679429220 0786881852 0066214122 0380002930
246483,0440211263 059035342X 0446672211 0684872153 0440235596 0671021001 0385265700 0804106304 0452282152 0446519138
246507,0312278586 0156027321 0385335881 0385335482 0743418174 0142001740 0385336179 0452282152 038550926X 0385722206
246512,0385504209 0671027360 0425143325 0425116840 0425180964 0425083837 0425170349 0425147584 0425158632 0425109720
246513,0743418174 0312278586 0440226430 0312291639 014028009X 0446364193 0385336179 0060096195 0312983271 0440220602
246528,0440211727 0440224764 0440213525 0440221471 0440220602 0440234743 0446672211 0440241073 0440225701 0345380371
246597,002542730X 0441304834 0140067477 0441003257 0374199698 0449212602 0345339681 0452266564 0842329129 0380789019
246617,0312195516 0671003755 0060938455 0156027321 0070212570 0385504209 0553380095 0142001740 0099771519 0330367358
246621,0312305060 0156027321 0385504209 0399149325 0142001740 0553582747 0385510438 0385722206 0786868716 0446612790
246634,0452282152 0156027321 0142001740 0385484518 0786868716 0375727345 0385498802 0679781587 0060928336 0345361792
246655,0312195516 0446672211 0452282152 0446608955 0345370775 0671021001 0316601950 068484477X 0070212570 014100018X
246671,059035342X 0671003755 0380814803 0380753006 0440206154 0375700757 0553561537 0140440046 0380762595 0446606812
246678,0099771519 0091867770 0330332775 000649840X 0749397543 0552998001 0330367358 0552137030 0099747200 0590660543
246711,0345439104 0446612790 0385504209 0316601950 0312305060 0679781587 0671021001 0060938455 0440221471 0142001740
246757,0671027360 0156027321 0316666343 0142001740 0312195516 0060930535 0312995423 0385511612 0312263120 0385510438
246759,0316666343 0316769487 0684801523 0671021001 0451524934 0446672211 0060930187 0451163966 0679746048 0385504209
246766,0380018179 0446606189 0440211727 0440214041 0440226430 059035342X 0440222656 0439064872 0743418174 038542017X
246776,0316666343 0385335482 068484267X 0345387651 0060958022 0375725784 0140293248 0552998486 0684872153 0060930535
246782,3442541751 3150000017 3423202327 3492045170 3423201509 3426029553 325722575X 3257229534 3257227809 3423202947
246794,3442541751 3492045170 3423201509 3423202327 3426029553 3150000017 325722575X 3423202947 3257229534 3257227809
246797,0060928336 044023722X 0316284955 0452282152 0679781587 0060392452 0446605239 0385474016 0312195516 0385504209
246798,0316666343 0312195516 0142001805 0060987103 002542730X 0449212602 0345417623 0375703861 0062502182 0380012863
246820,0671038184 068484477X 0446672211 0671510053 0375727345 0142001740 0425162443 0375412824 0385503954 0060976845
246823,0671021001 0345439104 0375506039 0385504209 0142004235 0060930535 0316569321 0140298479 0060392452 0316780375
246863,0345337662 0330332775 0440224675 0099279274 0552996181 0552996009 0099800403 0091867770 000649840X 0099387913
246874,0345318854 0345313151 0345338588 0345353145 0345322215 0345361792 0345391802 0345322231 0451186362 034530988X
246933,0440236703 0446611867 0345439104 038079487X 0670894184 0446610100 0060959037 0385720106 0553582135 0060987103
246959,0142001740 0312195516 0385722206 0156027321 0060959037 044023722X 0060930535 0446672211 0345439104 0345337662
247010,0316601950 0446672211 0312995423 0452282152 0316666343 0060976845 0142001740 0375707972 0156027321 0452282829
247041,8408043641 0552124753 0552134651 8445071416 8432206407 8433969978 0140298479 0812550706 8423310353 8433925180
247055,0425189031 0385504209 0312966970 0316969443 0425178579 0425183971 0425150984 0156027321 0553582127 042517140X
247060,0425163407 044021145X 0345337662 067102423X 042513525X 0425115801 0553279912 0425124347 0425144429 0440241073
247083,0439064872 067976402X 0446608955 0316569321 0439136369 0679745203 043935806X 0380721643 0345342968 0440206154
247108,2253063339 2253150711 0140620222 2290311782 2253149101 2253153265 0140620338 2253044903 2266023039 2226135022
247129,0060502258 0316769487 0553250531 0446612790 0679429220 0380789035 0345384466 0345417623 0345337662 044651652X
247166,0316666343 0385504209 0142001740 0156027321 0312305060 0385722206 014029628X 0316601950 0060959037 0142001430
247176,0385504209 0316666343 0385335482 0385508042 031298328X 0316969443 0312265867 0385510438 0312983271 0385335881
247201,0449003795 0399149325 0380718332 0425163407 0425158616 0425180638 0449221490 0449219364 0449003787 0449221512
247211,0142001740 0156027321 0385504209 0312195516 0316666343 0060934417 0099771519 0060976845 0140298479 0440222656
247220,0330267388 0330262130 0345391802 0671742515 0345391810 0552137030 0553572997 0345391829 0552124753 0345391837
247240,0060930535 0671021001 0440226430 0140298479 0316284955 0060976845 0446672211 0345439104 0316666343 0375706771
247241,0515126772 0515131229 051513287X 0515135062 0515121843 0515130389 0515135739 0373484410 055356451X 0515120618
247278,044023722X 0671004530 0446610038 0449003795 0553582747 055357258X 0446607657 0345436911 0140298479 0553279912
247353,0345361792 0385484518 0684872153 0316601950 0375706771 0345387651 0440226430 0385265700 068484267X 0375727345
247423,0440226430 0446610399 0375707972 0316601950 0446611867 0446608955 0446672211 0140293248 0060987561 0345443284
247429,0316666343 0345417623 0312195516 0449212602 002542730X 0345378490 0345413350 0345339738 0345370775 0553279378
247444,0425154092 0425147622 044021145X 0440224764 0425169863 0345378490 0440214041 044022165X 0380718340 0345337662
247447,0312980159 0312983271 0515135739 0439139597 051513628X 0515128546 0515126772 0312971125 0425183971 0439064864
247518,0312966970 0312966091 0061009059 0671001795 0312980140 0446612790 0312976275 0312983867 0312265867 0425182908
247521,0345417623 0060976845 0060928336 0439139600 0316569321 0385335830 059035342X 0316601950 0061009059 0385420161
247537,0380789035 0316776963 0375725784 0380789019 0385720920 0451524934 0312421273 0380813815 0060938455 0312282990
247583,0425180638 059035342X 0385504209 0425175405 0345391802 0425169863 0971880107 0380977788 0679781587 0345339703
247626,0345337662 0553561618 0553580221 0440214041 0425153975 042516098X 0553582747 044021145X 0451153553 0425107469
247664,0671021001 0060928336 0446672211 0316666343 0312195516 0440222656 0684872153 014029628X 0060976845 0385335482
247720,0446605239 0060934417 0446610399 0446606812 0142001430 0671727796 0446611867 0316096199 000649840X 0452282152
247725,0312983271 0446610038 0446610542 0380789035 0446364193 0375706771 0446607657 0553572997 0156027321 0446605484
247726,0316666343 0446672211 0312195516 0060928336 0316776963 0440226430 0671021001 0671003755 0316899984 0743418174
247736,0140067477 0060248025 0439136350 0590353403 0449212602 0399146431 0553296981 0345384466 0439064864 0312305060
247739,0060928336 0142001740 0375700757 0312195516 0679781587 0679429220 0452282152 0440212561 0060959037 0345443284
247752,0425158616 0446612790 0446610038 0440224764 0446608815 0553578693 0553582135 0553579606 042516098X 0446604801
247825,0671021001 0380002930 0451526341 0553277472 0060930535 0316769487 0671510053 0140440046 0553274295 0375707972
247829,0316666343 0385504209 0316284955 0316776963 0316096199 0671027360 0312195516 0375727345 0440226430 0446532231
247840,0452282152 0142001740 0345361792 0385720106 0060934417 0156007754 0060959037 0312243022 0312195516 0060915544
247848,3442541751 3150000017 3492045170 3423202327 3423201509 325722575X 3423202947 3257227809 3426029553 3442092981
247852,0345313860 0312195516 0060502258 0345337662 0345436911 0345351525 055321313X 0553571656 0446365386 0553250426
247855,0312278586 0060928336 0316781266 0345443284 0316569321 0446672211 0316284955 0375706771 0440226430 0385265700
247868,0316666343 0385504209 0156027321 0060928336 0452282152 0345337662 059035342X 0449212602 0385486804 0375700757
247873,0060938455 0060987529 0312305060 015100692X 0375726403 0312422156 0060959037 0060987103 0385722206 0312195516
247887,0060987103 0671755064 0425152251 0804106304 0060987049 0385474016 0060502258 0060928336 0671894455 0440211727
247897,0312983271 031298328X 0440226430 0446610038 0380789035 0425152251 0440221595 0375706771 0312980140 0441003257
247916,0312966970 0312966091 0312976275 0061009059 0671001795 0312983867 0312983271 0312265867 0312990456 0312265840
247918,043935806X 0439064872 0439136350 0439064864 0590353403 0439136369 059035342X 0385504209 0439139600 0671027360
247958,0440217547 0316666343 0380018179 0440224853 0385484518 0440200563 0440193613 0440184053 0440111811 0440176484
247966,0515131229 0515132020 051513287X 0515135062 0515121843 0515130389 0515132187 0515126772 0425183971 0515128546
247978,0345380371 0440206154 0451524934 0345370775 0553572997 0451526341 0552137030 0345337662 0345378482 0375700757
247998,0440241537 031298328X 0446675059 0446612545 0061009059 0140298479 0671027360 0312983867 0312980140 0312980159
248003,0345361792 0452282152 0312195516 0156027321 0385722206 0385498802 0375725784 0312282990 0385720955 0679781587
248033,044023722X 0440241073 0440236673 0440220602 0425180638 0345417623 0446607711 0446607657 0440234743 0440224764
248064,0440234743 0440241073 044023722X 0440220602 0440221471 0440224764 044022165X 0440211727 0345417623 0440214041
248078,0060976845 0684801523 0375700757 0451169530 059035342X 0553272535 0671617028 0670892963 0156787334 0743225406
248079,0345339681 0671027387 0345417623 0525947299 0671027360 0316096199 0385475721 0385509510 0590353403 0345339703
248098,0385504209 0385508042 0385511612 0142001740 0385503822 0385510438 0316602906 0316969680 0385490992 0316693235
248131,0439136350 0439064864 0439139597 0590353403 043935806X 0679429220 0440498058 0345413350 0060930535 0345413369
248138,0440226430 0671727796 0671021001 0345387651 044022103X 0446609404 0440214041 0451167716 068484267X 0743418174
248170,0156027321 0385722206 0385504209 0452282152 0312195516 0312305060 044023722X 0142001740 0375725784 0060392452
248209,0312980140 0312966091 0061009059 0553574671 0671001795 0312971346 0515095826 0312990456 014025448X 0312966970
248221,0156027321 039592720X 0452283205 0312291639 0375726403 0679734775 0385479565 0440234743 0140119906 0156007754
248250,0515128554 0515128546 0373218192 0515126772 0515132020 0373218397 051513287X 0373483503 0380762609 051512608X
248259,042510107X 0425180964 0425147363 0425170349 0425147584 0425116840 0312995423 0425109720 0425143325 0385424736
248274,0345370775 0345417623 0312924585 0064400557 0345378490 0066214122 0451183665 0345353145 0440220653 0380814021
248280,0446672211 0425116840 0385492081 042510107X 0425083837 0425170349 0425109720 0425143325 014028009X 0312422156
248289,044023722X 043936213X 0446610038 0425169863 0060987103 0345350499 0140293248 0875421245 0385504209 0452260116
248300,0312924585 0440206154 080410526X 0345361792 0452260116 0441005241 0446365386 0451156609 0441003257 0441002935
248318,0099771519 0140620109 0440224675 0099387913 0140620168 0140620427 0440236673 0141007338 0140430113 043935806X
248325,0140298479 8408043641 8445071416 8432206407 8433969978 8477204055 8478884955 8420616893 038082101X 0375725849
248356,8408043641 8433969978 8432206407 0316666343 8445071416 0440224675 0312924585 8477204055 8478884955 8420616893
248397,0316666343 0375727345 0440235596 0316601950 0142000205 0385265700 0446672211 0609804138 0316569321 0375702709
248419,044023722X 0385504209 0671027360 006016848X 0671527215 0385484518 0440234743 0451526341 0399501487 0786881852
248455,0316601950 0312278586 0062502182 0446672211 044651652X 0345446860 0380977788 0375706771 0316693200 0380789035
248464,0451156609 0451160525 067102423X 0451176464 0451186362 0451169522 0451137965 0451184963 0345370775 0451172817
248468,0316666343 0385505833 0385503822 0312195516 0385511612 0385508042 0446531332 0312995423 0385490992 0316693200
248477,059035342X 0671027344 0385730586 0439064872 0385335881 0064400557 0439139600 0446608955 0312278586 0439136369
248479,0385336179 0312278586 0446310786 0684801523 0316769487 0679746048 014028009X 0671021001 0451524934 0385730586
248492,0446310786 0316666343 0446672211 0553274295 0446608955 0553296981 0345342968 0671003755 0671867172 0316769487
248496,044651652X 051511992X 0345337662 044022165X 0440225701 0380012863 0440214041 0446605239 0440224853 0345378490
248531,0345443284 0446364193 0375706771 0345313860 0345361792 0345384466 0060928336 034538475X 0385484518 0345387651
248539,0312291639 0312924585 0345342968 0345417623 0440206154 0316769487 044023722X 0385511612 0425115801 0345378490
248540,0425178951 0380721643 0671027360 0375726403 0312990456 0449223604 0385492081 0440236053 0385486804 0312274920
248547,0099771519 0330332775 0552998486 0156027321 0552996009 0552137030 0590660543 0316666343 0091867770 0312274920
248572,3442541751 3150000017 3423201509 3423202327 3492045170 3257229534 325722575X 3426029553 3423202947 3442092981
248597,0440241073 0440234743 0449003787 044023722X 0345417623 0440225701 0061015725 0446667900 0425182908 0440241537
248613,0345335465 0345335511 0345335708 0345335651 0345350499 0345335457 0345338715 0345347536 0441003435 0345403959
248615,0515128546 051513287X 0515131229 0515126772 0515132020 0515135062 0373218397 0515121843 0515130389 0373244487
248656,0345417623 0345370775 0440206154 0345380371 0312195516 0156027321 034540288X 0345350499 0060392452 0452282152
248695,0671027360 0375705856 0375700757 0553250531 0312274920 0553273914 0060934417 0671027387 0553289411 0449213943
248718,0312195516 0345350499 0440215625 0440217563 0440212561 0671027360 0312979096 0156007754 0440224624 0743227441
248727,0385504209 0312195516 0316096199 0312278586 0316284955 0156027321 0446672211 0446310786 0671021001 0679781587
248749,0060928336 0440215625 0316096199 0440217563 0385504209 0679746048 0446611867 0385484518 044022425X 0312195516
248772,0385424736 0679429220 0684874350 0385493800 0385472951 0385472943 0684848783 0451166892 0374199698 0609610597
248775,0345339681 0345339703 0345339711 0345337662 0385504209 0440211727 0345417623 0446310786 044021145X 0312195516
248805,0316666343 0345417623 0385484518 0156027321 0345339703 0440221471 0786868716 0671021001 044023722X 0385492081
248810,0553268880 0316666343 0380018179 0425158616 0440226430 0440225701 0440224675 0440226104 006101351X 0446364193
248815,0439064872 059035342X 0439136369 0439136350 0439139597 0439064864 043935806X 0590353403 0345339703 0345339681
248821,0439064872 067976402X 0439136369 0452282152 068484477X 0060915544 0679781587 0060930535 0385492081 0679429220
248850,0451156609 0553582747 0451186362 0425136981 0440212561 0375705856 0451176464 0345370775 0451172817 0446611867
248901,0316601950 0312195516 0375706771 0446672211 0345443284 0142000205 0060930535 0440226104 0312971346 0312966970
248915,044023722X 0375700757 0060959037 0375702709 0452282152 0767900383 0375705856 038082101X 0425192725 0553273914
248965,0452282152 0679781587 0060934417 0446672211 0060928336 0060921145 0375700757 0385722206 0060930535 0385504209
248967,0684801523 0060929871 0451524934 0399501487 0451526341 0393312836 0425152251 0440180295 0316769487 0345342968
249015,3442541751 3150000017 3492045170 3423202327 3423201509 3423202947 3257229534 325722575X 3426029553 3257227809
249031,0060928336 0316284955 0385474016 044023722X 0446605239 0679781587 0375703055 014028009X 0679734775 0345339681
249058,0345370775 0345353145 0345378490 0345339681 0345314255 034540288X 0345342968 0345354621 0440206154 0812511816
249064,0446609404 034541389X 0553578693 0446611212 0515130044 0446604844 0449003795 0425178765 0380718340 0446607711
249071,0316769487 0679781587 0525947647 0375725784 0553279912 0312421273 0440236673 006016848X 0385418493 0399144463
249096,0786868716 0446610038 0679781587 0060987529 0679429220 0312422156 0684874350 0345334531 0446391301 080410526X
249111,044022165X 0440214041 044022103X 0446610100 0440226430 0446611867 0553574574 0440225701 0440221471 0451184963
249128,0552124753 0552131067 0552128481 0552131059 0552131075 0552137030 0552134627 0552145424 0552140295 0552134619
249140,0142004235 0385722206 0156027321 0060938455 0380731851 0312305060 0060916508 0385504209 014023313X 0786868716
249146,0804106304 044651652X 0345337662 0743418174 014029628X 0452282152 0679745203 0440224675 0345384466 0440211727
249150,0439064872 043935806X 0439139600 059035342X 0439136350 0439064864 0440206154 0380789035 0590353403 0345339681
249163,0440221471 044022165X 0440213525 044021145X 0440211727 0440214041 0440224764 0440234743 0440236673 044023722X
249193,0060928336 0679746048 0316284955 0671021001 0440226430 0385335482 0671003755 0060976845 0425167313 0375706771
249210,0345342968 0060502258 0671003755 0316769487 0553274295 0385479565 0553208845 0156528207 0553277472 0385722206
249220,067102423X 0451172817 0451167317 0451180232 0345444884 0140298479 0451155750 0451160525 0671024248 0451188462
249223,0312990456 0312971346 0312966091 0312966970 0061009059 0312983867 0449003787 0312976275 0449223612 0380710218
249235,0743418174 0142001740 038550926X 0316776963 0385505833 043935806X 044651652X 0440226430 0316666343 0440224764
249246,0061097314 0449005615 0312305060 038079487X 0375707972 0142001805 0446532231 0140067779 0060392452 0679781587
249256,0446610038 0446364193 0446606189 0446605484 044023722X 0446601241 0446611212 0446604801 0446612790 0446609323
249305,0385504209 0345417623 042510107X 0425083837 0385508042 0440211727 0440221471 0440234743 0061015725 0066214122
249320,8408043641 0440211263 0553582747 8432206407 8445071416 8433969978 0380789019 0140298479 0812550706 8423310353
249361,0345353145 0425153975 0553582747 0345391055 0345386108 0515131229 0425121259 0425124347 0449006522 0345384369
249384,0449221512 0449221482 0449219364 0449221504 0553280341 0553271636 0449221490 0553284789 0553279556 0553279912
249389,0452282152 0684874350 0345361792 044651652X 0440222656 0312305060 0385722206 0786868716 0440206154 0375707972
249401,0425144429 0451156609 0061015725 067102423X 0451167317 0345384369 0440224764 0440234743 0451176464 042513525X
249405,0439139600 043935806X 0439139597 0439136350 0439064864 0590353403 0345339703 0446608955 0345339681 0345342968
249407,0312278586 0385335881 0440213525 0385336179 0553296981 0451163966 0440219078 0385504209 0684801523 0451524934
249446,0140293248 006101351X 0312278586 880781210X 0385335482 014028009X 8806143042 8806166484 8845215989 0060502258
249480,0670868361 0375504397 0670839531 0060987103 0385503822 0684853515 0670855030 0451172817 0451142934 0451176464
249496,0451207521 0385511612 0385503822 044023722X 0440234743 0446608262 0440241073 0446607657 0451166892 0446364800
249501,3442541751 3150000017 3492045170 3423202327 3423201509 325722575X 3257229534 3423202947 3426029553 3257227809
249628,0446605239 0440213525 0385479565 0440211263 0440220602 0440211727 0060928336 014028009X 0345378490 0425147622
249634,051513287X 0515132020 0515128554 0515126772 0515136530 0515133973 0515128546 051513628X 0515136379 0515130389
249650,0312966970 0312966091 0312971346 0312976275 0671001795 0061009059 0312983271 0312265867 0312980140 0312306326
249688,0671021001 0312195516 0440214041 0385504209 0440211727 0425083837 0345380371 0345370775 044023722X 0452282829
249695,0440211727 0440234743 0440214041 0440225701 0440236673 044021145X 0385503822 0679781587 0385497466 0440224764
249732,0679781587 0375700757 0316601950 0312291639 0375703055 038542017X 0345417623 0064400557 0671003755 0553569910
249736,0312966970 0312980140 0312966091 0312976275 0312971346 0312990456 0061009059 0671001795 0312983271 0312986343
249746,0440222656 0156027321 044023722X 0312195516 0385504209 0786868716 0446608955 0316601950 0446672211 0385484518
249791,0439136369 0140042598 006016848X 0440221471 0439064872 0312199430 0380018179 0385492081 0399144463 0515135062
249826,0060987103 0345361792 0060959037 0060392452 043935806X 0316769487 0142001805 0061097314 0375726403 0380728133
249848,0385504209 0142001740 0452282152 0312195516 0060938455 0679781587 0385722206 0156027321 0060934417 0671027360
249862,0439064872 0439139597 043935806X 0316769487 0451524934 0345339738 0439136350 0449221490 0439064864 0553250426
249894,0316666343 0066214122 0804106304 0060392452 0399144463 0151008116 0439064872 0553296981 0316284955 0142001740
249898,0679781587 0345342968 059035342X 067976402X 0439064872 0385479565 0316788228 0380789035 0446610038 0525947647
249924,0446672211 0553271636 0060976845 0553280341 0345438329 0449223612 0449219364 0449219461 0061009059 0671001795
249933,043935806X 0060392452 0060502258 0385730586 0316569321 0671727796 0439139600 0609804138 0375727345 0060928336
249939,0441002935 0441008534 0441005241 0060987103 0441005748 0345423402 0441009239 0441010512 0425181685 0441007813
249953,0679429220 006099486X 0345361792 0380012863 0440234743 0064407667 0451526341 0609804138 0451191145 038550120X
249958,0439136369 0064407675 043935806X 0439064864 0439139600 0440414806 0064407691 0553296981 0590353403 0064408663
249989,0385504209 0345313860 034538475X 0345384466 0312195516 0060928336 038550120X 0142001740 0312995423 0060930535
250006,0060976845 0385335482 0316601950 0446672211 0316666343 0312195516 0440211727 0316284955 0440211263 0375706771
250101,0440214041 044021145X 0440211727 0440224764 0060928336 0440241073 0440213525 0440220602 0440225701 0446364193
250153,0451524934 0385504209 0060502258 0345370775 0679746048 0553277472 0446532231 0446670251 0671021001 0375725784
250163,0446604666 0380973650 0375727345 0345323750 0679410325 0140067477 0440498058 0385498721 0316284955 0064471047
250184,0060928336 0060392452 0312195516 0440226430 0142001740 0671027360 0375700757 0375706771 0440222656 0385504209
250192,0060502258 0312983271 0345342968 0345361792 0609804138 0312980159 0312980140 0380789035 0312291639 0312971346
250219,0060987103 0553279378 0380012863 0380778556 0380002930 0312274920 0671004107 0345353145 0156528207 044021145X
250223,0385504209 044023722X 0060934417 0375726403 0440225701 0316776963 0671027360 0440221471 0440236673 043935806X
250227,0345350499 0316666343 0446677450 0743418174 0446612545 0553572857 0971880107 0140067477 0446610038 0061020710
250242,0099771519 0312274920 000649840X 0590660543 0349101779 0552999458 0552137030 0552998486 0552998001 0590112899
250275,0345361792 0385504209 0553272535 0151008116 0312282990 0425092917 0440234743 0385498802 0553279912 0374199698
250300,0446605239 0385335482 0385335881 0446610399 0385336179 0140293248 002542730X 0786868716 0312278586 0446531332
250301,0452282152 0385504209 0375725784 0142001740 0385722206 0671027360 0375726403 0452283205 0142001430 0345417623
250330,0399143947 0425147622 0399146253 0399147195 0399142851 0399141464 0684195976 0425154092 0316666009 038529929X
250333,0385504209 0142001740 044023722X 0156027321 0671027360 0060934417 0452283205 031242227X 0380731851 0375725784
250342,0142000205 0316666343 0449907481 0316899984 0140244824 0743418174 044651862X 067976402X 0061097101 0394800184
250359,044651652X 0440226430 0446672211 0385335482 0140293248 0671004530 0316666343 0446679593 0446605239 0140298479
250367,043935806X 0439136350 0439139597 0590353403 0439064872 0345339681 0439139600 0439136369 059035342X 0345350499
250368,0385504209 0671027360 0316666343 0385503822 0449212602 0156027321 0060934417 0316602906 0385424728 0399147195
250383,0156027321 0375726403 014025448X 0399149325 0684801523 0312265840 0316168688 0440212561 0385486804 0312305060
250398,0385504209 0385510438 0385511612 0316602906 0385508042 0316693006 0446530891 0316969680 0525947299 0671027360
250405,0671727796 0440211727 0316777722 0385504209 080410526X 0140280553 0804106304 044651862X 0553277472 0670894184
250407,0440234743 044023722X 0446364193 0446611212 0440241073 0345337662 0446607657 0425180964 0452282152 0385504209
250413,0440221471 0385504209 0440220602 044021145X 042510107X 0345339703 0156027321 0425083837 0440241073 0553263226
250454,0440236673 0440241073 0440241537 0385504209 0440221471 0452282152 0440211263 0156027321 0440222656 0440220602
250456,0446610038 044023722X 0440234743 0440241073 0446364193 0446601241 0446607657 0440236673 044022165X 0446605484
250459,0142001740 0385504209 0066214122 0452282152 0671027360 0345402871 0060987103 0156027321 034540288X 0316601950
250461,0060934417 0375725784 0312282990 0452260116 0060987103 0142001430 0385504209 0316777730 0060175966 0452282152
250477,0345370775 0345378490 0345380371 0345378482 0312924585 0449219364 0345391055 0449221482 0553279912 0449221490
250494,043935806X 0439064864 0590353403 0439136350 0439139600 0439136369 0451524934 0316777730 0316769487 0439064872
250506,0399145087 0385497466 0316969680 0399143947 0380718340 0316602906 0425147622 0316666009 0316693006 0374281602
250510,0312195516 0060928336 0375706771 0446672211 0671021001 0385484518 0375707972 0060976845 0375727345 0440211727
250533,059035342X 0060915544 0439064872 0060921145 0449005615 0684801523 0345342968 0380731851 0060934417 0060976845
250543,0385510438 0385504209 0399150897 0385508042 0385511612 0316969680 0316693200 0316666009 0316666343 0316603570
250548,0330332775 0552996009 0060938455 0590660543 0099771519 0330367358 0590112899 0552137030 000649840X 0552124753
250600,0091867770 0330332775 0552996009 0330367358 0099771519 000649840X 0552998001 0552996181 0552137030 0099521016
250625,0345342968 0446310786 0679745203 0345339681 0316666343 0345348036 0345350499 0440180295 0446604666 0441003257
250630,0446606812 0099279274 0330332775 0446605239 068484267X 0440206154 0446610399 0330375253 0446673544 0749397543
250634,0312195516 0440414806 0448095017 0448095025 0385504209 0312305060 006016848X 0142001805 0385486804 0156027321
250645,044021145X 0440221471 044022165X 0440215625 0440214041 0440213525 0440217563 044022425X 0440222656 044023722X
250659,0671510053 0679429220 0060959037 0140293248 0375707972 0345439104 067976402X 0446672211 044651862X 0684874350
250683,0446610038 0446612790 0060938455 0446611212 0553578022 067976402X 0312955006 0671028375 0385504209 0425182878
250695,0316769487 0451163966 0451526341 0316777730 0399501487 0451524934 0312278586 0446310786 0553208845 0140042598
250709,0425180964 0425116840 042510107X 0425109720 0425143325 0425150143 0425170349 0440224675 0312995423 0425185710
250725,0446611212 0553582747 0671027360 0440241073 0345413903 0449003795 0446612790 0553582755 0446612545 0316666343
250733,0345369351 0345351525 0345403959 0345377591 0345314255 0812551486 034538475X 0345363310 0440212561 0345347536
250750,0385504209 0316666343 0345417623 0451191145 0590353403 0312421273 0060928336 0446611867 0316096199 0399501487
250764,0060915544 0380002930 0060921145 0446310786 0385484518 0684801523 0345342968 044021145X 0679723161 0446672211
250832,0312195516 0671021001 0446672211 0312278586 0060928336 0060976845 0316284955 0446310786 0375706771 0446670251
250851,0312924585 0345370775 034540288X 0060392452 0345380371 0316769487 0345353145 0316666343 0345378482 0440222656
250892,0312995423 0312278586 0385484518 0425124347 0671041789 0425144429 042513525X 0553582755 0449006522 068484267X
250899,0064407667 043935806X 0060392452 0380789035 0679429220 0380789019 0064407683 0060938455 0439136369 0064407691
250912,0316769487 0345417623 0060929871 044023722X 0451524934 0553279378 0312924585 0451526341 0091867770 8408043641
250925,0345402871 0446532231 0060392452 0385504209 0385492081 0425147622 0671004107 0385486804 0684872153 0671027360
250935,0385722206 0142001740 0156027321 0312195516 0060938455 0452282152 0060934417 0679781587 0552137030 0099771519
250936,0440226430 0316666343 0440217547 0440213282 044011585X 0440207622 0440211727 0440184053 0446606812 0440211891
250939,0142001740 0380789019 0316666343 0743418174 0316776963 0151008116 0439064872 0064407667 0060987103 044900371X
250948,0312195516 0060934417 0449005615 0312305060 0452282152 0060959037 0316666343 0440212561 0679781587 0440215625
250962,0345337662 0345342968 0449212602 0553260111 0345350499 0671027360 044021145X 0425109720 042510107X 0425143325
250970,0060938455 0552131067 0552137030 0552128481 0552131075 0552124753 0552131059 0156027321 0552140295 0552145424
250979,0670839531 0670868361 0375504397 0670813648 0670858692 0670844527 0060929871 0385199570 0670835382 0684867621
250987,0312278586 0385335881 0671021001 0679746048 0385336179 0140293248 0060928336 0446310786 0446672211 0385720106
250988,2253063339 2253150711 2253044903 2070360024 2266023039 2290311782 2253057843 2205054252 2070408507 2253005274
250989,0385335482 0142001740 0316666343 0385504209 0140293248 0316776963 0385335881 0316096199 0156027321 0375726403
251003,0385508042 0385503822 038550120X 0385472951 0440211727 055357258X 0553572040 0385497466 0684874350 0399143947
251019,0671027360 0312995423 0345413903 0345417623 0380731851 0066214122 0440241073 0425182908 0449003795 0446611212
251050,0385504209 0316776963 0060392452 0451163966 0060928336 0060987529 0670892963 0060938455 0316779237 014028009X
251069,043935806X 0441005489 059035342X 0151008116 0345314255 0439064864 0671527215 0439136350 0515127396 0060987529
251085,0446605239 0804106304 0786868716 0671250671 0446606812 0385504209 044651862X 0452283442 0671894455 0786881852
251093,0385504209 0316666343 0312995423 044651652X 0345339681 0375727345 0553375407 0671027360 0316601950 038550120X
251097,0345370775 0345353145 0345391055 0345380371 0451184963 044022165X 0345378490 0440206154 0451167317 0345384350
251122,0440221471 044022165X 044021145X 0440225701 044023722X 0440241073 0440214041 0440220602 0425154092 0425169863
251140,044021145X 0671021001 0140293248 0440213525 0385336179 0060987529 0060502258 0375706771 0316769487 0446670251
251146,044021145X 0316769487 0345342968 0441172717 0441569595 0684801523 0060502258 0441790348 0804106304 0671004107
251149,0385504209 0452282152 0316666343 0375726403 0060934417 0452283205 0312195516 0671027360 0375725784 0142001430
251152,0156528207 0060938455 0553279912 0312422156 0671727796 0684872153 0316284955 0553380095 0671510053 0385722206
251164,0316666343 0312305060 0142001740 0312195516 044023722X 0385722206 0316569321 0345438329 0385503822 0452282829
251170,0553572997 0671744216 0671027573 0061032093 0440212561 0060513640 0345342968 0440214041 0312979983 0515135216
251242,0345370775 0446364193 0425175405 044021145X 0425147622 0440213525 0440211727 0380718340 0345391055 0425180638
251267,0060928336 0316284955 0671021001 0679746048 0060976845 0440226430 0425167313 0385335482 0385498802 0385335881
251315,3442541751 3150000017 3492045170 3423201509 3423202327 3257227809 3257229534 325722575X 3423202947 3426029553
251325,0842329218 0842329242 0316666343 0842329250 0312195516 0439064872 0842329269 0440222656 0842329277 0786881852
251327,0312291639 0380762595 0515107662 0671737791 0440206154 0515102636 0060392452 0380762609 0380774933 0380756250
251339,059035342X 0345370775 0380814803 0380820854 0345380371 0380820846 0060001453 0439136369 043935806X 0671027581
251342,0140293248 0312278586 8806143042 0385335482 014028009X 006101351X 8845215989 8806166484 0312422156 0060502258
251352,0440234743 044023722X 0345417623 0446612790 0440236673 0440224764 0440211727 067976402X 0385508042 0440221471
251362,0679781587 0312195516 0060938455 0679429220 0060987529 0380789035 0440439884 0064400557 0671250671 0553273914
251391,0440211727 044021145X 0440214041 0440220602 044022165X 0440221471 0440222656 0345380371 0440236673 0312924585
251394,0142001430 0060930535 0312305060 0345337662 0375703764 006101351X 0312422156 0345313860 0060938455 0316569321
251398,0375707972 0375700757 0375702709 0385720106 0425162443 0060959037 0316769487 0060502258 0375706771 0060938455
251400,0440234743 0345339703 0440225701 0345417623 0440221471 0440236673 0440220602 0345370775 0345339738 0451526341
251422,0375727345 0060928336 0385335482 0385336179 0743418174 0446672211 0140293248 0440213525 0316666343 0385335881
251423,0312195516 0385504209 0312282990 0375700757 0316776963 0142001740 0316666343 0060938455 0452282152 0316777730
251442,0345342968 002542730X 0684853515 0316666343 0399501487 0670844527 0670813648 0670813028 0670839531 0345303067
251449,0375706771 0140298479 0452282152 0151008116 0743418174 0099771519 0440226430 0142001740 0316601950 0385335482
251467,0394800133 0440998050 0394800028 0440995779 0590414291 0394800206 0394800184 0064407675 0345337662 0440498058
251474,0399143947 0385424728 0385497466 0380718340 0399146253 0684874350 0425180638 0399142282 0425169863 0425154092
251483,0316666343 0671027360 0380731851 0345413903 0440206154 0446611212 0380789019 034541389X 0449006522 0312422156
251495,0452282152 014025448X 0060928336 0312195516 0142001740 0070212570 0385720106 044651652X 0553572997 044021145X
251506,067976402X 0684872153 0671510053 0446672211 068484477X 0316782505 0375707972 0446532231 0684848783 044651862X
251518,0446601241 0380718340 0671011367 0425147622 0380731851 0312924585 055356451X 0440214041 0425163407 0440224675
251527,0446672211 0385484518 0316601950 0316096199 0446605239 0743418174 0312195516 0440226430 0671003755 0375706771
251533,0440226430 0385504209 0385335881 0452269571 0743418174 0679746048 042516098X 0425167313 0439064872 0375706771
251560,0385504209 0316096199 0671027360 0440226430 0156027321 0446605239 0743418174 0451203771 0156028778 0142001430
251575,0385335881 0140293248 0385336179 0060928336 0312291639 0345313860 0312278586 0060502258 0449003795 0446670251
251580,0385504209 0312195516 0060959037 0345439104 0679781587 0060976845 0671027360 0679429220 0375726403 0060928336
251606,0312195516 0060930535 0452264464 0345439104 0345443284 0060915544 068484477X 0385265700 0316601950 0679781587
251613,0553273914 059035342X 0452264464 0060916508 0451169530 0451170385 0671617028 0316780375 0451156609 0451169522
251642,0345417623 0553560735 0345413350 0316666343 0345353145 0345402871 0671042262 0425143325 042510107X 0380789035
251692,3442541751 3492045170 3150000017 3423202327 3423201509 3423202947 059035342X 3257229534 325722575X 3426029553
251721,0671027360 044023722X 0385504209 0312995423 0061015725 0440241073 0425192725 044661162X 0446611638 043935806X
251730,0446672211 067976402X 0345337662 0515132268 0515102652 0671004530 0515115649 038550120X 0515090506 0515095826
251739,0380789035 0451526341 0380789019 0553262505 0060938455 0064407667 0345342968 0345339703 059035342X 0451524934
251744,0316601950 0060928336 0385335482 0316096199 0312195516 0060987103 0140293248 014028009X 0446670251 0375700757
251782,2253063339 2253150711 2253044903 2070360024 2266023039 2290311782 2253057843 2205054252 2253005274 2070408507
251791,0375700757 0316769487 0060987049 031205436X 0345413350 0671755064 0316777730 0553212451 0385492081 0393316041
251843,0671617028 0399142851 002542730X 0385508042 0439064872 044651652X 0553250426 0385510438 0399143947 0380012863
251844,0449005615 0316666343 0060958022 0679781587 0670030643 0440217563 0099771519 0425152251 038082101X 0553562738
251877,0842329218 0842329129 0842329242 0553277472 0842329250 0440222656 0842329269 0842329277 044021145X 0842329161
251890,059035342X 0439136369 0439139600 0345353145 042510107X 0345342968 0425170349 0439136350 043935806X 0425147584
251903,0671510053 0345348036 0375700757 0312976275 0446606189 0449005615 0312995423 0061015725 0312980140 0312265859
251955,0440226430 0385335482 0099771519 0743418174 0375725784 0330375253 0446605239 0380977788 0743225082 0552137030
251975,0451156609 0451167317 0451180232 0451176464 0451184963 0451177096 067102423X 0671024248 0451191013 0451142934
252007,0380789035 0552124753 0552131067 0380789019 0552128481 0552131059 0552131075 0552145424 0590660543 0441569595
252034,0345339703 0345339711 043935806X 0439064872 0446310786 0385504209 0439136369 0439136350 0451524934 0345378490
252045,0440234743 0440225701 0440241073 0425116840 0440236673 0425180964 0425170349 042510107X 0425109720 0425150143
252071,0060928336 0312278586 0316284955 0140293248 0060976845 044651652X 014028009X 0345443284 0446610542 0553582755
252111,059035342X 0316666343 0553297988 0345428544 055329802X 0439064872 0439139600 043935806X 0553568728 0440225701
252126,0440234743 0312291639 0375707972 0446364193 0684874350 0446679593 0316769487 0446611212 0609804138 014025448X
252211,014025448X 0671510053 0553280368 0060392452 0515102652 0553280341 0312966091 0140254544 0312966970 0385484518
252222,0451526341 0060987561 0679781587 0385504209 0671027360 0670892963 0060392452 059035342X 0316777730 0345342968
252233,0345353145 0345378490 034540288X 059035342X 0345380371 0345339703 0399501487 0345339681 0385492081 0345391055
252244,0446610399 0316284955 0446310786 0316666343 0140293248 0688177751 0684872153 0446612545 0316781266 0385721420
252268,0385504209 0671027360 0452282152 0142001805 043935806X 0385486804 0142001740 0142001430 0060987103 0312278586
252278,3442541751 3150000017 3423202327 3423201509 3257229534 3423202947 325722575X 3426029553 3257227809 3442092981
252279,0060929871 0440180295 0451526341 0345342968 0316769487 0345370775 0399501487 0441569595 0553208845 0451191145
252287,051513287X 0446610038 0515130389 0515128546 0515126772 0515128554 0446612545 0373218192 0373218397 0515121843
252292,0515128554 0515131229 051513287X 0515130389 0515132020 0515136379 0515136530 0515126772 0446611867 0515128546
252328,0156027321 0316096199 0446519138 000649840X 0091867770 0786868716 0385420161 0440212561 0679785892 0099771519
252347,044023722X 0446610038 0425180638 0446612790 0446611212 0440236673 067088300X 0345447840 0345447867 0449003795
252409,044022165X 0440214041 0440211727 0440213525 067976402X 0345361792 0380789019 0440221471 0452282152 0440224764
252418,0061015725 0061009059 0380789035 0380789019 0312995423 0312966091 0671027387 0425180638 0312980140 0312971346
252454,0330332775 0552131067 0552124753 000649840X 0099747200 0552137030 0590660543 0552131059 0413537900 0552131075
252491,0515102652 0515093203 051510566X 0515090506 0515090174 0345339681 0515115649 0515087947 014025448X 0515090166
252504,0066238501 0373710992 0440213991 0877733759 0373710615 0140275290 0552121606 0751529087 0552103721 0752809032
252507,0380789035 0062502182 0441569595 0060987103 0441003257 0380977788 0060934719 0553582747 0425158640 0345313860
252509,0316666343 0091867770 0552124753 0552998486 0330332775 0099771519 0552131067 0552998001 0552996181 0590660543
252510,3442541751 3150000017 3492045170 3423202327 3423201509 325722575X 3257229534 3442092981 0971880107 3426029553
252560,0316769487 0671003755 0446310786 0684801523 0060987561 0316781266 0060929871 0375707972 0451163966 0060987529
252573,0312195516 0142001740 0316666343 0312305060 0679781587 0060976845 0156027321 0452282152 0375726403 0060928336
252598,0552137030 0099771519 0330262130 0552998001 0552131067 0330332775 0552124753 0380977788 000649840X 044651652X
252601,0446610038 0446611212 0446364193 0446607657 0446612790 0446608815 0446604801 0440234743 0446606189 0446601241
252622,0385720106 0380002930 0380730138 0451172817 0441569595 0451524934 0385504209 0452264464 0060502258 0553274503
252627,0060915544 0671003755 068484267X 044651652X 0060921145 0671510053 0345342968 0060987529 0060959037 0380012863
252628,0330367358 0449212602 0060987103 0156027321 0553279912 0385335482 0142001430 0312278586 0099771519 0553271636
252642,0060987529 038079487X 044023722X 0060915544 0385720106 0684872153 0060977493 0345361792 0679781587 0452269571
252654,0553279912 0449219461 0449221504 0449223612 0553280341 0553284789 0449221490 0449221512 0449219364 0553271636
252657,0345413350 0679429220 0385486804 0385512104 0380813815 0380789035 0380789019 0316779423 0312983271 0060928336
252662,0452260116 014025448X 0688177751 039480001X 039480029X 067976402X 0440414806 0064471101 0142001740 080411935X
252676,044023722X 0440234743 0440241073 0440221471 0440220602 0446672211 0440224764 0440225701 0440211727 044022165X
252695,0515131229 0440236703 0345391055 0345353145 0345380371 0446605239 0440210690 0385492081 006101351X 051513287X
252698,0375706771 0446672211 0316601950 0345443284 0375707972 0312195516 0316666343 0375702709 0142000205 0060928336
252719,0316666343 043935806X 0590353403 0064407667 0440225701 0316096199 0439139597 0553296981 0440998050 0439064864
252721,0440414806 0380814021 014131088X 0440220653 0064400557 0385730586 0440498058 0440219078 0446310786 0064472795
252726,059035342X 044023722X 0441003257 0440234743 0441790348 014028009X 0446606812 0553275976 0316666343 0671027360
252775,0552124753 0316666343 0552131067 0312274920 0062502182 0552137030 0552128481 0099771519 0552131059 0552998486
252783,0060959037 0452282152 0312195516 0060930535 0060915544 0312305060 0142001740 0060934417 0156027321 0060976845
252785,0345338588 0399144463 0345370775 0345314255 0345322231 0441569595 0345335465 0345322215 0345391802 0380752859
252806,0316666343 0312278586 0375727345 0316776963 0345443284 0671003755 0312195516 0670894605 0142000205 0446672211
252819,0316666343 0375726403 0316776963 0375725784 0345361792 043935806X 0312422156 0316096199 0380731851 0060392452
252820,0451160525 0375504397 0060392452 0553573136 0451163524 0385492081 0399501487 006101351X 080410753X 0553277472
252827,0743418174 0099771519 0330262130 0385335482 0552124753 0552137030 002542730X 000649840X 0743225082 0552996009
252829,059035342X 0345339681 0345339703 0064407667 0345339711 0446608955 0345339738 0446310786 0786881852 0385504209
252843,0446611867 0515136379 051513628X 0515136530 0440212561 0515135739 055358264X 0553583441 0515137111 0312980140
252846,0380789035 0345370775 0441569595 0812550706 0552137030 0060392452 0060938455 0671004107 0151008116 0451169530
252848,0060928336 044021145X 0440214041 044022165X 0060976845 0312924585 0070212570 0440226104 044651652X 0446606812
252865,0553581554 0440211727 0345386108 0449006522 0440213525 0553580221 0553582747 0446670251 0446672211 0440226104
252903,0140620222 0140620109 0140620184 0440211727 0140620427 0099771519 0330375253 0449212602 0140620338 0140620664
252953,0345337662 0452282152 0553572997 0385720106 0345384466 0330332775 0345413350 0345350499 0345351525 0451456734
253005,0446672211 0553582747 0671021001 0671027360 0553582755 0316096199 0380731851 0375706771 0446612790 0385484518
253080,0375727345 0140067477 0440180295 0345361792 0345443284 0375707972 006099486X 0452264464 0060987561 0451526341
253106,0316666343 0316284955 0446672211 0375727345 0345443284 0316769487 0385504209 0449907481 0385484518 0446608955
253119,0316769487 0060976845 0316666343 0385335830 0385486804 059035342X 0312278586 0380814021 0446608955 0385730586
253226,0385504209 0316693200 0316666343 0385510438 0316969680 0316603287 0385511612 0385503822 0312278586 0553582747
253271,0679735771 0441569595 0349101779 0552124753 0552137030 0671021001 0446532231 0552131067 0440241537 0671041789
253277,0099771519 0060502258 000649840X 0553280341 0385722206 0330332775 0142001740 0553250531 0140071814 0552996009
253310,0385484518 0446672211 0671021001 0312278586 0316284955 0385265700 0446605239 0684872153 0316601950 0142001740
253311,0553578022 0553582135 0553581554 0553569910 0553582143 0446610038 0446611808 0446612790 055356451X 0553586122
253322,0375727345 0316666343 0385265700 0671510053 0142000205 067976402X 0385484518 0385504209 0060175400 0671021001
253331,0345342968 0373218397 0515130389 0515136379 0440235162 0515136530 0515121843 0671014196 0515131229 0440222656
253352,044651652X 0142000205 0385484518 0671003755 0060976845 067169507X 0440204887 0060928336 0440226430 0452264464
253386,0316096199 0060928336 0312278586 0446672211 0316284955 0140293248 0671021001 0446605239 0385484518 0446310786
253403,0552137030 0552131067 0552124753 0441569595 0552131059 0552996009 0349101779 0552128481 0060392452 0380789019
253482,0439136369 0439064872 059035342X 0439139600 0671027360 0312995423 0446608955 0345339681 044023722X 0446310786
253556,0070212570 0312966970 0060930535 0312971346 0345387651 0312966091 0671001795 0553296981 0375502238 0061009059
253563,0316666343 0399501487 0446310786 0140293248 0440220602 0385335482 044651652X 0679746048 0385486804 0446610038
253580,0440224764 0440221471 067976402X 044021145X 0425175405 0440214041 0440211727 0446612790 0440236673 0553582526
253581,0553572997 0345353145 0552124753 0446610038 0552131067 0375700757 0425180638 0385722206 0142001430 0552128481
253590,0385486804 0156027321 0099771519 0385504209 0440213525 0316284955 044023722X 0091867770 0330332775 0142000205
253602,0425152251 0375706771 0312291639 0316769487 0099771519 0345387651 0385335482 0385335881 0451176464 0446670251
253626,0316096199 0375726403 0385504209 0312282990 0743418174 0060934417 0316284955 0156027321 0060987529 0679781587
253629,0446612545 0385335881 0385335482 0440241537 0446610038 0743418174 0446611212 0440220602 0345413903 0140293248
253657,0385504209 0385510438 0399150897 0345452550 0316602906 0316603570 0385503822 0316693200 0316693006 0671027360
253668,0140067477 0385484518 0446532231 0553375407 034536676X 0609804138 0553277472 0553258001 0060392452 0786881852
253670,0140293248 0312278586 880781210X 014028009X 0385335482 0440212561 006101351X 0440235596 8806166484 8806143042
253736,0553280341 0553280368 0553271636 0786881852 0449221512 0449223612 0385484518 0449219364 0553284789 0553279556
253771,0316780375 0385479565 0060930535 0553211404 0345438329 0553273914 0449223612 0060188731 0345436911 0345439104
253780,0345337662 0345351525 0385503822 0446672211 044651862X 0316666343 0345313860 0385484518 034538475X 0399501487
253797,0399501487 0060502258 0316769487 0345339681 0439064872 0679745203 0439136369 0440180295 0451524934 0452264464
253815,3442541751 3150000017 3423202327 3423201509 3492045170 325722575X 3257229534 3423202947 3426029553 3257227809
253821,0060915544 0679746048 0345337662 0425152251 044922046X 0425124347 0671510053 0425115801 0425107469 0553573136
253852,2253063339 2253150711 2253044903 2070360024 2266023039 2290311782 2253057843 2070408507 2277260029 2253152846
253855,0312995423 0316666343 0312195516 0156027321 0671027387 0375725784 0452282152 0452283205 0060392452 0142001805
253859,0552124753 0439064864 8408043641 0552131067 0552128481 0552131059 0552145424 0140298479 0552134627 0552131075
253867,0060928336 0312195516 0679781587 0316284955 0316601950 0671021001 0440211727 0060976845 0312278586 067976402X
253871,0316666343 0440226430 0553582747 0671003755 0679746048 0316769487 0553582755 0515130389 0312278586 0451205421
253949,0316769487 0804106304 0446532231 0451526341 0440214041 044021145X 0440213525 0375707972 0060928336 0060392452
253964,0142001740 0452282152 0316601950 0446531332 067976402X 044023722X 0345443284 0446608955 0385504209 0312195516
254021,3442541751 3423201509 3492045170 3423202327 3150000017 3426029553 325722575X 3257229534 3423202947 3257227809
254022,3442541751 3150000017 3492045170 3426029553 3423201509 3423202327 3257229534 325722575X 3423202947 3442092981
254036,0060930535 0553296981 0394820371 0446310786 0446605239 0345387651 0345339681 0440401585 0440487617 0064400581
254038,0345342968 0316769487 0451524934 0345391802 0060929871 0553208845 0446310786 0140042598 0671003755 0060916508
254053,0385490992 0385503822 0385472951 0385497466 0385505833 0385484518 0312265859 0385508042 0316666009 0385424728
254064,0446612790 034541389X 0375700757 0060987561 0446610038 0553578693 0345413881 0679781587 0425182878 0671024248
254130,0425152251 0316769487 0451524934 0345391802 0446310786 0553572997 0345342968 0440180295 0060929871 0399501487
254144,0515131229 0515126772 0515132020 0515128554 0515128546 0515135062 0440235596 0515121843 0515136530 0515130389
254159,0345342968 0060502258 0446310786 0684801523 014028009X 0743227441 0380002930 0553210092 0375725784 0440220602
254160,0385504209 0316601950 0060987561 0446672211 0060175400 0060930535 0312995423 0671003755 0385505833 0375727345
254169,0345353145 0446605239 0345370775 034540288X 0553578316 044023722X 0440235162 0449003795 0345438329 0345391055
254196,0440234743 0345386108 0446364193 042513525X 0345384369 0553579606 0446607657 0425144429 0345337662 0425163407
254201,0345337662 0679781587 034538475X 0345417623 0345351525 014028009X 0446607657 0553260111 0345384466 0679746048
254206,0425109720 0441172717 0425116840 0425147584 0441104029 0440224675 0425180964 0394571029 0553560735 0345444884
254224,0345370775 0439064872 0553250531 0439136369 0345353145 0345378490 0440222656 0345339703 0345380371 034540288X
254226,0446605239 0316168815 0440235162 0441569595 0553278355 0385474016 0671004107 044023722X 0060502258 0060392452
254268,0452282152 0385504209 0156027321 0312305060 0385722206 0375726403 0312291639 0060987103 0671003755 044023722X
254278,0380731851 0375700757 044023722X 0060934417 0553582526 0380721643 0380725835 0380725827 0425178951 0425182908
254289,0439064872 0842332251 084232920X 0842329285 0842329161 084233226X 0440222656 059035342X 0310205719 0842329293
254299,0446605239 0060930535 0142001740 0316601950 0316096199 0375707972 0375706771 0452282152 0345438329 0060959037
254355,0446610038 0446612790 0446610399 0061015725 0553582135 0345417623 0446605239 0446612545 0553569910 0312995423
254376,0345342968 0345391802 0679781587 0312195516 0446310786 0451163966 0449212602 0345391810 0553572997 0380002930
254377,0451203771 0345438329 0312980140 0440241162 0385335482 0385336179 0345445848 0553578359 0140293248 0743418174
254405,044651652X 0446605239 0440235596 0743418174 0446611867 014028009X 0060928336 0440226430 0140293248 0446610399
254417,0380789035 0380789019 0064407683 0060987103 0345413350 0380977788 0316769487 0380002930 0380813815 0064407691
254465,0312195516 0671021001 0446363251 0312278586 0440221315 0440226104 0440235596 0375702709 0345337662 0440220602
254467,0385265700 0375725784 0375706771 0156027321 0060930535 0140293248 0345361792 0316569321 0316601950 0452282152
254486,0142001740 0440226430 0316666343 0440235596 0142000205 0316284955 0440236703 0446613266 0380789019 0385505833
254498,014028009X 0440235596 0743418174 0140293248 0440212561 880781210X 0385335482 8806166484 044651652X 0312278586
254502,0099771519 0552137030 0590660543 0330332775 0552124753 0552996009 0552131067 000649840X 0349101779 0552998486
254539,0671695169 0671759345 0671534734 0671534718 0312195516 0671695142 0671642561 0671003755 067164257X 0671534726
254543,0440226430 0446310786 0446606812 0451203771 0385492081 0312291639 0316601950 067976402X 0684872153 0446672211
254547,0425143325 0440234743 0425109720 042510107X 0425122123 0425147584 0425116840 0425163407 0425170349 0425154092
254556,0312291639 0316769487 0440226430 0375726403 0151008116 0385479565 0553375407 0385265700 0380012863 0440221595
254628,0440226430 0446611867 0440234743 0440241073 0440221471 0440222656 055356451X 044022103X 0446604844 0446611212
254665,0380789035 0525947647 0385486804 0060938455 0380789019 006101351X 0805063897 0142002267 0062502182 0385722206
254690,0060392452 0345337662 0060938455 0316769487 0451191145 0156027321 0064407667 0345370775 0142001740 0385486804
254707,0385503822 0316666009 0316969680 0316603287 0385510438 0553579754 0066214122 0385504209 0553801430 0316602906
254751,044023722X 0440241073 0385504209 0671027360 0061015725 0142001740 0446532231 0515135062 0440221471 0312291639
254754,0345417623 0345380371 0345353145 0440206154 044021145X 0312195516 0345370775 0440224675 0345378482 0345391055
254777,0060930535 0375727345 0452282829 0316601950 0142000205 0446672211 0142001740 0060928336 0375707972 0375702709
254822,0060929871 0440180295 0316769487 0345342968 0553277537 0140042598 0345391802 0070212570 0140440046 0440206154
254852,0553572997 0380002930 0446310786 0345342968 0070212570 0440222656 0375727345 0671038184 0385504209 0062502182
254859,0590353403 0439064872 043935806X 0439136369 0439139600 0345339711 0345339703 0064407667 0553296981 0446608955
254863,0446611808 0515128554 0446612545 0671004573 0515128546 0515131229 0440226430 0446609404 0515122734 051513287X
254867,0345337662 044651652X 0515102652 0345313860 0515095826 051510566X 0515090166 0515087122 0515090506 0515099546
254899,0061092177 0552124753 0671042262 0553562614 0380727501 0446604666 0380002930 0449223604 0060921145 0345342968
254971,0312278586 038542017X 0446519138 0671708635 0553279378 0385484518 0440224624 0345417623 059035342X 0671250671
254995,0316769487 0062502182 0446310786 0385492081 0316666343 0385486804 0399501487 0385504209 0312305060 0553572997
255014,0345337662 0446672211 044021145X 0440211727 0385484518 0439064872 0060928336 0439139600 0440226430 0440214041
255056,0316769487 0142000205 0380789035 0316776963 0345350685 0060938455 067976402X 0060392452 0553212583 0553208845
255078,0156027321 0345417623 0441172717 0441569595 0451524934 0060929871 0553562614 034540288X 0399501487 0345353145
255092,0451526341 0399144463 0786881852 0446610038 0380018179 0345342968 0440215625 0446606812 0312278586 038542017X
255099,3442541751 3150000017 3492045170 3423202327 3423201509 059035342X 325722575X 3423202947 3426029553 3442092981
255121,044651862X 0345370775 0399501487 0553375407 0786881852 0446519081 0451191145 0385484518 0062502182 034540288X
255122,0440226430 0743418174 0679746048 042516098X 0060928336 0385335881 0440225701 0446672211 0385335482 0375706771
255133,0142001740 0449005615 0345361792 0679781587 0385722206 0312305060 0375727345 0452282152 068484477X 0316781010
255205,0345339703 0345339681 044651652X 0385479565 0345339738 0439064872 0312278586 0553260111 0345417623 0671250671
255218,0375726403 0439064872 0439136369 059035342X 0312171838 0312278586 0140143505 002542730X 0439139600 015100692X
255255,0345361792 0140067477 0440226430 0684874350 0151008116 0439136350 0439064864 0446310786 0515131229 044022103X
255267,0345370775 0345353145 0440206154 0345380371 0446359866 044022165X 0312924585 044021145X 0151008116 0385479565
255275,0316693006 0316969680 0446531332 0385503822 0385508042 0316969443 0316693200 0385511612 0385510438 0316666009
255289,0156027321 0385504209 0452282152 0316096199 0385484518 0345361792 0060987103 044023722X 0312305060 0316666343
255313,0140293248 0312278586 8806143042 0312422156 880781210X 0060502258 0156012197 0440180295 0553582747 8845237303
255331,0425154092 0446610038 0446604801 0425155404 0440221471 0380718340 0684874350 0446364193 0425151867 0440236673
255399,8408043641 8445071416 8432206407 8477204055 8478884955 8433969978 0312924585 0140298479 0441172717 8420616893
255405,2253063339 2070360024 2253150711 2253044903 2266023039 2253057843 2253005274 2290311782 2205054252 2070408507
255433,2253063339 2253150711 2253044903 2070360024 2266023039 2253057843 2290311782 2205054252 2070408507 2253005274
255489,0316666343 0440241073 0345417623 0375727345 038572179X 0446607657 0316693235 0316693200 0446612790 0380731851
255493,0060928336 0375727345 0385486804 0316666343 0316776963 0345339681 0380977788 0385512104 0060392452 0553268880
255544,0345314255 0439064872 0380789019 0553375407 0060938455 0451524934 0345337662 0441569595 043935806X 0553572997
255546,0515131229 0515132020 0515130389 051513287X 0446610399 0515126772 0515128554 0515128546 0446612790 0515133973
255618,059035342X 0452282152 0316666343 0312291639 0060928336 0345370775 0385504209 0449212602 0446672211 0316776963
255648,0385424728 0399145087 0060391626 0399146253 0380718340 0671011367 0684195984 0399143947 0425147622 0345413873
255655,0440212561 0440217563 0440215625 0060502258 044022425X 0671003755 0440222656 0618129022 0345350499 0609610597
255661,0553582755 0385504209 0446672211 0316666343 0345444884 0142001740 0553582747 0439136350 0439139597 0515130389
255677,0385492081 0345361792 0140293248 0440226430 0671021001 0385486804 0440235596 0671510053 0375707972 0679429220
255697,0060938455 0446532231 0316666343 0671027360 0385504209 0316096199 0375725784 0316777730 0525947647 0060928336
255719,0316666343 0312195516 0449212602 0452264464 0385486804 0316776963 0671003755 0316284955 0515095826 0684872153
255782,0446608955 0425147622 0425177173 042516098X 067976402X 0449003795 0441005489 0449221490 0316693235 0553574671
255786,0316769487 0440206154 0385504209 0316666343 0671021001 0743418174 0375707972 0446610399 0553277472 0446606812
255789,059035342X 0345337662 0380002930 0679781587 0671709704 044023722X 0375700757 0345353145 0671520032 0671760513
255798,3442541751 3492045170 3150000017 3423202327 3423201509 3423202947 3257229534 3426029553 325722575X 3257227809
255814,0099771519 0156027321 000649840X 0425180638 0425169863 0440222656 0330332775 0440212561 0425163407 0446364193
255837,0345342968 0060929871 0345391810 0425152251 0140042598 0679745203 0330332775 0380789019 0679723161 0440180295
255846,0385504209 0385722206 0316776963 039592720X 0312422156 0375703861 0142001430 0060977493 0525947647 038550926X
255858,0451156609 0451184963 067102423X 0451160525 0345313860 0140293248 0345337662 0451167317 0451169530 0451172817
255874,0842329218 0446605239 0842329129 089480829X 006016848X 0842329242 0842329250 0446611085 0345370775 0684874350
255911,0312980159 0380789035 0062502182 0553375407 0767905180 0451194004 0345342968 0373825013 0553579606 0380788624
255943,0156027321 0330332775 0330367358 0425122123 0312278586 0446364193 0140430105 0425109720 0140185216 0140071814
255979,3442541751 3150000017 3492045170 3423201509 3423202327 3257229534 325722575X 3423202947 3426029553 3404148665
256023,0345378490 0345370775 0345380371 034540288X 044021145X 0345391055 0345378482 0312924585 0440221471 0440224764
256072,067976402X 0446672211 0345361792 0385503954 0446310786 0142000205 0679429220 0062502182 0375727345 0679457526
256114,2253063339 2253150711 2253044903 2290311782 2266023039 2070360024 2070408507 2205054252 2253057843 2253152846
256133,0060987103 0671027360 0142001740 0060928336 0060987529 0060934417 0060976845 044023722X 0312966970 0312265867
256167,0345370775 0312971346 059035342X 0312966970 0345342968 0312306326 0312990456 043935806X 0380814021 0312265859
256247,0451166892 0316666343 0385504209 0142001430 0060934417 0142001805 0156027321 0380977788 0312278586 0446605239
256264,0345313860 0440204887 0316769487 0345384466 0671003755 0060502258 0440206154 0451524934 0345350499 0140119906
256270,0671027360 0452282152 0156027321 0440241537 044023722X 0452283205 0060930535 0671027387 0142001740 0142001430
256298,0552131067 0552137030 0552128481 0552131059 0552131075 0552145424 0552134651 0552140295 0552134635 0552134643
256402,0440212561 0345342968 044022425X 0345391810 0380002930 0060987529 0375706771 0070212570 0440998050 0446677450
256407,0440220602 0440224764 0684874350 0440213525 044021145X 0446610038 0671021001 0440211727 0440214041 0316666343
256448,0380789035 0441003257 0345342968 0441569595 0345339681 0061020710 0380789019 0380813815 0552124753 0061020702
256507,0553280341 0449223612 0316666343 0553271636 0060928336 0553279912 0449219461 0142001805 0553280368 0449221512
256526,0446310786 0345342968 0380977788 0140067477 0060502258 0345361792 0070212570 0316769487 0380789035 0345384466
256553,0375700757 0345348036 0156528207 0375705856 0316781266 0064408647 0064407683 0064408639 0553250531 0449213943
256575,0440224764 0345417623 0440213525 0553279378 044022165X 0345378482 0440211727 0446607711 0440221471 0312291639
256603,0312195516 0452282152 0316666343 0060934417 0142001740 0060928336 0375726403 0060930535 0060987529 0679781587
256633,0385492081 0380789035 0451169530 0812550706 0552124753 0552137030 0552134627 0552134651 0552128481 0380789019
256688,0060938455 0452282152 0446532231 0380789035 0380728133 0312282990 0060987103 0142001740 031298328X 0060934417
256731,0671027360 0312995423 0446611638 0446611611 0446612545 0061015725 0385504209 0385510438 0553584383 0425189864
256765,0375727345 067976402X 031242227X 0345465083 0385265700 0345424719 0452282829 038542017X 0060959037 0060934417
256769,0385265700 0385720106 0380789019 0446310786 0345361792 0553572997 0099771519 0440236673 0345424719 067976402X
256818,0345413350 0553562614 0671004107 0345417623 0060938455 0060392452 0553573314 0441004326 0553283685 0066214122
256820,0330332775 0552137030 0552124753 0552998001 0552996181 0156027321 0552998486 0552996009 0330367358 0749397543
256843,0312966970 0312983271 0312966091 0061009059 0446610038 0312971346 044023722X 0446611212 0452282152 0312990456
256844,0312983271 0440226430 0440217547 0446353957 0446610038 0671014196 051511992X 0440193613 0142000205 0440224780
256874,043935806X 059035342X 0439136369 0439064872 0439064864 0439136350 0590353403 0385504209 0439139600 0375725784
256889,0312291639 0142001740 0312195516 0679781587 0385504209 0316666343 0060915544 0446672211 0312983824 0449005615
256892,044021145X 0553250426 0425083837 0380710722 0451169530 0684801523 0451184963 0440180295 0064400581 0553205587
256925,044022165X 0440211727 0440213525 0440241073 0440225701 0440221471 0440214041 0440236673 0440220602 0446364193
256948,0440226430 0060930535 0385420161 0671510053 0452282152 0142000205 0316569321 0684874350 0316789089 0452282829
256983,0786868716 0671250671 0671708635 0385484518 044651652X 044651862X 0440235596 0804106304 068483376X 080410526X
257024,0345337662 0345378490 0345384466 0553580221 0425128164 0425107469 0553580191 0425121259 0345313860 0425153975
257028,0312278586 0452260116 0316769487 0670892963 0064400557 0671003755 0345413369 0140067779 0439136350 0425147622
257074,0140298479 0142001740 0380977788 0452282152 0380789035 0440226430 0440236703 0060938455 0571081789 0345424719
257132,0345342968 0380002930 0312976275 0345348036 0312980140 044661193X 0375700757 0312966091 0312265859 0786868716
257145,0440224675 0446310786 0345361792 0679781587 0316666343 0142000205 0060392452 0446610038 0440206154 0375727345
257153,0449223612 0449219461 0449219364 0449221490 0449221512 0449221482 0553284789 0449003795 0553279556 0449221504
257187,0439064872 067976402X 0439139600 044021145X 0439136369 0441172717 0060392452 0060928336 042516098X 0440214041
257198,0345337662 0345335465 0671721291 0804106304 0345384911 0345369335 0345368932 0345316002 0671720147 0345368991
257204,044023722X 0743418174 0553573403 0553262505 0345337662 0812550285 0345335651 0345335465 0345368991 0345338588
257212,0060928336 0316601950 0440226430 0671021001 0446672211 0060976845 0671003755 0375707972 0385505833 0385720106
257262,0345337662 0446670251 0440235596 0312924585 0679781587 0440224675 0345384466 0385484518 0385486804 0679746048
257327,0440498058 0553213148 055321313X 0671510053 0553213164 0553213172 0553582747 0440226430 0064400042 0671041789
257362,0142001740 067976402X 0375727345 0312195516 0316601950 0671510053 0385722206 0060502258 0385505833 0684872153
257390,0380002930 0440222656 0070212570 0451203771 0345342968 0345445848 0440241162 0440223202 051513287X 0140293248
257425,0671510053 0552998001 0091867770 000649840X 0099387913 0330332775 0099771519 0141007338 0552999458 0446672211
257450,0345361792 0684872153 0345387651 0671027360 0679781587 0375725784 0312291639 0142001740 0684874350 0553580221
257454,0312980140 0671001795 0312265867 0312265859 0312990456 0312983271 0312306326 0312986343 031298328X 0312195516
257458,006101351X 0679429220 0671510053 0394223802 0440224764 0440226430 0345361792 0060987561 0425175405 0684848783
257480,0385492081 0375726403 0446610038 0679429220 0440235596 044023722X 0380012863 0439139600 0767900383 0060987103
257492,0679781587 0316666343 0446672211 0060928336 0345337662 0316284955 0671021001 0375702709 0684872153 0380018179
257495,0399501487 0060392452 0446532231 0385335482 0375727345 0060938455 0385336179 0451524934 0140067477 0385335881
257506,0380977788 0060977493 0446310786 0345342968 0380002930 0425152251 0312274920 0064471047 044021145X 0553279912
257528,0671003755 0452264464 0316666343 0786868716 0060391626 0679732764 0553272535 0451163966 0312278586 0553296981
257534,0316969680 0316693006 0385508042 0385503822 0385510438 0385511612 0316602906 0316693235 0316666009 044651652X
257548,0446672211 0142000205 0375727345 0316601950 0452282829 044651652X 0060928336 0671003755 0385265700 0316284955
257554,0671003755 068484477X 0375707972 0446672211 0060921145 0671510053 0385720106 0684848783 0671038184 0679781587
257589,014028009X 0385335881 0375725784 0743418174 0385335482 0316777730 0316096199 0385336179 0316168815 0375414053
257591,0515131229 0515126772 0515135062 0515128554 0515130389 0515128546 0515132187 0373218397 0515133973 0515121843
257596,0345348036 0142001740 0345417623 0060502258 055321313X 0399145087 038070613X 0061009059 0553213172 0380789019
257625,0553572997 0316601950 0385486804 0452282829 038082101X 0449212602 0446604801 0679745203 0679746048 0060928336
257699,0440224764 0446610038 0440221471 0446601241 0425154092 0440234743 0515131229 0425163407 0425175405 0425180638
257700,0316666343 0440211727 0060987561 0553572997 0385504209 0440214041 044021145X 0553277472 0316601950 0060502258
257707,034540288X 0345337662 0345353145 0440222656 0345380371 0345378490 0440220602 0312924585 0312195516 044022165X
257714,0380002930 0553572997 034536676X 0345413350 0060987103 0316779423 0553575384 0393317552 0064407667 044021145X
257777,0060987103 0060928336 0312195516 0142001740 0060934417 0452282152 0385720106 0345443284 0060987529 0060977493
257784,044021145X 0553250426 0440215625 0553572997 0312195516 0440212561 0316284955 0553250531 044651652X 0156027321
257804,0060928336 0385335482 0316769487 0312278586 0446670251 0446608955 0060987103 014100018X 0671021001 0385730586
257809,0425154092 0446607657 0380718340 0425175405 0446364193 0425158616 0446610038 0446611212 0425169863 0425180638
257810,0425180964 042510107X 0425170349 0425109720 0425116840 0425143325 0425147584 0425151875 0345417623 0553260111
257820,0439064872 0439139600 0439139597 0439136350 0439064864 043935806X 0064407667 0345342968 0440414806 0786881852
257931,0553272535 0743418174 014029628X 0064400557 0312278586 0060915544 015100692X 0312171838 0060916508 0385335881
257944,0140293248 0312278586 0385335482 880781210X 8806143042 0060502258 0312422156 014028009X 8845215989 8806166484
257962,0062502182 0446672211 067976402X 0671510053 0553582755 0812550706 0446608955 002542730X 0440235162 0743412028
258011,0449911519 006000438X 0385720955 0312282990 0316779490 0060175966 034536676X 0060977493 0375706410 039592720X
258083,0553375407 0385486804 0060987103 0743224574 044023722X 0385512104 0156027321 0449212602 0140067477 0060938455
258084,0385504209 0156027321 0142001740 0671027360 031242227X 0449005615 0609608444 0151008116 0385503954 0671027387
258107,0440222656 0446608955 059035342X 0440235596 0439064872 0440212561 0446611867 0671003755 0786868716 0440236673
258109,0316666343 0156027321 0316776963 0312195516 0142001740 0786868716 0062502182 0553375407 059035342X 0446310786
258151,044023722X 0446610038 0380731851 0446612790 0440224764 0440235162 0440236673 0440241537 0425182908 0425182878
258152,0380789019 0441569595 0060392452 0812550706 0671004107 0553560735 0552124753 0316769487 0345333926 0380788624
258160,0316666343 0312195516 0679781587 0345342968 0452282152 0385722206 0345337662 0446672211 0070212570 0060502258
258175,3442541751 3492045170 3150000017 3423201509 3423202327 3426029553 3257229534 325722575X 3423202947 3257227809
258180,0671510053 0345348036 0312976275 0684833395 0441790348 0449005615 0345337662 0446606189 0312265867 0312265859
258185,0515135739 0515118656 0671744216 0380814803 0380820854 0312980159 0440215625 0380753006 0060096195 0439139597
258240,0440214041 044022165X 0671027360 0440213525 0385504209 0449212602 0060392452 0684874350 0440224764 0553573136
258270,0446364193 0446601241 0671003755 0446610038 0446672211 0060928336 0446607657 0440236673 0452264464 0553572997
258275,0060934417 0452282152 0156027321 0142001430 0375726403 0142001740 0316666343 0375727345 0312305060 0452283205
258277,0345337662 0446672211 0385484518 0440211727 0440226430 0345384466 044021145X 0345313860 0060976845 0345351525
258280,0142001740 0060938455 0312195516 0385722206 0452282152 0446672211 0062502182 0060928336 0743418174 0312305060
258291,0375727345 0440234743 044021145X 0449212602 0312195516 0375706771 0553268880 0375707972 0440211727 0380018179
258352,0671027360 0312195516 0316666343 0380731851 044023722X 0385511612 0446605239 0679781587 0156027321 0399144463
258425,0156628708 0312305060 0553571656 0385722206 0345436911 0679781587 0671880187 0385503954 037541309X 0142001430
258459,0440214041 0440234743 044021145X 0440213525 0440241073 0440224764 044022165X 0345417623 0385504209 0671027360
258460,0385730586 0385335482 0064472272 0312278586 014131088X 059035342X 0385335881 014100018X 0440220653 0671027344
258462,0425152251 0345342968 0684874350 0446310786 0140119906 0440220602 044651652X 0553296981 0439064872 0060930535
258482,0060977493 0385484518 0684874350 0060175400 0385722206 044023722X 0156007754 0060175966 0385474016 0060959037
258520,0156027321 0375725784 0452282152 0099771519 0380789019 0142001430 0330367358 0142001805 0552996181 0441003257
258534,0061009059 0380718340 0446601241 0446611212 0425158616 0451156609 0440206154 0446364193 014028009X 0553572202
258550,0156027321 0671003755 0312195516 0070212570 0452264464 0316666343 0452269571 0375726403 0345350499 0786885688
258553,0060976845 0316969680 0312265867 0061009059 0312966091 0316693006 0312966970 0312976275 0316603287 0316666009
258556,0385484518 0345361792 0140067477 0385492081 0345339681 0374199698 0399149325 0590353403 0060392452 0399144463
258588,0385486804 006101351X 0345361792 0446610038 0345353145 0380789035 0399501487 0440220602 0671510053 0679745203
258614,0385504209 0345339711 0345339738 0345339681 0671027360 0142001740 0316569321 0060928336 0060976845 0141000198
258660,044023722X 0060928336 0679781587 0316284955 014028009X 0446605239 0385504209 0440221471 0553574574 0449219364
258673,0156027321 0345370775 0312305060 0399501487 0451184963 0451524934 0385492081 0316096199 0441003257 014025448X
258690,0440212561 0440215625 0060502258 0440222656 0446364800 043935806X 0440217563 0425180638 0446609323 0446364193
258769,0385504209 0345337662 0553250426 0345313860 0312282990 0385508042 0345351525 0399150897 0385510438 034538475X
258777,0553574663 0553560247 0553574639 0553574671 055356773X 0449003787 0553578316 0345337662 044651652X 0671028375
258825,0439064872 0439136369 0679746048 0439139600 0743418174 051513287X 0380789019 0440226430 0440204887 0452269571
258879,0451176464 0425107469 0451169514 0451188462 0553580221 0451166892 0316666343 0345391055 0451180232 0451184963
258884,0440214041 044021145X 0316666343 0440213525 0440211727 055356160X 0553279912 0345337662 0440220602 0446606189
258907,0345339681 0345353145 0345438329 0060188731 0142003727 0345378482 0375726403 0380731851 0156027321 0385722206
258913,3442541751 3150000017 3492045170 3423202327 3423201509 3426029553 325722575X 3257229534 3423202947 3442092981
258938,0312278586 0316666343 0375706771 0140293248 0345443284 0446608955 0316096199 0385484518 0060928336 0743418174
258952,0060987103 0671027360 0441003257 0380789019 0142001740 0440241073 0316569321 0446394521 0060930535 044023722X
258970,0380789019 0060987103 0345350499 0345413350 0380789035 0441004520 0553560735 0553562738 0441304834 0316666343
259004,0099771519 0345348036 0553296981 0345436911 0345354613 0446310786 0451526341 0440234743 0553569074 0156027321
259006,0316769487 0345342968 0345370775 0446310786 059035342X 0684801523 0553296981 0060502258 0375700757 0316666343
259035,0312278586 0446605239 0446608955 0440226430 0316769487 0316781266 0060987103 0385335482 0316284955 0786868716
259057,0385504209 0142001740 0345370775 0316666343 0451524934 043935806X 0151008116 0345417623 0060929871 044023722X
259066,0156027321 0142001740 0452282152 0385504209 0316666343 0440221471 0375726403 0440224764 0060959037 0440241537
259078,044021145X 0345337662 044022165X 0440211727 042513525X 0440214041 0553580191 0345313860 0440221471 0440220602
259114,0345417623 0312278586 038542017X 0449212602 0553272535 014029628X 0679731725 0553268880 0060916508 0446611085
259118,0671510053 002542730X 0385265700 0671021001 044651862X 0441002935 0142000205 0385492081 0553272535 0441000916
259155,2253063339 2253150711 2070360024 2253057843 2205054252 2070408507 2253152846 2277260029 2264027134 2070744833
259205,3442541751 3150000017 3492045170 3423202327 3423201509 3257229534 3426029553 325722575X 3423202947 3257227809
259208,0446310786 0345339703 0345339738 043935806X 0345339711 0451524934 0385484518 0439136350 0439139597 0590353403
259223,0440214041 0440211727 044021145X 0345417623 044023722X 044022165X 0440220602 0553250531 0345380371 0345370775
259249,0142001740 0345439104 044651862X 059035342X 068484477X 0446520802 039480001X 0439064872 0394800168 0439139597
259258,0312291639 0449005615 0345439104 0142001740 0440226430 038542017X 0385420161 0553250531 0064400557 0452282152
259259,0316969680 0440220602 044651652X 0385504209 0385508042 0316693251 0316666009 0316284955 0345409671 0316693006
259260,055357258X 044922046X 0449003787 0553560247 0609804138 0449003795 0312995423 0553574639 0553578316 0312291639
259264,0028604199 0399144463 0380012863 0385484518 0062502182 0316693324 0446532231 0786881852 0671004107 0060928336
259286,059035342X 0345370775 0671041789 0380789035 0380789019 0345342968 0441003257 0441790348 0439064872 034540288X
259288,0451172817 0316666343 0345337662 0345369947 0446601241 0446670251 0446604801 0440224675 044651652X 0679746048
259312,0446310786 0345339681 0316769487 0060929871 0345342968 0345348036 044021145X 002542730X 014025448X 0553268880
259316,0156027321 0385504209 0971880107 0099771519 0345404114 0440236703 0316666343 0446670251 0671021001 0446310786
259320,044021145X 0440214041 0446364193 0440213525 0440211727 0446601241 044022165X 0440220602 0451172817 0440224675
259378,0316601950 0345402871 0671021001 0312291639 0553280341 0061009059 0385730586 0684872153 0452282152 0446310786
259380,0345353145 0345417623 0345378490 0345378482 0345370775 0345339703 0345339711 0345339738 043936213X 0679781587
259388,0440221471 0316666343 044022165X 0312195516 0440211727 0440236673 0345380371 0385504209 044021145X 0452282152
259400,0345353145 0446359866 0345391055 0345378490 0446607711 0440213525 0440220602 0345380371 0312924585 0425147622
259430,0060928336 0440211727 0312195516 0446672211 0440214041 0440241073 0440224764 0440213525 0671003755 0140298479
259479,0425172546 0446602620 0425147622 0446610038 0446605409 0441003257 0425182878 0316781266 0446611212 0440225825
259488,0316776963 0440226430 0385504209 014028009X 0375725784 0316777730 0670892963 0451163966 0385720920 0140298479
259502,0060987529 0142001740 0060959037 0375700757 0060502258 0452282152 0061009059 0142001805 0060934417 0375702709
259542,0440206154 0671027360 0671027387 0345413350 0380789019 0380789035 0671004107 0441790348 0446604666 0312282990
259565,0385335482 0743418174 0385335881 0440226430 0385336179 0385730586 0060928336 0451203895 0316096199 014028009X
259622,0345350499 0316776963 0060987529 0060987103 0446675059 0449212602 043935806X 0316666343 0451456521 0316284955
259625,0345370775 0316666343 034540288X 0804106304 0064407675 0440211727 0060930535 0373272847 0373218095 0373750153
259626,0060987103 0452282152 0385504209 0385722206 0671027360 0375707972 0142001740 0375726403 0375725784 0452283205
259628,0380731851 0440241073 0345413903 0671027360 0446611638 0553582747 0446611212 0446612790 0446611867 0446611778
259629,0345380371 0440211727 0440220602 0345378490 044021145X 0345391055 0440222656 0425116840 0385492081 0345417623
259660,8408043641 059035342X 8445071416 0439136350 8432206407 0439139597 8478884955 043935806X 0140298479 8477204055
259734,0345353145 0345417623 0345342968 0312924585 044021145X 0345370775 0345348036 0060987103 0671004107 0345380371
259757,0312195516 0553213105 0439064872 0385484518 059035342X 0385504209 0316666343 043935806X 0446611867 0515128554
259762,0375706771 0091867770 0452282195 0446606189 0099245027 038082101X 0330367358 0375727345 0446364193 0070212570
259800,3442541751 3150000017 3492045170 3423202327 3423201509 3257229534 325722575X 3423202947 3257227809 3426029553
259829,0312195516 0440234743 0446394521 0553279912 0312305060 0316666343 0399149325 0449212602 0345370775 044023722X
259901,0451169530 0451167317 067102423X 0316769487 0451160525 0451156609 0451163524 0451161351 0451188462 0451186362
259930,0515135062 0515131229 0515136379 0515132020 0515128546 0156027321 0515126772 051513287X 0515128554 0515130389
260037,0316666343 0452282152 044023722X 0060392452 0446605239 0312195516 0440206154 0679781587 0060934417 0671027360
260067,0439136369 0440206154 0345337662 0345342968 0385479565 0439139600 043935806X 034538475X 0345384466 0345351525
260108,0671021001 0671003755 0316601950 0385265700 0312278586 0446672211 0375706771 0142000205 0312195516 0425167313
260130,0345348036 0312980140 0312976275 0671510053 0446310786 0345342968 0380789035 0345413350 0345361792 0312983271
260178,0345348036 044651652X 0380002930 0451191145 0345391055 0671510053 0671250671 0446310786 0156528207 0441790348
260183,0385504209 0156027321 0679746048 0399501487 0440219078 0446532231 0385336179 0446310786 0316666343 0380002930
260202,0425147622 0440206154 0345337662 0425175405 0440211727 0425154092 0425163407 0440224675 0345370775 0380718340
260239,3442541751 3492045170 3423201509 3150000017 3423202327 3426029553 3257229534 325722575X 3423202947 3257227809
260316,0440206154 0553582747 0441569595 0345441036 0446612545 0440224675 0425181103 0679746048 0553580191 0345337662
260317,0380789019 0441003257 0385486804 0345361792 006101351X 0671510053 067976402X 0061020710 0399501487 0380813815
260324,0345413350 0345413369 0380789035 0345413377 0553562738 059035342X 0345416880 0345335465 0786817070 0441003257
260363,0312966091 0061009059 0312983867 0312265859 0312990456 0312983271 0312265840 0312306326 0312986343 031298328X
260364,0312983867 0312980140 0061009059 0312983271 0312966970 0345445848 0060987103 006099486X 042514545X 031298328X
260388,0446310786 0345339703 0446672211 0060915544 0345339738 0316777730 0451163966 067088300X 0345339711 0671021001
260419,0345342968 0451524934 0399501487 0060929871 0316769487 0345313860 0446310786 0618002219 0451191145 0451163966
260424,0446532231 0553296981 0380012863 0060392452 0452260116 0345413350 0425163407 0312265867 0425175405 0671693816
260453,0345441036 0380813815 0451184963 006099486X 0375504397 0375727345 0553560735 0671510053 0345361792 0684848783
260473,0060929871 0316666343 0345337662 0345417623 0451524934 0399501487 0684801523 0679745203 0380778556 034538475X
260484,0446611867 0515135062 0440241073 0515130389 0312995423 0440235162 0440241537 0515136379 0451203771 0446612545
260498,0385504209 067102423X 051513287X 0515132020 0515130389 0451161351 0142001740 0515135062 0515126772 0345342968
260502,0060928336 0316284955 044023722X 0446605239 0679781587 0385474016 0375703055 014028009X 0385498802 0060930535
260520,0345353145 0345370775 0345378490 0312924585 0345391055 0345417623 0345402871 0451156609 0345384350 0345386108
260590,0345342968 0316769487 0446310786 0684801523 0140042598 0425152251 0399501487 0446670251 0451524934 0440219078
260609,0375727345 0142000205 0316569321 0060175400 0449907481 0060930535 0671510053 0060921145 0060915544 0060932759
260647,0380789019 0671004107 043935806X 0440212561 0345333926 0440217563 0441569595 0399147195 0345443284 0380002930
260655,0060959037 006099486X 0064400557 038079487X 0452264464 0375702709 0312305060 068484477X 0316776963 0375727345
260678,0316096199 0060976845 0312278586 0679781587 0385484518 0786868716 0345417623 0060987529 0385265700 0425167313
260699,0316666343 0375706771 0446672211 0671021001 0385484518 0140293248 0316781266 044651652X 0312195516 0553582755
260735,0312966970 0312966091 0312971346 0312980140 0671001795 0312983867 0061009059 0312265867 0312265859 0312306326
260781,0060502258 044651652X 0345342968 0345348036 0345334531 0345301110 0385490992 0345391810 0345384466 044922046X
260796,044651652X 0316969680 0385497466 0374281602 0385490992 0345384466 0399146253 0385472951 0316693235 0385508042
260819,0446672211 0316601950 0375706771 0062502182 0449212602 0553562738 0449006522 0060391626 0316569321 042516098X
260840,0684874350 0671027360 0375707972 0312195516 0060392452 0375700757 0451191145 0553277472 044651862X 0553280414
260865,0385504209 0553572997 0345380371 0452282829 044021145X 0439136369 0060175400 0440178002 0439064872 0452264464
260879,3442541751 3150000017 3492045170 3423202327 3423201509 3257229534 3423202947 3426029553 3257227809 3442092981
260897,0375706771 0316776963 0439064872 0385484518 0060987529 0060930535 0385335482 0425167313 0316601950 0316096199
260902,3442541751 3423201509 3492045170 3423202327 3150000017 3426029553 3257229534 325722575X 3423202947 3257227809
260936,0060928336 0316601950 0446672211 0440213525 0440222656 0385265700 0316666343 0140244824 0375706771 0385335482
260944,0316666009 0385508042 0316969680 0385503822 0385497466 0316693006 0316693200 0316569321 0670868361 0385493800
260950,8408043641 8433969978 8445071416 8432206407 0312924585 0440224675 0140298479 8477204055 0684859335 8478884955
260959,0316769487 0451526341 0684801523 0060930535 0451524934 014028009X 0449212602 0399501487 0446310786 0375707972
260961,0060930535 0671038184 0446605239 0316284955 014025448X 0671510053 0446672211 0671021001 034540288X 0446611867
260967,0553582747 0786868716 0440241073 0439064872 0440224675 0440236673 0842329218 0345417623 0440235162 059035342X
261015,0671021001 0375706771 0385504209 0060928336 0060976845 0316666343 0380730138 0446670251 0385335482 0060930535
261037,0446610399 068484267X 0099747200 0553250531 0446606812 0446605239 0060934417 0553280945 0553289411 0330367358
261053,0399501487 0380002930 0345339738 0156027321 0345339711 0618002227 0345339703 0812550706 0553572997 0440219078
261091,3442541751 3150000017 3423202327 3492045170 3423201509 3257229534 325722575X 3423202947 3426029553 3257227809
261105,3423201509 3423202327 325722575X 3257229534 3492045170 3423202947 3150000017 3426029553 3257227809 3257228007
261120,0380789019 0345417623 0385504209 0312995423 0066214122 0345342968 059035342X 0425143325 0446611778 0515135062
261160,0553572997 0060976845 0671004549 0671793489 0684801523 0425152251 0451163966 0316693006 0671568175 067976402X
261185,0786868716 0451180232 0553579754 0446605239 0553582747 042518286X 0451156609 0446610399 0345441036 0451184963
261214,3442541751 3150000017 3423202327 3257229534 3492045170 3423201509 3423202947 325722575X 3257227809 3426029553
261291,0345342968 0553560735 0345417623 0441172717 0345353145 043936213X 0312966091 0553580272 0345333926 0441569595
261307,3442541751 3150000017 3492045170 3423201509 3423202327 3426029553 3257229534 325722575X 3423202947 3442092981
261314,0316601950 0515130389 0446610399 0440226430 0375727345 0425180638 0380730138 0449219364 0345387651 0425163407
261327,0316601950 0316096199 0375706771 0060934417 0312195516 0385484518 0786868716 0375700757 0446670251 0446605239
261355,0312305060 0679723161 0345342968 0679745203 0060929871 044023722X 0345353145 0156628708 2070360024 0399501487
261379,0316569321 0446608955 0439064872 067976402X 0439136369 0679745203 043935806X 0380721643 0446606812 0446394521
261397,0142000205 0671003755 0385265700 0385505833 0375727345 0452282829 0316601950 0446364193 0312195516 0440222656
261412,0156027321 0440204887 0553575384 0451163966 0385486804 0440212561 0345350499 0971880107 0553572997 0440998050
261460,0446610038 0446607657 0446605484 0446611212 0446606189 0440234743 0446609323 0375706771 0425154092 0446608815
261522,0439064872 0439136369 059035342X 0439139600 0316666343 043935806X 0064407667 0590353403 0060977493 0439139597
261528,0345353145 0440206154 0312924585 0345378490 0345342968 0345378482 0345380371 0345337662 0316769487 0440222656
261567,0330332775 0330367358 0099771519 0552124753 000649840X 0552998001 0749397543 0684874350 0452264464 0671727796
261578,0345335465 0345368932 0345339495 0345384911 0345368991 0345369335 0345434692 0345335082 0345253736 0345316002
261590,0446610038 0446364193 0553582747 0446608815 0440235162 0446606812 0446601241 0316666343 0446607657 0440206154
261603,0345337662 0345353145 0345339681 0345380371 0345351525 0345378482 044651652X 0743418174 0590353403 0345313860
261611,0316666343 0439136350 0439064864 0345339711 0060929871 0590353403 0439139597 0385504209 0451163966 0060976845
261641,0140293248 0312278586 0446672211 0345446860 0316666343 0553582747 0439136350 0060502258 0590353403 0440225701
261685,0446605239 0345443284 014025448X 0446679593 0446611867 0312966970 0446611085 044651652X 0316601950 0446527793
261740,002542730X 0345348036 0060987103 0156528207 0060502258 0552137030 038072152X 0345402871 0028604199 0345417623
261743,0399144463 0316666343 0446610038 0446679593 0553279912 0553582747 0380018179 0451205421 0316777722 0345441036
261768,0439136369 0439139600 043935806X 0439139597 0439136350 0439064864 0590353403 0385504209 0345339703 0345339681
261769,0440211263 0446310786 0375725784 0316666343 0679781587 044651652X 0553274503 0671003755 0440221595 0385492081
261775,0385504209 0064407667 0060928336 0440414806 0142001805 0385335482 0385335881 0515135062 0439139600 0439136369
261780,0440213525 044021145X 0440220602 0440225701 044022165X 0440211727 0440226430 0440241073 0440222656 0440214041
261829,0440214041 0446364193 0380789035 0446607657 0345384466 0440213525 0440998050 0553580221 0060930535 0553572997
261886,3442541751 3150000017 3492045170 3423202327 3257229534 3423201509 325722575X 3423202947 3426029553 3257227809
261888,0425154092 0425169863 0446364193 0446608815 0425163407 0446606189 0425158616 0425172546 0446604801 0446610038
261904,0385508042 0316693006 0385503822 0316666009 0316693200 0385510438 0316693235 0316666343 0385504209 0316602906
261920,0385504209 0312195516 0671027360 0062502182 0316666343 0679781587 0156027321 0440235162 044023722X 059035342X
261941,0679781587 0312291639 0446610038 038542017X 0399144463 0345392825 0786881852 0060987561 0446677450 043935806X
261973,059035342X 0439139597 0439064864 0590353403 043935806X 0060001453 0440241049 0440241057 0380814803 055329315X
261998,0345361792 0441000916 0441008534 0451166892 0441304834 0441002935 0345369947 0441005241 0441003745 0515133876
262014,0316666343 044023722X 0375726403 0156027321 0345417623 0316096199 0375727345 0312305060 0312195516 0743237188
262040,0786868716 0515128554 0446611867 0515131229 051513287X 0515128546 0373218192 0345342968 0142001740 0515132020
262051,0385508042 0316693006 0385503822 0385511612 0385510438 0316602906 0316693200 0316666009 0316693235 0399150897
262070,8408043641 0151008116 8432206407 8433969978 8445071416 8478884955 0440224675 0060392452 8477204055 8420616893
262118,059035342X 0439139600 067976402X 0439136369 0375727345 0439064872 0439139597 0345342968 0142000205 0345339681
262151,0446672211 044023722X 0312195516 044021145X 0440221471 044022165X 0440211727 0440226430 0440220602 0440234743
262169,0345339703 059035342X 0064405842 0064400557 0446672211 0394820371 0345339681 0345337662 0380814021 0345348036
262186,0345351525 0446672211 0553573136 0679723161 0140042598 0451524934 0399501487 0345370775 0316601950 0446520802
262199,2253063339 2253150711 2253044903 2070360024 2266023039 2290311782 2253057843 2205054252 2253005274 2070408507
262208,039480001X 043935806X 0451169530 0394800028 0590414291 0156027321 039480029X 0439139597 0394800168 0394800184
262271,067976402X 0142000205 0385492081 0446672211 0060930535 0385265700 0345443284 0345337662 0375707972 0345439104
262279,0345339681 0446605239 0345339711 0553279378 0345339738 0446310786 0345339703 0671617028 0440224764 0440211727
262281,0446672211 0316666343 0671003755 0684872153 0385484518 0425167313 059035342X 0316601950 0060987561 0316776963
262298,0345337662 0345351525 034538475X 0345384466 0345397819 0345404319 0345409671 0060928336 0345334531 0060930535
262311,0316284955 0446672211 0440211727 0425158616 0446605239 0425154092 0671011367 0385472951 0440226430 014028009X
262314,0140620222 0140620109 0140620427 0140620184 0140620664 0192833553 0316096199 0140620117 0140620338 0140620753
262317,038529929X 0316666009 0316666343 0385497466 0385490992 0385503822 0316693235 0316693200 0399145087 0679459618
262344,0140620222 0440211727 0140620427 0140620184 0140620109 0316769487 0099771519 0140620664 0439136350 0439064864
262357,0316769487 0345342968 0060929871 0446310786 0451524934 0451163966 0380789035 0440180295 0451526341 0553278223
262391,0451526341 0553274295 0440498058 0316769487 0553272535 0451524934 0684801523 0060934417 0380002930 0385504209
262399,0312966091 0312966970 0312983271 0312976275 0312971346 0671001795 0060976845 0345339703 0439064872 0671003755
262407,0671004573 0446612545 0671568175 0671004549 0446611808 0671867172 0553573136 044651652X 0373218397 0373218192
262459,0316666343 0060928336 0140293248 0679746048 0440226430 0312278586 0446310786 0385335881 0345313860 0446672211
262469,0446672211 0060928336 0385335482 0316601950 0385504209 0446605239 0446608955 0060976845 0440226430 0312195516
262525,0060930535 0452282152 0060928336 0060915544 0345439104 0142001740 0316601950 0060987561 0140293248 0140298479
262541,0515131229 0446610399 0452282829 0515132020 0440226430 0425182908 0515130389 044023722X 0446611212 0440225701
262569,0451524934 0060929871 0385486804 0446310786 0679723161 0345348036 002542730X 0062502182 0316776963 0399501487
262574,0345353145 0345370775 0312924585 0312278586 0345391055 0060502258 0440213525 0345386108 0345417623 034540288X
262577,0345438329 0375726403 0060934417 0375727345 0385503954 0060188731 0060958022 0385722206 0316096199 0142001740
262634,0451184963 0451190548 0451190572 0451190491 0451190556 0446672211 0451160525 0451190564 0425168298 0451173317
262635,0064407667 014025448X 0671510053 0553274295 0440498058 039480001X 0446310786 0345370775 0064407675 044022165X
262642,0345313860 0345337662 0671021001 0060502258 0345351525 0312924585 0140042598 034538475X 0345384466 0399501487
262659,0679781587 014028009X 0140293248 0440235596 006101351X 0451203771 8408043641 0140298479 8472236552 0425152251
262660,0060958022 0385498802 0553272535 0312282990 0316666343 0151008116 0452282152 0385475721 0449005615 0449907481
262666,0385504209 0156027321 0452282152 0312305060 0312195516 0060938455 0316666343 0786868716 039592720X 0060987103
262679,0679746048 0316284955 0316666343 0345342968 0151008116 0375726403 0679781587 0060934417 0316769487 0385504209
262683,0375727345 0345378490 0446605239 0446604666 0440206154 0446679593 0345370775 0440226430 0312995423 080410526X
262719,0060502258 0552131067 0552124753 0345387651 0440498058 0099771519 0380789019 0552137030 0380789035 0440234743
262780,0312278586 0140293248 014028009X 0316666343 0385335482 0440226430 880781210X 8845237303 006101351X 0156012197
262787,0452285186 0345339738 0345339703 0312265867 0671693816 0345353145 0345339711 0316777730 0385335482 0345339681
262795,0316096199 0316284955 0316969443 0060928336 0385484518 0316781266 0345443284 0385335482 0446672211 0670894605
262894,0385504209 0316693006 0399150897 0316666343 0385510438 0316969680 0385511612 0316603570 0316693200 0316666009
262902,0316666343 0552124753 0099771519 0330332775 0552131067 0552128481 0590660543 0552134627 0552998001 0552134619
262912,0316666343 0786868716 0060928336 0345361792 0609804138 0060976845 0671042858 0451172817 0440241073 0451180232
262940,0440221471 044022165X 0345353145 044021145X 0345339703 0440220602 0446364193 0446359866 0446604801 0345413350
262944,0439136369 0439139600 0439064872 059035342X 0439139597 043935806X 0439064864 0440236673 0064407667 0590353403
262974,0385504209 0446604666 0446532231 0060392452 0440226430 0140185216 0385730586 0060938455 0552546933 0380789035
262986,0156027321 0553575384 0060938455 0140039589 0385486804 0062502182 0440241537 0375506039 0684801523 0385335482
262998,0345337662 044651652X 0446532231 0142000205 0316284955 0671004107 002542730X 0553277472 0316769487 0671510053
263078,0446611867 0440211263 0446608955 0446606812 0440226430 0446531332 0446610399 0385504209 0451203771 0446613436
263093,0316666343 0671003755 0767905180 0345342968 0345446860 0316096199 0345303067 067102423X 0345391055 0440226430
263107,055321313X 0345436911 0345337662 038542017X 0553213105 0060930535 0446611085 0446365386 055323370X 0345417623
263112,0060938455 0446532231 0316776963 0452282152 0060987529 0142001740 0385722206 0060977493 0345337662 0060934417
263149,3442541751 3492045170 3150000017 3423202327 3423201509 3426029553 3423202947 325722575X 3257229534 3442092981
263159,0451176464 0451156609 0451167317 0451180232 0451188462 067102423X 0451160525 0451184963 0451137965 0451163524
263163,0439139597 0060987529 0439064864 059035342X 0590353403 043935806X 0060915544 0345339681 0446310786 0440487617
263168,0140293248 0312278586 0446672211 0316666343 0060502258 0553582747 0345446860 0590353403 0439136350 0440225701
263186,0679429220 0140119906 0375725784 0060987103 0316776963 0151008116 006101351X 0316769487 0060930535 0375702709
263219,0312278586 0385335482 0316096199 0060928336 0345387651 002542730X 0140293248 0804106304 014028009X 0743418174
263236,0156027321 0385504209 0385722206 039592720X 044023722X 0380731851 0440234743 0679734775 0449911519 0375758992
263238,0679781587 0449212602 0449219364 0385722206 0449221512 0449221482 0385720106 0449219461 0449223604 0316780375
263272,0345353145 0345370775 0440241073 034540288X 0446613436 0373218966 0373218036 0449208133 0345413350 0553262505
263300,0449212602 0375726403 0060916508 038572179X 068484477X 0385722206 0156007479 0679731725 0375412530 0142002267
263321,0671027360 0061015725 0446612790 0312995423 0671027387 0515135062 044023722X 0553584510 0553582747 0066214122
263323,0671617028 0345417623 0440224624 034541389X 0440234743 044023722X 0446611212 0440241073 0440998050 0066214122
263325,0375707972 0684872153 0452264464 0804106304 0671027360 0446672211 0060392452 0452282152 0060921145 068484267X
263326,0316666343 0060976845 014028009X 0385504209 0142001740 0312291639 0316601950 0140293248 0743418174 0446672211
263344,0060934417 0060987529 0312291639 0060987103 0743418174 0380731851 0142001740 0316096199 0061009059 0060928336
263353,0385335482 0425180638 0425175405 0140293248 0425154092 0440226430 0380718340 0449003795 0449221490 0380718332
263357,0679781587 0684848783 0316780375 0679731148 0385424728 0446310786 0345387651 0399144463 0671880187 0679429220
263383,044023722X 0345337662 0345370775 0345378490 0446364193 0440221471 0345417623 0440224675 0345391055 044021145X
263407,0060938455 0060392452 0316777730 0446532231 0316776963 0380710218 0451524934 0671793489 044022165X 0380731851
263413,0142001740 0449005615 0345335465 0515135062 0553582747 0515132020 0380731851 0060977493 0446610038 0446611212
263445,0380731851 044023722X 0440241073 0425182908 0446612790 034541389X 0440234743 0553584383 0553578022 0345413903
263460,0316666343 0316096199 0553279378 0345378490 0345339681 0385505833 038550120X 0345417623 0060987103 0385503822
263480,0449005615 0440234743 0440221471 044022165X 0316666343 0385498802 0375726403 0312282990 0452282152 0440220602
263534,2253063339 2253150711 2253044903 2253057843 2253005274 2070408507 2205054252 2266023039 2264027134 2277260029
263560,0316666343 0385504209 0316096199 0385335482 0671027360 0316969443 0156027321 0385335881 0679746048 0316781266
263585,2253063339 0385504209 2070360024 2253150711 0452282152 2253044903 2253057843 2070408507 2264027134 2266023039
263601,0312195516 0316666343 0671003755 0142001740 0446672211 0060976845 0316776963 0316601950 0385504209 0060928336
263637,0061009059 006016848X 034536676X 0679734775 0312265859 0394800168 0684801523 0345342968 0671001795 0688177751
263644,0316284955 0060928336 0385504209 0385474016 0142001740 0060392452 0446605239 0679734775 0679781587 0316777730
263645,0446610038 0312983271 0312980140 0312971346 0446611212 0446607657 0312966091 0312976275 0142001740 0061009059
263663,0156027321 0312195516 0142001740 0060930535 0671027360 0385492081 0553375407 0452282152 0449005615 006101351X
263691,0380789019 0441003257 0451169530 0451160525 0553580221 0345361792 0060987529 0451156609 0061020710 0060987103
263733,3442541751 3492045170 3423202327 325722575X 3423202947 3426029553 3257229534 3150000017 3442092981 3257229364
263740,0156027321 0316666343 0552998486 0099771519 0330332775 0552998001 0439136350 0552137030 002542730X 0590353403
263793,0439064872 059035342X 043935806X 0439139600 0439139597 0439136350 0439064864 0590353403 0064407667 0345339703
263805,0060502258 0312291639 0440206154 0060987103 0156007754 0684874350 0452280621 0446394521 0452269571 014023313X
263842,0446610038 0312195516 0553572997 0804106304 0451166892 0553562614 0553268880 0380018179 0671021001 059035342X
263852,0345370775 059035342X 0312195516 0440214041 044021145X 0345380371 0440211727 0440213525 0440211263 034540288X
263872,0452282152 0312195516 0375726403 0385722206 0316666343 0142001430 038572179X 0060959037 0385720955 0156027321
263877,0446610038 0316601950 0446364193 0375707972 0446607657 0446611212 0446604801 0060938455 0380718340 0446606189
264027,0446672211 014029628X 0375727345 0064400581 0553279912 0446310786 0345342968 0449212602 0380778556 0380002930
264031,051513287X 0375727345 0515131229 0385265700 0553582755 0312422156 0312291639 0440223202 0671510053 0446611867
264082,0515128546 0515128554 051513287X 0515132020 0316284955 0440226430 0425154092 0515126772 0440220602 0316666343
264085,0142001740 0312305060 0312195516 0439136350 0345350499 0590353403 0345417623 0451456521 0345339711 0345339681
264107,0446310786 0316769487 0451163966 0060392452 0440180295 0451524934 0451526341 0671021001 0140185216 0446604666
264110,0140293248 006101351X 014028009X 0060502258 880781210X 8845215989 8806166484 0385335482 8806143042 8876842527
264149,8408043641 8445071416 8433969978 0312924585 8478884955 8420616893 8477204055 8478886451 0684859335 0156013924
264152,0380789019 0375725784 0345413350 0345370775 0316769487 067976402X 0393317552 0812550706 0312421273 0060392452
264191,2253063339 2253150711 2253044903 2070360024 2253057843 2290311782 2205054252 2070408507 2253005274 2253152846
264248,0345351525 034538475X 0345384466 0345313860 0345370775 0345397819 0345409671 044651652X 0060928336 034540288X
264284,0316666343 0671021001 0446606812 0316096199 0312291639 044023722X 0446610399 0140293248 0679746048 0060928336
264300,0316666343 0060928336 0452282152 0060976845 0446672211 0345443284 0375727345 0316569321 0446608955 067976402X
264311,0385504209 0312278586 0671027360 0140293248 014028009X 0060934417 038572179X 0385336179 044023722X 0446608955
264317,0312305060 0142001740 0316666343 0385722206 0385335482 0684801523 002542730X 0060958022 0140298479 0375725849
264321,0684872153 0440439884 0060938455 068484477X 059035342X 067976402X 0345368932 0446606324 0670892963 0679781587
264329,0375725784 0380789019 0440206154 0345413350 0449912558 002542730X 0380789035 0393317552 0380977788 0385512104
264339,014028009X 0316666343 0140293248 044023722X 0679781587 0316284955 0679723161 0312422156 0440225701 8408043641
264349,0312971346 0671001795 0440236673 0312966970 0440234743 0312980140 0440224764 0312983867 0312976275 0440211727
264355,0385484518 0060959037 0385486804 0684872153 0439064872 0451183665 0060392452 0440220653 0786868716 0446608955
264397,043935806X 0345370775 0439064864 0446608955 0316769487 0590353403 0439136350 0439139597 0446605239 0441005764
264411,0385486804 0156027321 0449003787 044023722X 0425179885 0440414806 0440234743 034541389X 0449221504 0446602620
264416,0151008116 0671510053 0345443284 0670880728 0142001740 0316788228 0312199430 0142000205 0679781587 0060502258
264421,0380789035 0385335482 0312974256 0743418174 0060928336 0440226430 0385336179 0451203895 0385335881 0439064872
264462,0441569595 0380789035 0446670251 0552124753 0345391802 0380977788 0312195516 0345313860 0380813815 0552131067
264463,0345342968 0316769487 0684801523 0060929871 0425152251 0140042598 0345391802 0553208845 0679745203 0679746048
264464,0345370775 0345380371 0345378490 034540288X 0345417623 0345378482 044022165X 0440211727 0345402871 044023722X
264514,0385492081 0375726403 0446610038 0679429220 0440235596 044023722X 0380012863 0439139600 0767900383 0385265700
264525,044651652X 0786881852 0385484518 051513287X 0439136350 0671027344 0452264464 0028604199 0312278586 002542730X
264543,0316666343 0446672211 0446310786 0671003755 0060930535 0385484518 0316284955 0375727345 0375707972 0140244824
264546,0312195516 0452282152 0553273914 0091867770 0671510053 0671003755 014029628X 039592720X 0060915544 0552996181
264555,0345342968 0449005615 0345361792 0316666343 0060502258 002542730X 0375504613 0385721420 0679723161 0060921145
264600,0451156609 0451167317 0440220602 044021145X 0451172817 0451160525 0451177096 067102423X 0671041789 0451142934
264611,0140293248 0312278586 880781210X 0553582747 8806143042 014028009X 006101351X 8806166484 067102423X 8845215989
264627,0312278586 0446672211 0312195516 0142000205 0452282152 044023722X 0316601950 0671003755 0671021001 0385265700
264628,0842329129 0842329277 0439064872 0842332251 084232920X 0842329285 0842329161 084233226X 0440222656 0310205719
264634,0425183971 0446610038 0312983867 0312966970 0425182908 0312980140 0515135739 0380731851 0425148297 0446667900
264637,0345353145 051513225X 0345380371 0373218036 0515126772 0515127833 0312924585 0373218400 0373484836 0515133418
264655,0679781587 014028009X 0060987529 0060987103 0061097314 0671510053 0446670251 0060199652 0425152251 067976402X
264657,0385504209 0312195516 0452282152 0060915544 0142001430 0345417623 0061097101 0142001805 0684801523 0679723161
264688,0439139597 043935806X 059035342X 0590353403 0439064864 0439136350 0446608955 0439136369 0440220653 0440404193
264763,0446605239 0375707972 0375706771 0440226430 0316601950 0385505833 0440222656 0375727345 044023722X 0440226104
264780,0312195516 0316776963 0385486804 0671003755 0380789035 0345387651 0449212602 0060930535 0515128554 0070212570
264828,2253150711 2253044903 2070360024 2266023039 2290311782 2253057843 2205054252 2070408507 2253005274 2277260029
264838,0440235596 0312278586 880781210X 0142000205 0440226430 0140293248 014028009X 0451203771 8806166484 0446611085
264862,0449219364 0449219461 042516098X 0449223612 0449221482 0449221512 0553280368 0553284789 0515090506 0449221504
264863,0786881852 0375756981 0439064864 0439136350 0439139597 0156528207 0312274920 0679429220 043935806X 0671708635
264892,043935806X 059035342X 0439136350 0439139597 0439064864 0441005764 0345370775 0679781587 0590353403 0446608955
264897,0060928336 0679746048 0671021001 0316284955 0440226430 0375706771 0060976845 0452269571 0385335881 0385335482
264903,3442541751 3150000017 3423202327 325722575X 3423201509 3426029553 0140620222 3257229534 3492045170 3442092981
264947,0553279912 0449221482 0449219364 0449003795 0449221512 0425163407 0449003787 0515131229 0553279556 0449219461
264951,8408043641 8432206407 8445071416 8478884955 0440224675 8420616893 8477204055 0375726403 8420441708 0684859335
264985,0316769487 0553296981 0553274295 0671003755 0684801523 0451526341 0345342968 0451163966 0345339703 0060929871
264996,0679781587 0446672211 044023722X 0446606812 0440241073 0316569321 0385265700 0140244824 0060391626 0316096199
264997,0064407667 0345370775 0440414806 0440234743 044022165X 0440940001 039480001X 044048474X 0345339681 0553296981
265014,0451172817 0451160525 0345370775 0399501487 0451169530 0451167317 0451156609 0451184963 0451180232 0441003257
265031,0446605239 0515136379 0345438329 0515136530 0446606812 0446531332 0743437640 0373218397 0446613436 0440241073
265075,0345413350 0060175966 0062502182 0374199698 0385512104 0786868716 0385484518 014028009X 0553277472 0679735909
265083,0316666343 0385504209 0375726403 0312195516 0142001740 0316776963 0312291639 0312278586 0140293248 0060928336
265115,0061009059 0385336179 0385335482 0140293248 0743418174 0373250126 0609804138 0380780879 0440223202 0451207246
265194,0380789035 0385492081 0061015725 0440241537 0061020710 0061092177 0553260111 0671027360 0312291639 0446604666
265201,0316666343 0446364193 0345417623 0156027321 0679781587 0316096199 0312278586 0446605484 0373765037 0446610038
265202,0446672211 0385505833 0316601950 0380730138 0375706771 0671003755 0375700757 0375707972 0316782505 0452282829
265205,0312966970 0312971346 0312980140 0312976275 0312966091 0316601950 0312983867 0312265867 0385504209 0312990456
265219,8408043641 8432206407 8445071416 8433969978 0151008116 8478884955 0156027321 8477204055 8420616893 0060929871
265221,0451524934 0316769487 0440180295 0451163966 0451526341 0553280414 0345342968 0679723161 0060929871 0553277472
265257,0156027321 0786868716 0316776963 0385504209 0385722206 0449911519 0670030643 039592720X 0671250671 0425092917
265276,0440224764 044022165X 0440221471 0440225701 0440236673 0425163407 0440241537 0440220602 044021145X 0380718340
265300,0375726403 0156027321 0385722206 0316776963 0452282152 0142001430 0312195516 0060987103 0142001740 0060987529
265313,043935806X 0380789035 0425083837 0452279178 0671027387 0425120279 042510107X 0345353145 0425122123 0439139597
265383,0385484518 0439136350 0439064864 0446516538 0439139597 0439064872 0590353403 0385492081 0446605239 044651862X
265403,0060930535 0679781587 0451184963 0345439104 0385504209 0375726403 067976402X 0425180638 0441005489 0375707972
265447,068484477X 067976402X 0060938455 0670892963 0142001740 0804106304 0679781587 0671250671 0316777730 0670805149
265487,0385504209 0671027360 0312305060 0156027321 0385337116 0380731851 0671027387 0312282990 0375725784 0142001805
265498,0345339738 0345339711 0345339681 0385504209 059035342X 0439064872 0439136369 0439139600 043935806X 0439139597
265504,0385504209 0316666343 0385497466 0345339703 0142001740 0345339738 0385490992 0385511612 0345417623 0385505833
265533,0385504209 0440226430 0679746048 0439064872 0060928336 0452269571 0439136369 0743418174 0140293248 0316284955
265546,0345361792 0451184963 0451160525 0451156609 0451176464 0671021001 0451177096 0451142934 006101351X 0451526341
265553,0440180295 0060929871 0684801523 0451524934 0140042598 067976402X 0316777730 0316769487 014028009X 0060916508
265591,0312195516 0380018179 0449212602 0553213180 0380778556 0553213156 038542017X 0553269224 0553269216 0553213172
265595,0099771519 0451526341 0440211727 0316666343 000649840X 0316096199 0156528207 0440234743 0399501487 0140143505
265607,0156027321 0385504209 0345353145 0345342968 0345417623 0385484518 0385492081 0345378482 0385486804 0425083837
265620,0385504209 0440241537 0671027360 0061015725 0385510438 0671027387 0345417623 044023722X 0385508042 0312995423
265626,0804106304 0345353145 034529873X 0345368991 059035342X 068484477X 0066214122 0553560735 0345362861 0345339495
265656,0345353145 0380731851 0425154092 0440234743 0440225701 0440224764 0440226430 044022165X 0385505833 042518286X
265676,0345337662 0446672211 0345384466 0385484518 0345313860 0060928336 0440211727 0440226430 051511992X 0671003755
265692,0385504209 0156027321 0312966970 0061009059 0312971346 0312966091 0312976275 0312980140 0451161351 0312265867
265751,0316666343 0804106304 067976402X 0446672211 0679429220 0060928336 0671510053 0684848783 0385265700 0449907481
265784,0425163407 0440226430 0425147622 0440211727 0380718340 0425180638 0425169863 0316284955 0440224764 044651652X
265793,0553213172 0312278586 0553213180 038542017X 0553213164 0316096199 0553213148 0140620222 055321313X 0553213156
265827,0316666343 0446610399 0385484518 044023722X 0446605239 0345339681 0345387651 0446611867 0345378482 0446310786
265889,0312980159 0385335482 0505525526 031298328X 0446610550 0060502258 0312971125 0553578308 0440212561 0671027573
265904,0671021001 0385504209 0385720106 0375706771 067102423X 0345350499 067088300X 0446310786 0684801523 0060929871
265908,006101351X 0440940001 0375705856 0061097853 0451172817 039480001X 0394800133 0553279912 0394800206 034540288X
265918,0440217563 044022425X 0671027360 0452282152 0060987103 0385504209 0553572997 0452283205 0375725784 0446364193
265925,0316666343 0312195516 0156027321 0385486804 0553296981 0553279378 0451163966 0446519138 0060938455 0671003755
265932,0452282152 0142001740 0385504209 0375726403 0385486804 0380789035 0316666343 0385722206 0062502182 0385492081
265940,0312278586 0312195516 0316096199 0316284955 0446672211 0679781587 0316769487 0060928336 0446310786 0385504209
265972,0345337662 0553580221 0553580191 0345378490 0345386108 0425175405 0425128164 0316666343 0425121259 0553582755
266007,8408043641 8432206407 8433969978 8445071416 8478884955 0312924585 8477204055 8420616893 8420441708 8478886451
266054,0440236673 0440241073 0440221471 0425180964 0385504209 0440234743 0440241537 0061015725 0312995423 044023722X
266056,0515131229 0446610399 0446611867 0446608955 051513287X 0451203771 0446606812 0515132020 0060987103 0515130389
266109,0446607657 0446604801 0446605484 0446611212 0446612545 0446612790 067976402X 0446608815 0425175405 0671004530
266126,0439064864 0439139597 043935806X 0590353403 0439064872 059035342X 0439139600 0446310786 0439136369 0316769487
266146,0385335482 0385504209 044023722X 0671021001 0743418174 0446670251 0060502258 0312291639 0684872153 0385336179
266164,0425175405 0380718340 0425147622 0425154092 0446610038 0425163407 0446608815 0380718332 0425182878 0449221490
266226,0451526341 0060976845 0345339703 0451167716 0345387651 0446606812 0345339738 0441003257 0446310786 0553268880
266229,0446672211 0345337662 0060928336 0312195516 0590353403 0345313860 0345339681 0316666343 034538475X 0446310786
266268,0446364193 0446607657 0446610038 0446601241 0425163407 0446604801 0446606189 0316693006 0425175405 0380718340
266283,067976402X 0345443284 0446605239 0671003755 0446679593 0142000205 0060928336 0380789035 0316899984 0385265700
266295,0380789035 0380789019 0380813815 0060392452 0060987103 0440236703 0440226430 0452282152 038548951X 0552137030
266299,0312195516 0385722206 0316666343 014029628X 0316601950 0345417623 0060976845 0060928336 0312305060 0446670251
266312,0440224675 0452269571 0440180295 0679746048 0345337662 0140042598 0345378490 0671510053 0684874350 0380730138
266328,0345370775 059035342X 0671041789 0345342968 0385492081 034540288X 0380789019 0440224675 014025448X 0446607657
266331,044023722X 0440220602 0440221471 0440211727 0440224764 0671021001 044021145X 0743418174 0312291639 014028009X
266355,0441569595 0375725784 0441003257 0156027321 0380789019 0441790348 0060938455 0451524934 0345391802 0440180295
266371,0099771519 0553280341 0743225082 0671028375 0330367358 0440226430 0749397543 000649840X 0330332775 0091867770
266419,0316666343 0446672211 0446605239 0440213525 0060928336 0446608955 0385504209 0446610399 0804106304 0684872153
266457,0385720106 0060938455 0060928336 0684872153 0385492081 0385722206 0060976845 067088300X 0671021001 0142000205
266466,0345387651 0312995423 0440224675 0345361792 042510107X 0425170349 0425143325 0385508417 0452264464 0141000198
266478,0440206154 006101351X 0375725784 0345361792 0441569595 0316777730 0060976845 0679781587 0312282990 0385474016
266510,0440498058 0440487617 0446310786 0446679593 0140386645 0439136350 0345335465 0380977788 0440401585 0553274295
266515,0553572997 0385492081 0060916508 0451166892 0312995423 0671027360 038533334X 0061098795 0345438329 0425158632
266522,0446672211 0440234743 067976402X 0553582747 0312195516 0440241073 0836218256 0836220889 0140293248 0060938455
266566,0060928336 0671021001 0452282152 0060959037 0375727345 0380730138 0312291639 031242227X 0316899984 0446610399
266579,0671027360 0345413903 0385504209 0446611212 034541389X 0446612545 0440241537 0446612790 0380789019 0440236053
266580,0091867770 0156027321 0099771519 0316096199 0749395990 0099245027 0743418174 0345424719 0749391308 0552143774
266641,0380814021 0064472795 014131088X 0385335881 0440414806 0064472272 0440220653 0385335482 0385730586 0312278586
266642,0060930535 0312195516 0060934417 0060959037 0375700757 0060977493 0142001740 0060915544 0385722206 0140119906
266650,0316666343 059035342X 043935806X 0385504209 0439139600 0439136369 0439139597 0446531332 0385510438 0671027360
266678,0446611212 0440241073 0345413903 0440234743 0066214122 0156027321 0385504209 0671027360 0553582747 0446667900
266697,0142001740 0452282152 0385504209 0060928336 0312195516 0316601950 0316776963 0671027360 0060930535 0312305060
266719,2253063339 2253150711 2253044903 2266023039 2290311782 2070360024 2253057843 2253005274 2070408507 2205054252
266729,3442541751 3150000017 3423202327 3492045170 3423201509 3423202947 3426029553 325722575X 3257229534 3442092981
266750,0440236673 042510107X 0425116840 0425180964 0425109720 0425150143 0440241073 0553260111 0345402871 0345380371
266753,0671027360 0345313860 0140293248 0142001740 0060392452 0446672211 0515134384 0441003745 0345423402 0441000916
266764,0142001740 0385722206 0060934417 067976402X 0312305060 0312195516 0060959037 0142001430 0451166892 0671510053
266775,0451524934 0316769487 0399501487 0060929871 0345370775 0446310786 0439064864 0312924585 0439136350 0439139600
266796,0446605239 0446608955 0446611867 0446610399 0446606812 0312291639 0385484518 0786868716 0446612545 0515130389
266807,0312966970 0671001795 0312971346 0312980140 0312976275 0312983867 0553280341 044023722X 0312265859 0449221512
266808,0345370775 0156027321 0446532231 0316666343 0786868716 0060392452 0767905385 0345417623 0060938455 0385504209
266819,0345402871 0804106304 0345353145 0345378490 0066214122 0446606812 0446605239 0345370775 0671027387 0312995423
266820,0446605239 0345370775 0345417623 0446606812 0375703063 0345378490 0345380371 0451526341 034540288X 044023722X
266824,3442541751 3150000017 3257229534 3423201509 3423202327 3492045170 325722575X 3423202947 3426029553 3442092981
266840,0316769487 0140042598 0441569595 0060928336 0446670251 0440180295 0679735771 0312924585 0345397819 0385720920
266842,0312983271 051513628X 031298328X 0515136530 0515136379 0312983867 0312980140 0312306326 0312966970 0446611867
266854,0451167317 0451156609 0451172817 0451188462 0451137965 0671024248 0451184963 0451177096 0451153553 0451190548
266858,0448095017 039480001X 0140374248 039480029X 0590414291 0440414806 055321313X 0385486804 0553213148 0679734775
266865,0345337662 0312195516 0345443284 0316769487 0312291639 014028009X 0316780375 0060922532 0385492081 0452282152
266866,0552137030 0552131067 0552128481 0552134619 0552134643 0552134635 0552140287 0552996009 0552134651 0590112899
266867,0385335482 0553271636 0142001430 0330332775 0312274920 0312278586 0385335881 0156027321 0413537900 0099771519
266872,0439064872 0312195516 059035342X 0446672211 0439139600 0452282152 0316776963 0060928336 0316666343 043935806X
266881,0440224675 0312924585 0345370775 0345313860 0345337662 0345384466 0345351525 0316769487 034538475X 0345378490
266940,0316769487 0440180295 0060938455 0380789019 014131088X 0553375407 0385729332 006099486X 0064400557 0316779423
266946,0425109720 0425143325 042510107X 0425116840 0440234743 0671027360 0385504209 0425185710 0425147584 0425170349
267020,044023722X 0060392452 0385474016 0440213525 006101351X 0440224764 0553096060 0440221471 0060928336 0446605239
267033,0452282152 0060976845 0316284955 0060928336 0385474016 0375703055 059035342X 0446608955 044021145X 0070212570
267061,0425143325 0425116840 0425180964 0425122123 0425147584 0345380371 0425170349 0345417623 0553250426 034540288X
267103,044023722X 0452283205 006099486X 0380012863 0060987103 038082101X 0440211727 044021145X 0345424719 0345361792
267120,0330332775 0099771519 0552996009 000649840X 0590660543 0552124753 0156027321 0552137030 0552999458 0330367358
267162,0439136350 0439064864 0439139597 0679879250 0590353403 0060930535 059035342X 0060391626 0385482388 0679879269
267180,0385504209 0385508042 0316969680 0316693006 0385510438 0312966970 0312983271 0312971346 0312265867 0312265859
267184,0312924585 0316769487 0345370775 0440180295 0345380371 0441172717 0060392452 0451526341 0345417623 0441569595
267249,0060976845 0345361792 0140298479 0385484518 0671041789 0375706771 0060928336 0385505833 0440211727 0743412028
267256,0385504209 0312966970 0312980140 0312971346 0312306326 0316969680 0312980159 0312265859 0312265840 0399149155
267259,0425192725 068484267X 0425175405 0449219461 0312980140 0425180638 0446608815 0553280341 0552124753 0446609404
267282,0836204387 0836218256 0836218620 0836218353 0836218221 0836217691 0836218787 0671021001 0836218833 0836213122
267297,0679429220 0684874350 0440226430 0345361792 0060928336 0060930535 044651862X 0060987561 0679781587 0060199652
267326,0425175405 044022165X 0440234743 0440211727 0446601241 0440221471 0440241073 0380717018 0446606324 0446607657
267328,0446606812 0446611867 0140293248 0446610399 0345378490 0385504209 0385474016 0345353145 0446608955 0345370775
267334,0440213525 0440241073 0385265700 0671021001 0316569321 0312278586 0425147622 0440226430 0140244824 0345417623
267354,0345313860 0345337662 0345351525 034538475X 0553260111 0140293248 0385335482 0553250531 038550926X 0312422156
267356,0440221471 044021145X 0440211727 0440214041 0440234743 0425175405 044022165X 0425154092 0425163407 0440220602
267372,8408043641 8445071416 8432206407 8433969978 0140298479 8477204055 8478884955 0440224675 8420616893 0440108268
267418,0316666343 0312195516 0971880107 059035342X 3150000017 3492045170 0553375407 3423202327 0345337662 3423202947
267442,0385504209 0451524934 0060929871 0316776963 0375725784 038549081X 0440180295 0060938455 014028009X 0316777730
267444,0671027360 0385504209 0399150897 0385510438 0312265867 0385508042 0066214122 0316603570 0679446486 0312265859
267453,0156027321 0142001430 0385486804 0786868716 0553572997 0452282152 0385722206 055321313X 014029628X 0449911519
267500,0345452569 006016848X 0449005615 0380002930 0440235596 0440414806 0061020710 0441003257 0064407675 0380789019
267510,0060928336 0312195516 0316284955 0385335482 0446672211 0446605239 014028009X 0385335881 0446608955 0312278586
267511,0552137030 0552124753 0330267388 0552131067 0552131075 0552128481 0552145424 0552131059 0552134619 0330367358
267529,0446611212 0440234743 0446607657 0446605484 0446609404 0553582747 0425179885 0446612545 0440241073 0446611778
267538,0440211727 0345361792 0060959037 0440224764 0316782505 0440213525 0440234743 0446672211 0312195516 0671027360
267540,0312966970 0312966091 0312980140 0312983271 0312976275 0061009059 0312983867 0671001795 0312990456 0446610038
267596,0670835382 0452279178 0609610597 0375504397 0670839531 0743211383 0452262143 0670868361 0670855030 0670858692
267621,0440226430 0440211263 0440222656 059035342X 0440235596 0446608955 0439139600 0439136369 043935806X 0440223202
267635,0345402871 0446359866 0345380371 0446610038 0446604844 0446608890 0440220602 0425182908 0446603589 0440221471
267642,0440224764 0446601241 0425154092 0380718340 0425147622 0425163407 0425180638 0446607657 0425158616 0380718332
267644,0399150897 0553578693 0385510438 0316602906 0399149155 0446610038 0553578022 0312265867 0316693200 0312990456
267645,0446310786 0316769487 0684801523 0451524934 0399501487 0380002930 0451163966 0440180295 0451526341 0553280414
267648,0743418174 0440226430 0380718340 0425169863 0375707972 044022165X 0425147622 0425175405 0671693816 0446606189
267680,0446603589 0440236673 044023722X 0440211727 0440241073 0316601950 0446611212 0425180964 0425150143 0345402871
267732,0380789035 0345342968 0312983271 0345361792 0312980140 0312980159 043935806X 0345337662 0525947647 0345413350
267778,0345370775 0345337662 0345353145 034540288X 044021145X 0440214041 0345378490 0345402871 044022165X 0345417623
267789,0060987103 0316666343 0060938455 031242227X 0060987529 0804106304 0679781587 0679429220 068484477X 0316776963
267802,080410753X 0671027360 006016848X 0345387651 0316769487 0316666343 0385335482 0684872153 0060502258 0446606812
267811,0440206154 0451169530 0684872153 0671027360 0385511612 0345339681 0385337116 0399148027 0312979096 0345387651
267830,0439136350 0439064864 0439139597 0142004235 0345342968 0446606812 0451526341 0440219078 0440180295 0553272535
267878,0345370775 0345380371 0440214041 034540288X 0425109720 0451524934 0425116840 0399144463 042510107X 0425180964
267895,0345361792 0441172717 0385484518 0440211727 0452282152 014025448X 0380002930 044021145X 0345342968 0140067477
267897,0380731851 0375700757 0440222656 0060921145 0440224624 0312291639 0312195516 0312924585 0671042262 0345413873
267898,0345384466 0345337662 0345313860 0345351525 034538475X 0345404319 0345422384 0345350499 044651652X 0345409671
267984,044023722X 0440220602 0446364193 0440234743 0440221471 0446610038 0440211727 0440224764 0440241073 0440213525
268013,0440219078 0142004235 031242227X 0553272535 0394820371 0399150838 0440180295 0345380371 0060256737 0743237188
268022,0786881852 0440226430 0842329129 0060938455 0875421180 0140067477 0449212602 0062502182 0671027344 0842329218
268025,0312195516 0060959037 0316601950 0060930535 067976402X 0316284955 0060976845 0345439104 0385720106 0316666343
268030,0684874350 0671027360 039592720X 0380977788 0060938455 0451163966 0140119906 0060977493 0156007754 0060929790
268032,0060502258 044021145X 0345370775 0316769487 0345417623 0440220602 0553271636 0345380371 0446310786 0440224675
268035,0312983271 0553560247 0449003787 0312980140 0449223612 0399147195 0449219461 0425178951 0380798565 0061092614
268056,0316666343 0099771519 0330332775 0552998486 0091867770 0552996009 0330367358 0440206154 0440224675 0552998001
268074,0440222656 0440235596 0671021001 0451203771 0446605239 059035342X 0446608955 0439064872 0060928336 0451209907
268110,0312278586 0679746048 0060934417 0375727345 0142001430 0312195516 0312422156 0375725784 0156007479 0345370805
268134,0312195516 0345337662 0449212602 0142001740 0385504209 0679781587 0345384466 0553250426 0553250531 044651652X
268156,044023722X 0446610038 0440241537 0061015725 0446612790 0312995423 0425192725 0449003795 0553578693 0446612545
268171,0441790348 0553572997 0671004530 0345313860 014025448X 0385336179 0399501487 0380789035 0345465083 0441569595
268191,0684874350 0553572997 0385722206 0312195516 0345370775 0385474016 0060175400 0385720106 044021145X 0385498802
268239,0312291639 0515131229 051513287X 0515132020 0515130389 0446611867 0515126772 0515128554 0515128546 0515136530
268262,0439136369 0439064872 0439139600 0060987103 0439064864 0439136350 0380977788 0439139597 0679429220 043935806X
268282,0440212561 051513628X 051513287X 0515131229 0515136530 0440215625 0060502258 0446610038 0312983271 0515132020
268292,0316769487 0553268880 0449212602 044021145X 0312195516 0060502258 034536676X 0425158616 0440212561 0553275976
268300,0449212602 0399501487 0345361792 0345396936 0684872153 0679781587 0553580221 0380789035 0345334531 0451184963
268315,0345417623 0316601950 0385484518 0440211727 0553582747 0440225701 0060502258 044023722X 051513287X 0345402871
268328,034541389X 0440414806 0385512104 044022103X 0609804138 0380754843 0440220653 0440998050 0671042858 0425109720
268330,0375727345 0316096199 0440226430 0061097101 0446605239 0446364193 0140298479 0316601950 0446611867 0375400117
268343,0316666343 0446672211 044023722X 0553582755 0316284955 0385504209 0553582747 0446531332 0671004530 0671003755
268419,0345370775 0345417623 0312195516 034540288X 0345342968 0425147584 0345303067 0425080021 014025448X 0345380371
268434,0440226430 0316666343 0385335482 014028009X 0440235596 0385335881 0316096199 0312278586 0671021001 0743418204
268450,3442541751 0156027321 0142001740 3150000017 0385504209 325722575X 3492045170 3423201509 3423202327 3257229534
268492,0345370775 034540288X 0345378490 0345417623 0345391055 0061015725 051513287X 0446610399 0446610038 0345378482
268540,0446531332 0316693006 0385510438 0385508042 0446605239 0316666343 0316603287 0385511612 0446611085 0316969680
268544,0060976845 0375700757 0060930535 044023722X 0142001740 0679781587 0312195516 0679429220 0440241073 0316601950
268584,0312195516 0446672211 0671617028 0316666343 0345417623 034538475X 0345337662 0452282152 0060928336 0062502182
268603,0345413350 0345413369 0380789035 0380789019 059035342X 0064407675 0440414806 0064407683 0446310786 0440418321
268613,0552131067 0552128481 0552131059 0552124753 0552131075 0552137030 0552134651 0552134627 0552145424 0552134635
268618,0316569321 014023313X 0060930535 0375707972 0446394521 0345361792 0060964049 0679745203 0452282152 0060914653
268622,0316601950 0312195516 0142001740 0385484518 0060928336 0440236673 0380731851 0316666343 0385505833 0345417623
268639,0515131229 051513287X 0515132020 0345391055 0515135062 0440225701 0515128554 0440221471 0515130389 0345337662
268657,0679781587 0679746048 043935806X 0061097314 0385335482 006101351X 0786868716 0679429220 0316096199 0060930187
268665,0515132020 0515130389 0515136379 0515136530 0515128554 0515121843 0515135062 0515126772 051513287X 0515131229
268691,0385497466 0399145087 0446516538 0316666009 0440226104 0399142851 0385505833 0316569321 0385424736 0385484518
268704,0553250531 0553289411 0553280945 0385720106 0609610597 0345285549 0345370775 014029628X 0440222656 059035342X
268711,3442541751 3150000017 3492045170 3423202327 3423201509 325722575X 3257229534 3423202947 3426029553 3404148665
268734,0670839531 0670868361 0670858692 0385199570 0452279178 067102423X 0670835382 0670855030 0345444884 0525941908
268751,0553574639 0449003787 0553572040 044651652X 0449003795 0345337662 0399149155 038550120X 0553582127 0671011367
268761,0440226430 0440223202 0446611085 0515128554 0671014196 0446605239 0373218036 0451203771 0553583980 0440212561
268774,059035342X 0440206154 0345387651 0385504209 0671027360 0452282152 080410753X 0446606812 0060928336 0684872153
268786,0156027321 0316776963 0375726403 0452282152 0312195516 0345350499 0345417623 0345424719 0060976845 0316601950
268829,044023722X 0452282152 0446605239 0060959037 0060930535 0679781587 0375700757 0060928336 0060392452 0553096060
268833,0156027321 0345417623 0142001740 0385486804 0345348036 0062502182 002542730X 0380977788 006099486X 0345446860
268882,0140293248 0142001740 0060928336 0385335482 0385335881 0385504209 0312278586 0743418174 0316666343 0385336179
268932,0316666343 0156027321 0375706771 0140293248 0345438329 0060915544 0671867172 0553274295 0553296981 0671004549
268939,0316666343 0156027321 0380012863 0316284955 0452264464 0060938455 0312195516 0060392452 0553375407 0316776963
268984,067976402X 0060930535 0679429220 0060977493 0671510053 0060959037 068484477X 031242227X 0375707972 0440226104
268988,039480001X 0440940001 0440414806 0345342968 0553274295 0140374248 0307127923 039480029X 0394800028 0307302636
269009,0385335881 0385335482 0385336179 0312278586 0060096195 0440241413 0743418174 0385729332 0446670251 0380814021
269011,0446610038 0553572997 0312195516 0375725784 0380018179 0380002930 0553268880 0446364193 0449911519 0060934417
269031,0385504209 042510107X 0345380371 0425143325 0425083837 0425147584 0440222656 0440214041 034540288X 044022165X
269060,0316776963 0679781587 0060392452 0312195516 0380789035 0142001740 0060938455 0385486804 067976402X 0380813815
269105,0671510053 0060915544 0446672211 0452282152 068484477X 0380789035 0060392452 0060959037 0440241073 0142000205
269114,044651652X 0786868716 0385503822 0060928336 038550120X 0385508042 0679746048 0070212570 0446310786 0062502182
269140,0316666343 0312966970 0312966091 0312971346 0312195516 0312278586 0316601950 0312976275 0671003755 0312983271
269157,0553280341 0449223612 0449221512 0449221490 0449221504 0553284789 0449221482 0553279556 0553271636 0375727345
269244,0553279912 0449223612 0553271636 0449221512 0449219461 0449221482 0553279556 0380018179 0312195516 0449221504
269250,0425128164 0345337662 0345384369 0425121259 0553582747 0553580191 0425107469 0451180232 0451160525 042513525X
269273,0440221471 0440241537 0440225701 0440234743 0671027360 044023722X 0446612790 0385504209 0440211727 0446611778
269308,0446611611 0425182908 0312982518 0671011367 0671027360 0425180638 0446602620 0380789035 0451204891 0451207521
269309,0452282152 0060915544 0385720106 067976402X 0671510053 0671003755 0804106304 059035342X 0312243022 0679781587
269313,0385504209 0316666343 0452282152 0156027321 0375726403 0142001740 0060934417 0060928336 044023722X 0312305060
269314,044021145X 0061097853 0451166892 0061092606 0061000043 0061092614 0515094978 0345348036 0515127396 055357258X
269321,0312980159 0060513640 0671027581 0380811065 0061032093 0515135739 0380811081 050552354X 0440241057 0515136379
269340,0385504209 0385484518 0156027321 0142001740 0316096199 0553375407 0060938455 0312291639 0679781587 0375726403
269343,0312278586 0140293248 014028009X 0440226430 0440235596 880781210X 8806143042 0316096199 8806166484 006101351X
269344,0446605239 0671027360 0312924585 0316666343 0316769487 0060928336 0060392452 0316569321 043935806X 0316182540
269352,0451524934 0345342968 0446310786 0316769487 0440180295 0684801523 0451163966 0679723161 0451526341 0345391802
269353,0316569321 038550120X 0316666009 0345384466 0316693006 0345351525 0316693251 0316693235 0385503822 0385508042
269378,0452282152 0060929871 0679745203 0060930535 0679723161 0140298479 0060929790 0553280589 0385420161 0385720955
269386,0440211727 0385508042 044021145X 0446672211 044022165X 0385511612 0440220602 0440234743 0440213525 0316693006
269391,0671021001 0316601950 0385504209 0385335482 0060502258 0446603589 0446670251 0679746048 0375706771 0380730138
269397,0553572997 0452282152 0552998001 0330267388 0028604199 0452280621 0345391829 0552137030 002542730X 0552124753
269404,0451526341 0553272535 0399501487 0451524934 0449212602 0440219078 038542017X 0440221595 0440180295 0064400050
269425,3442541751 3492045170 3426029553 3423202327 3423201509 3150000017 325722575X 3423202947 3257229534 3257227809
269438,0452282152 0060959037 0316601950 0060930535 0345439104 0140298479 044023722X 0060915544 0452282829 0385720106
269439,0446605239 0060930535 0345313860 0312195516 0385504209 0142001740 044022165X 0345438329 0380780860 0451203771
269451,0345361792 0375707972 0316601950 0671510053 067976402X 0142000205 0446672211 0345443284 0385265700 0375727345
269510,0316666343 0440226430 0671695169 0671534718 0671695126 0446606189 0671670689 044651652X 0671534734 0671020293
269557,0064472795 0440220653 0440414806 0064405176 0671027344 0380814021 0064405842 0609807900 0064406970 0440998050
269566,0399501487 0440211727 0553272535 0786881852 0446310786 068484477X 068483376X 0060987561 0553573136 044022103X
269578,0345370775 0440220653 0064400557 0440498058 0440219078 055321313X 0553213148 034540288X 0440998050 0394820371
269625,0380731851 0446611212 0446607711 0446601241 0425182908 0440241073 034541389X 0425182878 044023722X 0440236673
269677,0375706771 0375707972 0440226430 0316769487 0671003755 037570504X 0316777730 034536676X 0380710218 0553375407
269688,0060987529 0316096199 0316666343 0525947647 0156027321 0345361792 0671708635 0316777730 0525946233 0316776963
269692,0316666343 0446672211 0060959037 0312195516 0684872153 0385720106 0452282152 0060915544 0060928336 0345443284
269701,0786881852 0553213105 0446608955 002542730X 0028604199 051513287X 0440220653 0064406970 0515135062 0385484518
269702,0316666343 0345443284 0375727345 0316969443 0316969680 0316096199 0385508042 0375726403 0385484518 0312278586
269714,0553562614 0671004107 0441790348 0066214122 0553560735 0449208133 0441569595 0345413350 0553572997 0553560719
269719,044651652X 0312195516 0385484518 0440226430 0345384466 0140293248 0316666343 0446672211 0316601950 0446605239
269728,0060938455 0552996009 0060928336 0099771519 0385335482 0590660543 0590112899 0345337662 0553271636 0449221504
269738,059035342X 0312971125 0385335482 0385336179 0446610542 0060513640 0060085452 0743418174 0439064872 0373218036
269759,0385504209 0312195516 0142001740 0060930535 0452282152 0060976845 0671027360 0140298479 0316666343 0312291639
269777,0060928336 0316284955 044023722X 0679781587 014028009X 0060976845 0060959037 0385474016 0375703055 0440226430
269787,0446672211 0312195516 0553296981 0375707972 0399501487 0446394521 068484267X 0446608955 0070212570 0449003795
269795,0345348036 044651652X 0156528207 0345337662 0671510053 0446606189 0312980140 0553375407 0316769487 0345413350
269799,0446310786 0553572997 0380002930 0440213525 002542730X 0060915544 0440214041 0446605239 0440498058 0385484518
269808,0385504209 0316666343 0316096199 0156027321 0312291639 0452282152 0679781587 0385484518 0316776963 0375726403
269815,0316769487 0062502182 0380789019 0399501487 0425152251 0385484518 0345361792 0060392452 0451524934 044651652X
269835,0060928336 0142001740 0385484518 0671003755 0452282152 0452264464 0316284955 0375725784 0140293248 038079487X
269841,0345417623 0440241073 0060938455 0385504209 0060502258 0446608955 044023722X 0671027360 0440213525 014100018X
269847,0671727796 0804106304 0330332775 0099747200 068483376X 068484267X 0060958022 0679751521 0446606812 0385498802
269852,0425180964 042510107X 0345417623 0425170349 0425143325 0425116840 0425109720 0425147584 0425151875 042515601X
269867,0446532231 0679429220 0060930535 0345443284 0671510053 0786881852 038529929X 0142000205 006016848X 0345438329
269890,0425180638 0312983867 0312966970 0446610038 0425158616 0345350499 0425148297 0446604801 0425169863 0553582127
269916,0099771519 0552137030 000649840X 0552996009 0590660543 0552131067 0590112899 0552998001 0552998486 0552131059
269945,0312995423 0440241073 0440241537 0425182878 0446611778 0061015725 0446611638 0446611212 0345447867 0451208765
269986,0060987103 0345417623 0060987529 0380731851 0312278586 0440206154 0441003257 0446605409 0312924585 0060502258
269988,0345361792 0452282152 0385484518 0385720106 0446672211 0671510053 0380789035 0060959037 0312243022 067976402X
269993,0316666343 0316284955 0553582755 0312195516 0345313860 0345337662 0446611212 0446672211 0671014196 0553582747
270051,067102423X 0553582747 0553580221 0316666343 0060928336 0452282152 0440241073 0446531332 0671004530 0446608955
270069,0451142934 0553580221 0451188462 0451184963 0451163524 0451156609 0345441036 0451180232 0451177096 0671041789
270070,0060928336 0446672211 0316601950 0316666343 0375706771 0060976845 0140244824 0385265700 0375707972 0446310786
270087,0440226430 0671014196 051513287X 0385484518 0515131229 0446672211 0515132187 0446611867 0515128554 0515132020
270091,0440226430 051511992X 0446610038 044651652X 051513287X 0385503822 0316666343 0671014196 0446605239 0446679593
270121,0446605239 0064472272 0440219078 0156027321 0440998050 0316769487 0312278586 0060096195 0385730586 0440213525
270156,0671027360 0156027321 0671027387 0151008116 0316666343 0312282990 0385510438 0061015725 0062502182 043935806X
270195,0345384466 0316666343 0380789019 0345335465 0440215625 0441304834 0345313860 0060987529 0441003257 0441328091
270211,0385504209 0671027387 0061015725 0440241537 0380731851 0345413903 044023722X 0553582747 0446612545 0446611638
270226,0385504209 0316666343 0312305060 0385511612 0142001740 0060934417 0385508042 0679781587 0380731851 0316969680
270234,0385504209 0440211727 0312195516 0440214041 0440220602 044022165X 044021145X 0316284955 0156027321 0446672211
270242,0380731851 0316666343 044023722X 0425182908 0345402871 0446611212 0385492081 0345413903 006101351X 0449005615
270265,0316666343 0060392452 0380731851 0446532231 0345339681 0345386108 0060938455 074343627X 0345353145 0671004107
270279,3442541751 3492045170 3150000017 3423201509 3423202327 3257229534 325722575X 3423202947 3426029553 3257227809
270322,0446310786 0345342968 0060929871 0440180295 0345391802 0451526341 0316769487 0345361792 0679735771 0679745203
270326,0312195516 0439136369 0439139600 0060928336 0316666343 0345342968 0671021001 0679781587 0440211263 044651652X
270339,0142001740 0345443284 0060934417 0385503822 0375727345 0446672211 0385504209 0440241537 067976402X 0452282152
270352,0312291639 0316666343 0671534718 0671525433 0446672211 0440226430 0312195516 0679781587 014028009X 067164257X
270360,0060934417 0553280341 0156027321 0330332775 0316776963 0099771519 0385482388 0452282152 0142001430 0385498802
270401,0743418174 0140293248 0142001740 044021145X 0061009059 0385722206 038550926X 0345353145 0446605239 0553279912
270478,0312278586 0140293248 0440212561 0440215625 880781210X 0385335482 0440217563 0312422156 006101351X 0553582747
270551,0060930535 0142001740 0060934417 0452282152 0345439104 0671003755 0312195516 0060959037 0312305060 0375727345
270552,0515128546 0515128554 0515131229 0060513640 0515126772 051513628X 0060987529 0515132020 0441304834 0440212561
270554,0060930535 0375726403 0142001740 0446672211 0375727345 0142000205 0060959037 0316666343 0679781587 0385265700
270605,0671003755 067976402X 0385498802 0385504209 0060915544 0375726403 0679746048 0312305060 0060916508 038533334X
270625,0345350499 044023722X 0671727796 0375756981 0452260116 044661162X 043935806X 0375725784 0440206154 038549081X
270629,0060915544 0452264464 0060987529 067976402X 0060921145 067976397X 0060987103 0345361792 0440998050 0679781587
270666,0060938455 0345313860 0553250426 014029628X 0515134384 0449003795 0671004107 0441790348 0553262505 0380780860
270692,0440222656 0064400557 0440498058 0446679593 0394820371 0440221471 0440226430 0345339703 0380714752 0064400018
270713,0375700757 0804106304 0060921145 0385722206 0060915544 0385720955 0142001740 0312305060 0060934417 0312243022
270714,0670892963 0452260116 068484477X 0451163966 0316777730 0440226430 038079487X 0380002930 0060392452 0140067477
270715,0446601241 044023722X 0446364193 0446607657 0440222656 0452282829 0440214041 0312291639 0345337662 044021145X
270723,0345337662 0345384466 0345313860 034538475X 0345417623 0440234743 0380789035 0380789019 0156027321 0345351525
270728,0142001740 0440235596 0451203771 0440204194 0156027321 0440207770 0385512104 0440211263 0440122090 0525946829
270737,0385504209 0156027321 0671027360 0385722206 0312305060 039592720X 0375726403 031242227X 0060987103 0142001740
270754,0385504209 0028604199 0316666343 0345325818 0451524934 0345339738 0345339681 0066214122 0399501487 0380789019
270761,0345391802 044651652X 0345391829 0679745203 0140042598 0060915544 0385484518 0140298479 014029628X 0425152251
270776,0385503822 0375727345 0399501487 0140280553 0060502258 044023722X 0679444815 0446610399 0385490992 0449907481
270801,0316666343 0385504209 0060934417 0375726403 0312195516 0375725784 0316776963 0060959037 0060930535 0060987103
270820,0671027360 0446672211 0385504209 044021145X 0440211727 0553250426 0451167317 0451172817 0440214041 0671708635
270828,0060928336 0312195516 0066214122 0345384466 0380813815 0553582127 0449212602 0451188454 0380789019 0345416260
270829,0439064872 059035342X 0439139600 043935806X 0439139597 0451176464 0439064864 0451172817 0451160525 0439136350
270838,002542730X 0553211404 0440234743 0385479565 0385486804 042510107X 0399501487 0060173289 0451524934 0679444815
270863,0452282152 0156027321 0060934417 0375725784 0312195516 0316666343 0385504209 0385722206 0452283205 0060987103
270896,0385504209 0452282152 0142001740 0316666343 0671027360 0316776963 0385486804 0375726403 0312195516 0312291639
270897,0316769487 0451526341 0451524934 0399501487 0312924585 0345342968 0060929871 0345391810 034538475X 0345351525
270906,0446610038 0446611212 0446605484 0446364193 0446612790 0446604801 0446607657 0446606189 0446601241 0425182878
270907,0061097853 0061092606 0061000043 0061092886 0385265700 0446604666 0061092614 0060928336 0061098795 006101351X
270989,0385504209 0671027360 0440241537 0553296981 0446532231 0449005615 0316602906 0399150897 0312305060 0446611638
271000,0452282152 0142001740 0156027321 0375726403 0312195516 0060934417 0345361792 0449005615 0679781587 0060959037
271016,0312195516 0345439104 0452282152 0385504209 0316601950 0375726403 0446672211 0060959037 0060976845 0142001740
271020,0440215625 0440212561 0440217563 0439064872 0439139597 0439136369 0312979983 0060987529 043936213X 0345361792
271066,0380718340 0440226104 038079487X 0380718332 0380717018 044021145X 0451156609 0425154092 0345362861 0553148001
271083,0060987529 0375725784 0684872153 0380789019 0060977493 0142001430 0440206154 0060959037 0060934417 0380789035
271086,0440241073 0440236673 0440234743 0440224764 0345417623 0679781587 0440211727 0440225701 0425180638 0345353145
271135,0060959037 0060915544 0452282829 0671510053 0385512104 0449005615 0385720106 0312305060 0671003755 067976402X
271142,0399501487 0140254544 0446611867 0070212570 0553572997 0671021001 044021145X 0345380371 0440235162 034540288X
271144,0671003755 0312195516 0446672211 0671510053 0452282152 0385720106 0060987103 0452260116 0440498058 0385486804
271156,0156027321 0316666343 0142001740 0312195516 0385504209 0743418174 0316776963 0312305060 044023722X 0060934417
271173,0385335881 0385336179 0312278586 0140293248 0060928336 0679746048 0743418174 0385730586 0671021001 0060096195
271176,0439064872 0345339711 059035342X 0451524934 0345370775 0439136369 0345413369 0441172717 0618002227 0439139600
271195,044651652X 0345313860 0679781587 0671003755 0316096199 0312195516 0345351525 006101351X 0439064872 0671041789
271284,0451167317 0451169530 0451176464 0451180232 0451142934 067102423X 0670855030 0451162072 0670868361 0451137965
271306,043935806X 0380789035 0385504209 0439139597 0345339703 0439064864 059035342X 0439136350 0345339681 0671027387
271354,0786868716 0385484518 0439064872 0399144463 0140067477 0439139600 0439136369 059035342X 0439136350 0553375407
271364,0312278586 0060976845 0446310786 0060921145 0316776963 0553279378 0385335482 0446672211 0345348036 0060987103
271374,043935806X 0385504209 0151008116 044022165X 031242227X 0671027360 0316666343 0439064872 0525947647 0316769487
271375,0316666343 0345339738 0345339703 002542730X 0345339711 0743418174 0060928336 0385484518 0671021001 0345378490
271398,0312983271 044651652X 0440236703 0446672211 0446605239 0316666343 0440226430 0515131229 0452282152 0440217547
271415,0385504209 002542730X 0156027321 0316666343 0671027360 0451524934 0060929871 0066214122 0679723161 0399144463
271448,0375703055 0312278586 0449907481 0375727345 0061009059 0446608955 0060934417 0060915544 059035342X 067976402X
271460,0446610038 0446607657 0446605484 0446611212 0446613266 0446612545 0446607193 0446608815 0446612790 0425180638
271466,0380789035 0671027360 0441003257 0062502182 0060987103 0345413350 0345313860 0671004107 0060930535 0441569595
271476,0842329129 0842329218 0786868716 0345353145 0842329242 0842329250 0446606812 0440213525 0842332251 0345342968
271491,059035342X 0312195516 0316666343 043935806X 0439064872 0440234743 0439136369 055329802X 0553573403 0439139600
271503,0446672211 0312195516 0452282152 0385720106 0679781587 0385265700 0060915544 0060934417 0316601950 067976402X
271511,0312980140 0312983271 0345413903 0440224675 0446608815 0312966970 0312983867 0425182908 0446611212 0380731851
271516,3442541751 3492045170 3150000017 3423201509 3423202327 3426029553 3257229534 325722575X 3423202947 3257227809
271531,0446364193 0786868716 0440226430 0316096199 0440206154 0385503822 0671024248 0316969680 0446611867 0440226104
271538,0316666343 0316284955 0312195516 0345313860 0316776963 0446672211 0060959037 0380789035 0345384466 0060976845
271542,0060928336 0316601950 0679781587 067976402X 0312195516 0060987561 0375703055 0060930535 0375727345 014028009X
271557,0375707972 0060987103 0684872153 0385265700 0452282195 0060915544 068484477X 0375702709 0971880107 0385720106
271558,0440221471 044021145X 0440236673 044022165X 0440224675 0345353145 0440224764 0440234743 0446364193 0345380371
271583,0385504209 0671027360 0385508042 0385490992 0385424736 0440211727 0385503822 0684874350 0679781587 0385511612
271587,0345370775 034540288X 0345380371 0440206154 0440224675 0312924585 0345353145 0345361792 0345417623 0345378482
271588,042510107X 0425109720 0425180964 0425116840 0425150143 0425170349 0425147584 0451166892 0425143325 0425133540
271615,0440241073 034541389X 0446612790 0345413903 0312983824 0446611212 0671021001 0553582747 0061015725 0440241537
271622,0375725784 0312282990 0393317552 0060987103 0380789035 0316776963 0446391301 0385503954 0062502182 0671510053
271659,0345337662 0345351525 0345313860 0345342968 044651652X 0345422384 034540288X 0515131229 0345391802 0345350499
271674,0316666343 0312195516 0385504209 0385722206 0425152251 0151008116 0142001740 0060977493 0060987103 0345361792
271681,2253063339 2253150711 2253044903 2070360024 2266023039 2290311782 2253057843 2205054252 2070408507 2253005274
271705,0156027321 0316666343 0099771519 0380977788 0345417623 0452282152 0312305060 0140620222 0316769487 0142001740
271792,0385504209 0451524934 0441172717 0671004107 0553277472 0142001430 0553262505 0316777722 0446670251 0671041789
271800,0312291639 0142001740 0060502258 0671003755 0316781266 0375707972 0375702709 0446310786 0345443284 0316666343
271833,0345337662 0345313860 0380789035 0345351525 034538475X 0440224675 0345384466 0446611212 0316666343 0399501487
271836,3442541751 3492045170 3423201509 3426029553 3150000017 3423202327 3257229534 325722575X 3423202947 3257227809
271896,0375706771 0679746048 0385335881 0671003755 0446672211 0061091316 0385336179 038533334X 0385335482 0971880107
271988,8408043641 8433969978 8445071416 8432206407 0312924585 0440224675 8477204055 0684859335 0140298479 8478884955
272002,0060928336 0316601950 0446672211 0316666343 0385265700 0060976845 0375706771 0140244824 0312291639 0671003755
272052,067976402X 0671027387 0671510053 0385474016 0671027360 0385720106 0060987103 0804106304 0060175400 0553275976
272073,0385335482 0312278586 0385335881 0385729340 0385336179 0064472272 014100018X 0446605239 0060502258 0060976845
272077,0446310786 0385722206 0380002930 0060934417 0684874350 0375506039 0060915544 0312278586 0060921145 0312274920
272080,0440234743 0446610038 0446606189 0446601241 044023722X 0446604801 0345353145 0446607657 0380718340 0440213525
272120,0446604666 0446310786 0345391802 0449003787 044021145X 044651652X 0440226430 0553560247 0312995423 0553574663
272155,0385505833 0312924585 0345348036 0451167716 0553377868 0451523377 038550120X 0385490992 0679745203 0156001314
272202,043935806X 0060987103 0316666343 0446532231 0060928336 0440414806 0060938455 0440206154 0312278586 0439139600
272225,0451184963 0345444884 0671027360 0446610038 0452283205 0609804138 0451168615 034541389X 0099771519 0451169522
272233,0316666343 0440241073 0446672211 0446606812 0385505833 0312278586 0671041789 044023722X 0446608955 0062502182
272273,0380002930 0552124753 0553562614 0345342968 0345316509 0345348036 0061020710 0061092177 0440219078 0142004235
272385,0066214122 0345370775 0553582747 044023722X 0671041789 0451160525 067102423X 0345402871 0345353145 0345444884
272395,0316693200 0385503822 0316693251 0316693235 0316693006 0385505833 0316666009 0385497466 0446610038 0446612790
272407,0425154092 0446364193 0425169863 0440226430 0380718332 0440234743 044023722X 0425175405 0425163407 0380718340
272415,0345335082 0345368932 0345369335 0345313860 0345253736 0345339495 0345434692 034529873X 0345314255 0345362861
272423,0312966091 0671001795 0312971346 0312980140 0142001740 0312976275 0316601950 0440211727 0312966970 0060928336
272445,0142001740 0312195516 0385504209 0060938455 0060976845 0345337662 0440222656 0156027321 0060928336 0060987103
272462,0671708635 0060938455 0553213180 0449212602 0312195516 006016848X 0316096199 0345339681 014038572X 0060987529
272482,0345348036 0345387651 0060502258 0375727345 0446679593 0385505833 002542730X 0440234743 0553572997 0446604666
272516,0345337662 0345351525 034538475X 0345384466 0345397819 0345409671 0345404319 0064407667 0451169530 0345422384
272538,0375700757 0375705856 0452282152 0449213943 0312976275 0446606189 0553273914 0316781266 0553578685 0345348036
272573,044021145X 0440213525 0440211727 0446310786 0446364193 0316769487 0440224764 0316284955 0446604801 0312278586
272640,0440414806 0345370775 0440220653 0345413350 0380754843 044048474X 0553296981 0345339681 0061009059 0439136350
272671,0515128554 051513287X 0515131229 0515132020 0515135062 0515128546 0515130389 0373218397 0515121843 051512317X
272705,0671027360 0142001740 0312995423 0385510438 044023722X 0440241073 0385508042 0061015725 043935806X 0312990456
272706,0380789019 0441003257 0345361792 0385492081 0061020710 0446611212 0449006522 0440206154 0671042262 044900371X
272708,0446672211 0375706771 0316666343 0312195516 0671021001 0380730138 0375727345 0385265700 0375707972 0060928336
272715,0552131075 0552131059 0452282152 059035342X 0316601950 0552140295 0552134651 0552134627 0552137030 0312195516
272722,0312195516 0385504209 0452282152 0316666343 0156027321 0316776963 0446672211 0142001740 0385722206 0060938455
272763,0804106304 0553272535 0316666343 0151008116 0786881852 068484477X 0060915544 0316776963 044651862X 0345443284
272786,059035342X 043935806X 0060928336 0316666343 0439139597 0385504209 0452282152 0439136350 0316284955 0671021001
272808,0345387651 0060976845 0441003257 0804106304 0452264464 0316284955 0671003755 0060987561 0140293248 0446605239
272810,0590353403 0439064872 0439139600 0439136369 059035342X 0345339681 0446310786 0842329218 0842329129 0345339711
272838,044023722X 044021145X 0345417623 0380731851 0345353145 0451180232 0345339681 044022165X 0440221471 0440241073
272887,0385504209 0671027360 0142001740 0312195516 0452282152 0156027321 0440241537 0312263120 0142001805 059035342X
272890,0385504209 0671027360 0440241537 0440241073 0446611212 0385492081 034541389X 0425178765 0446667900 0385486804
272897,0394800168 0142001740 044021145X 0394800389 0394800133 0060502258 0394800028 0440940001 0380002930 0440221471
272961,0671027360 0385504209 0671027387 0440241073 0440241537 044023722X 0446611638 0425191184 0066214122 0345417623
272980,0345409469 059035342X 0345350499 0061009059 043935806X 0451454243 0671001795 0671032550 0452283442 0553573403
272988,0440211727 0446612790 0060938455 0553572997 0451173139 0440235596 0553575384 0553580191 0679781587 0060987529
273038,0345413350 0446310786 0440213525 0316666343 0446672211 044021145X 0440214041 0380002930 0671867113 0345413377
273063,0385504209 0312195516 0671027360 0060987103 0060976845 0316569321 0385508042 0060987529 0375726403 0385511612
273071,0446672211 0316601950 0345361792 0671021001 0385492081 0671510053 0375707972 0440226430 0060930535 0385265700
273086,0385504209 0345353145 0345361792 043935806X 044023722X 0312305060 0312195516 059035342X 0553250426 0440222656
273089,043935806X 0439064864 0590353403 059035342X 0439139600 0439136369 0439064872 0345339681 0345339703 0440206154
273110,044021145X 0440214041 0440220602 0440211727 044022165X 0440234743 0446672211 0440221471 044023722X 0440224764
273113,0515133973 0515130389 0373218192 0515102636 051512608X 0515135062 0373484410 0373218958 0515132187 0373484429
273133,0091867770 0552996181 0099771519 000649840X 0749395990 0099245027 0552996009 0552998486 0552143774 0330332775
273140,0446672211 0440226430 0060928336 0316601950 0060976845 044022165X 044021145X 0140293248 014028009X 0446608955
273167,0312195516 0446604844 0345416260 0553280414 0452280621 0380814803 0671744216 0380762595 0380820846 0375700757
273190,0440224764 044022165X 0440214041 0316666343 0679781587 0440211727 0151008116 044021145X 0375700757 0440221471
273197,0385504209 0316693006 0316666343 0316602906 0345417623 0385503822 0312278586 0553582747 0671027360 0385511612
273217,014025448X 0452282152 0440223202 0385508042 0440221471 034540288X 0451203771 044022165X 0440236703 0671004107
273252,0312421273 0385498802 0060987561 0553272535 0375760911 0345392825 0440241537 0316143464 0385492081 0679746048
273307,0446672211 044023722X 0440211727 0316666343 0312195516 0446610038 0671003755 0316601950 0060987561 0312291639
273314,0312971346 0312966091 0141007338 0061009059 0312966970 0312976275 0091867770 0140620109 0312980140 0312983867
273318,0449003787 0553279912 0553280341 0449221482 0449219364 0449221512 0449221490 0553271636 0553284789 0449219461
273336,0451524934 0060938455 0060929871 0451156609 0385720920 0451160525 0451169522 0345313860 0553272535 0393319296
273344,006016848X 0312966970 0312971346 0439064872 043935806X 0061009059 0786881852 0316779423 059035342X 0609804138
273374,042513525X 0553582747 0425107469 0553579754 0345378490 0446611867 0060987529 0345384369 0345384350 0553580191
273376,0590353403 0439136350 0439139597 0316776963 0439064864 0375504397 043935806X 0312282990 0440498058 0679879250
273380,0671510053 0062502182 0553375407 002542730X 0679745203 0684872153 0671021001 0786881852 0385512104 0380012863
273420,0064407667 059035342X 0142001740 0553296981 0385335881 0312305060 0440235596 0553272535 0375700757 0345370775
273439,0312278586 0451166892 0345361792 0345387651 0380977788 0446607657 0425152251 0060977493 0060958022 0099771519
273440,0452282152 0385504209 0440234743 0452282829 0060930535 044022165X 0446364193 0440206154 0440222656 0375727345
273465,0380789019 0380789035 0375725784 0330332775 0345337662 0552137030 0552124753 0812511816 014028009X 0441569595
273507,0385504209 0452282152 0316666343 0671027360 0375726403 0312305060 0142001740 0312195516 0142001430 0446531332
273535,0671027360 0385504209 0312983271 0156027321 0312966970 0312971346 0312265859 0312976275 0312966091 0452282152
273566,0441003257 0091867770 0380713802 0345424719 0440206154 044661193X 0440226430 0312976275 0552996009 0099727412
273587,0060934417 0684874350 0553250531 0446606812 0374199698 0374270325 0553280945 0385512104 0671880187 0449907481
273635,0316666343 0440226430 0385479565 0440213525 0316776963 0312195516 0425147622 0142000205 0060391626 0671894455
273709,0151008116 0060987103 0452260116 0375725784 0312282990 044900483X 0060977493 0671510053 068484477X 0446604666
273718,0142001740 0804106304 0679781587 0743418174 0345337662 0099771519 0316284955 0060502258 0316776963 0385508042
273805,0440235596 0440211263 0553582526 0156027321 0440204194 0345446860 0345443284 0060175400 0142000205 0525946829
273813,0440226430 0375706771 0446672211 0060930535 0452282152 0375727345 0375703063 0671003755 0446611867 044021145X
273849,0099771519 0330332775 0156027321 000649840X 0552996009 0590660543 0552137030 0140071814 0552999458 0552998001
273858,0385504209 0142001740 0060987103 0446605239 0679734775 0380002930 0060502258 0060987529 0679744398 0316284955
273869,0446672211 0142000205 068484477X 0385265700 0060959037 0452264464 0385720106 0671003755 0345439104 0452282152
273905,0446612790 0440241537 0425182878 0345413903 0446607657 0446610038 0440241073 0446612545 0446613266 0446611212
273906,3442541751 3492045170 3423201509 325722575X 3257229534 3423202947 3426029553 3257227809 3442092981 3404148665
273914,0316666343 0399501487 0316769487 0679723161 0446310786 0060929871 0451526341 0679735771 0451524934 0446672211
273932,0684801221 0375707972 0375706771 0684874350 0156027321 0552147680 0091867770 0552996009 0316782505 0553208845
273971,0452282152 0440206154 0312971346 0312966970 0312966091 0060392452 0312976275 0312306326 0142001740 0312291639
273976,0440180295 0446310786 0451526341 0345370775 0316776963 0440206154 0140042598 043935806X 0393312836 0451163966
273978,0312195516 0553578308 0553572040 0553574671 0553574663 0553574639 055357258X 0515134384 055356773X 0553560247
273979,0316666343 0671041789 0316781266 0312291639 0316284955 0446672211 0312195516 0671003755 067102423X 0142000205
273993,0590494457 0590483552 059035342X 0590494465 0590466194 059045367X 0399144463 0590483501 0590483455 0590453653
274004,0671027360 0440206154 0375725784 0385504209 0330332775 034540288X 0099771519 0345404319 0684872153 0380977788
274005,0375725784 0060977493 0060938455 0312282990 0312421273 0060392452 0525947647 0156027321 0156007754 0316777730
274056,0345370775 044021145X 0440211727 034540288X 0440214041 044022165X 0316601950 0440220602 0446672211 0312195516
274061,0609610597 0345441036 0451172817 0671024248 0452279178 0684853515 0345335465 0451137965 0451177096 067081458X
274064,0684872153 0446609404 0440226430 0375707972 0684874350 0671038184 0440202043 0515132020 0385722206 0515131229
274111,0316284955 0671004107 0451191145 038550120X 0679720200 044651652X 0142000205 0553275976 0375706771 0553573136
274117,0140293248 0312278586 0060502258 006101351X 880781210X 014028009X 0385335482 0440212561 0440215625 8806143042
274120,0385722206 0684874350 0142001430 0385504209 0385497466 0375725784 0156027321 0385498802 0385335482 0971880107
274135,0316666343 0060976845 0804106304 0375706771 0385484518 059035342X 0345361792 0743418174 0446610399 0316601950
274144,0316666343 0441172717 0345323440 0345370775 0553560735 0140067477 0842329129 0345417623 0312924585 0553562614
274175,2253063339 2253150711 2253044903 2266023039 2070360024 2290311782 2253057843 2205054252 2253005274 2070408507
274199,0316666343 0060928336 0345378482 0345353145 0553578316 0380789035 0385484518 0679781587 0061009059 0679746048
274220,3442541751 3492045170 3423202327 3423201509 3257229534 325722575X 3426029553 3423202947 3257227809 3442092981
274227,0345417623 042510107X 0345337662 0425116840 0425083837 0425180964 0425109720 0425147584 0425170349 0440221471
274277,3442541751 3150000017 3492045170 3423202327 3257229534 3423201509 3426029553 3423202947 3442092981 325722575X
274301,0553566040 0449003795 0449219461 0684872153 0446606812 0449219364 0440236169 0449223604 0553284789 0440211263
274308,0345339681 0671027360 0312966970 0440221471 0380731851 0440224764 0425175405 0446612790 0345339703 0440214041
274325,0385486804 0345402871 0060928336 0679746048 0440206154 0446310786 0375703861 0553578316 0375705856 0553280341
274363,0385504209 0679781587 0142001740 0156027321 0425083837 0425143325 0312195516 0060930535 0385486804 0060934417
274368,0446672211 0375706771 0316601950 0345443284 0060391626 0425167313 0345361792 0452282152 0312243022 0060976845
274380,0312195516 0316666343 0446310786 0385484518 0440219078 0671021001 0439064872 0142001740 0446606812 0060976845
274383,0440234743 0061009059 0451526341 0312966091 0553296981 0440225701 0156027321 0312966970 0312971346 0609804138
274393,0671021001 0060928336 0452282152 0446310786 0316096199 0345342968 0671003755 0385335482 0316776963 0060921145
274418,059035342X 0425154092 0679781587 039592720X 0684195984 0684848783 0316780375 0385484518 0380718340 0385497466
274423,044023722X 059035342X 0440234743 0671741454 0671733893 0385722206 0671742647 0671891510 0671684027 0671708368
274456,0099771519 0380789019 0140124381 0349101779 0671021001 0552996009 0330332775 0375725784 0446532231 0590660543
274466,0312195516 0060976845 0060987103 0316666343 0375700757 0679429220 0316769487 0446670251 0060930535 0316284955
274477,8408043641 0151008116 8433969978 8432206407 8445071416 0451167317 0451188462 8478884955 0156013924 0060929871
274549,0440214041 044022165X 0385424728 0425143325 044651652X 0440220602 0385493800 006101351X 0440226430 0385424736
274605,0060502258 0553578308 0140298479 0451203771 0451166892 0312291639 0140293248 0553574671 0440223202 0440221595
274609,0316569321 0385492081 0373825013 0399146431 0312983824 0062502182 0375703063 0671021001 0380789019 0380805707
274612,0140042598 0440180295 0671021001 0345337662 0385720920 0671755064 0441569595 0446670251 0060928336 034536676X
274618,059035342X 0439136369 043935806X 0439139600 0439136350 0439139597 0439064864 0345339681 0064407683 0590353403
274634,0439064872 0380789019 0671027360 059035342X 0345339681 0345413350 0385492081 0842329129 034540288X 0671027387
274637,0553274295 0446310786 0064407667 0380002930 0316769487 0060502258 0440414806 0439136350 0440998050 0312278586
274644,0440206154 0312924585 034540288X 0440224675 0345353145 0345378490 0399501487 0345378482 0345380371 0345337662
274656,0060976845 0743418174 0140293248 0440226430 0446531332 0141000198 0446672211 014028009X 0142001740 0312983271
274701,043935806X 0452283205 0451166892 0609804138 038549081X 0316601950 0060930535 0451526341 0099771519 0316569321
274719,3442541751 3150000017 3492045170 3423202327 3423201509 3257229534 3423202947 325722575X 3426029553 3257227809
274772,0671042858 0140293248 0312278586 043935806X 0452264464 0060987529 0380002930 0064400557 0345339681 044098761X
274779,0440414806 0440220653 0380814021 0064405842 0345413350 0394820371 0440998050 0440401585 0440487617 0440498058
274803,3442541751 3150000017 3423202327 3257227809 3423201509 3423202947 325722575X 3426029553 3257229534 3404148665
274808,0064400557 0440401585 0060959037 0064405842 0553213148 0440487617 0671003755 0345413350 0060976845 0064472272
274811,8408043641 8433969978 8445071416 8432206407 8478884955 8477204055 8420616893 0312924585 8420441708 8423310353
274812,3150000017 3492045170 3423202327 3423201509 325722575X 3257229534 3423202947 3426029553 3257227809 3442092981
274823,0440211727 0440224764 044021145X 044022165X 0440214041 0440221471 0440241073 044023722X 0440220602 0440225701
274837,0060928336 0316284955 044023722X 0679781587 0671021001 0060959037 0060976845 014028009X 0375703055 0446605239
274856,0552124753 0552131067 0552128481 0552131059 0552137030 0552134627 0552145424 0552140295 0552134643 0552134651
274878,0140293248 0440226430 0425154092 0425163407 0312278586 8806143042 0446611867 0142000205 014028009X 880781210X
274881,0440241073 0312980140 0385504209 0440225701 0316601950 0375706771 044023722X 0312983271 0316666343 0440236673
274925,0316569321 0316666343 0671003755 0385505833 0345443284 0316769487 0375726403 0316096199 0312195516 0375702709
274979,0345380371 0425154092 0425175405 0385486804 0451166892 0440206154 042510107X 0440213525 0345353145 0425169863
274983,0380789019 0316666343 0345337662 0441304834 0345384466 0441003257 0399501487 0345351525 0345313860 0060976845
274988,0446672211 014028009X 0060391626 0312278586 0446673544 0679429220 0061097314 0060987529 0060915544 0141000198
275020,0671003755 0345313860 0345342968 0142001740 0312305060 0385722206 0140298479 0345337662 0060502258 0452269571
275074,0345348036 0425175405 0440498058 0380789035 0345413350 0312990456 0345339738 044021145X 0446310786 0440224764
275075,0345353145 0440206154 0345378490 0440222656 0345380371 0345417623 0345402871 0345378482 0440224675 0312924585
275111,0451166892 0452282152 0385504209 0452283205 0312282990 0316777722 038542017X 0312291639 034536676X 0446604666
275140,0060502258 044651652X 0345348036 0684833395 0451191145 0679745203 0345301110 0345361792 0609804138 0553375407
275154,0452282152 0446608955 0375707972 0316569321 0316601950 0446605239 0316666343 0312195516 059035342X 0156027321
275175,0312195516 0345370775 0316666343 0066214122 0345402871 0449212602 0312924585 0385504209 0553279378 0345378490
275185,0316769487 0786881852 0156528207 0525946233 0140620109 0446606812 0671727796 0553279912 0671510053 0060987103
275195,0345417623 0345380371 034540288X 0385504209 0425143325 0440220602 0345370775 0440211727 042510107X 0425116840
275210,0439064872 043935806X 059035342X 0439139600 0440241537 0440241073 0446605484 0385504209 0440234743 0312195516
275220,0060976845 0142001740 0345378490 0316776963 0440236703 0316666343 0399501487 0345370775 067102423X 0312924585
275228,044651862X 0060391626 0425175405 0805063897 0062502182 0786881852 0553279378 0385722435 0679429220 0060199652
275264,0064400557 0394820371 0380002930 0553211404 0064407055 0380714752 0060934417 0440998050 0060987529 0446310786
275274,0679429220 0553250426 0385504209 0553250531 0385424728 0451166892 0609610597 0684874350 0316666343 0439136350
275276,0156027321 0440222656 002542730X 0062502182 0440235596 0449212602 0671021001 0452282152 0345384466 0345313860
275281,0312924585 0345337662 0345370775 0345313860 0345353145 0345351525 034538475X 0440206154 0451172817 0441790348
275302,0345413350 0066214122 0441790348 0553560735 0671004107 0553562614 0380789019 044022165X 0345333926 0380789035
275305,0440224675 0743418174 0345337662 0440226104 0316693294 0679429220 0060391626 0446601241 0671003755 051511992X
275306,0316769487 0451524934 0345342968 0060929871 0679746048 034540288X 0451526341 0060977493 0345339703 0062502182
275317,0156027321 0380789019 0380789035 0140067477 0142001740 0316776963 0375727345 0316284955 0452282152 0062502182
275318,0345335465 0345384911 034529873X 0345362861 0345368991 0345434692 0345335082 0345253736 0142001740 0345316002
275321,0553572997 042513525X 0553268880 0345313860 0553580221 0441005241 0553575384 0449005836 0425142485 0441304834
275374,0345337662 0446672211 0385484518 0060928336 044021145X 0345384466 0316601950 0440226430 0452282829 0440226104
275383,0385504209 0345413903 0316601950 0142001740 0452283205 0440236703 0060930535 0452282152 0060934417 0446604666
275401,0439139597 0439064872 0439136369 059035342X 0385504209 0446310786 0345339681 0345339703 0446608955 0345339711
275414,0440226430 0440235596 006101351X 038549081X 0425163407 0671021001 0451166892 0385335881 0440180295 0590353403
275439,044022165X 044021145X 0440213525 0440234743 0440236673 0440241073 044023722X 0440241537 0345380371 0446672211
275473,0446532231 0060938455 0743418174 0804106304 0142001740 0316666343 0316776963 0786881852 0684872153 0345417623
275476,0385504209 0316666343 0142001740 0375726403 0452282152 0312305060 0156027321 0312282990 0679781587 0743418174
275481,0385504209 0446672211 0312195516 0451203771 0375707972 0553574671 0142001740 0440211727 0151008116 0515134384
275520,0440214041 044021145X 0345370775 0671021001 0451526341 044022165X 0446672211 0345342968 0399501487 0440220602
275573,3442541751 3150000017 3492045170 3423202327 3423201509 3257229534 325722575X 3423202947 3426029553 3257227809
275610,0446604666 044022165X 0061092606 0446607657 0440241073 0061092886 0440234743 044023722X 0061092614 0061009059
275611,0312966970 0312966091 0312980140 0312971346 0312924585 0061009059 0345370775 0440224675 0312195516 0553578022
275631,0684874350 006101351X 0679429220 0671708635 0425154092 0440226104 0060930535 0425169863 044651862X 0425180638
275638,0452282152 0385504209 0142001740 0743418174 0156027321 0385722206 0060928336 0451166892 0312195516 0679781587
275650,0446610038 0345342968 0679781587 0312924585 0060938455 0060987103 0385492081 0142001740 006016848X 8445071416
275673,034538475X 0345313860 0345370775 034540288X 0345380371 042510107X 0425109720 0425116840 0345384466 0425083837
275677,0060959037 0452282152 0060934417 0142001805 0345361792 0375705856 0060977493 0446670251 0061097314 0142001740
275732,0345370775 0345353145 0441172717 0345417623 0671004107 0345380371 0345378482 0441790348 0553560735 034540288X
275758,067976402X 0060392452 0671027360 0441003257 0345413350 0553562614 0441569595 0441790348 0380789019 0345413369
275761,0380789035 0345413350 0553560735 0345333926 0345413369 0380789019 0441172717 0345413377 0345316509 0345353145
275793,0060987103 0441003257 0679745203 0060915544 0440180295 0684801523 0345417623 0380012863 006099486X 0345353145
275807,0449212602 002542730X 0399143947 0399142851 0385722206 0380789035 0380973650 0142002267 0064471047 0670805149
275825,0446310786 0345342968 0140067477 0060502258 0140177396 0441003257 0440414806 0451526341 0064400018 0345348036
275891,044651652X 0345446860 0451191145 0345348036 0316601950 0064408639 0345301110 006099486X 0156528207 0553578308
275909,0446310786 0375707972 0440226430 0684874350 0330332775 0375756981 0099245027 0140119906 0446364193 0380727501
275922,0060928336 0312291639 0316096199 0446611867 0671003755 0671021001 0385504209 0446605239 0385505833 0062502182
275923,0425107469 0671534718 0671027360 0671670689 0553572997 0425128164 0671534734 0425144429 0060987529 0671693816
275970,0316776963 0385486804 0671250671 0156007754 0345348036 0375706771 0060915544 0345387651 0345339681 0679457526
275994,0440220602 0440234743 0440221471 0440213525 0446610038 0440241073 0440214041 0440224764 0446609404 0446612790
276017,0385504209 0440241073 0786868716 0440234743 0440241537 0385510438 0316769487 0060502258 0671027360 0061015725
276018,3442541751 3492045170 3423202327 3423201509 325722575X 3423202947 3426029553 3257227809 3442092981 3404148665
276038,0316666343 0060928336 0446672211 0553582747 0440224675 0316601950 0671021001 067102423X 0380789035 0671041789
276039,0140293248 014028009X 0385335482 0312278586 0312422156 8806143042 0316096199 880781210X 0060928336 0316666343
276050,0060928336 0312291639 0060976845 0345337662 0316666343 0679746048 0060502258 0142001740 0316769487 014028009X
276071,0440241073 0440213525 0440224764 0440221471 0440214041 0440236673 0440226430 0671021001 044021145X 0440234743
276077,0439136350 0439064864 0439139597 0439139600 0590353403 059035342X 0439064872 0439136369 0440206154 0060392452
276147,0060987103 044023722X 0060915544 0375725784 0312278586 038572179X 0140119906 0679429220 0060959037 0316769487
276165,0446310786 0439139600 0446605239 0312995423 0515135062 059035342X 0439136369 0061015725 0515130389 0553582763
276167,0446310786 0451524934 0345342968 0440180295 0399501487 0060929871 0316666343 0440206154 0375707972 0345370775
276213,0375705856 0425132951 0446359866 0449005615 006101351X 0446606189 0345337662 0425121259 067168390X 0345353145
276231,0440215625 0446364193 0446611085 0316969680 0446601241 0446604801 0446609323 044022425X 044021145X 0425158616
276275,0345378482 0345370775 0345378490 0345322231 0312278586 0399501487 0330332775 0671021001 0451184963 0451524934
276291,0385504209 0345339703 0440236703 0142001430 0345370775 059035342X 0099771519 0684874350 0553250426 0440236738
276307,0316666343 0062502182 0060392452 0091867770 0156027321 0446310786 0385492081 067976402X 0671510053 0452264464
276313,0385504209 044023722X 0440241537 0061015725 0440234743 0440211727 0440225701 0440221471 0440224764 0345339711
276328,0060987103 0312195516 0452282152 0060930535 0060921145 0345361792 0679781587 0060915544 0142001740 0142001805
276369,0345370775 0345378490 044022165X 0345378482 0345380371 0345417623 0425143325 0440221471 0425154092 0440224764
276412,0345337662 0345313860 0671003755 0060930535 0671510053 0312195516 0385492081 0399501487 0375707972 067976402X
276463,0064407675 0440414806 043935806X 0345339703 0064407691 0345413377 0345339738 0380789019 0064408647 0064408655
276487,8408043641 8433969978 8432206407 0312924585 8445071416 0440224675 014038572X 8478884955 8420441708 8420616893
276498,0345384369 0312924585 042513525X 0425121259 0425163407 0425153975 0553580191 0425181103 0425107469 0425128164
276521,059035342X 0345337662 0345370775 0439064872 0440222656 0439136369 034538475X 0345384466 0345397819 0553280945
276538,0385504209 0671027360 0446672211 0553572997 0440211727 0061097314 0684801523 0440234743 0451163966 0446605484
276560,0440940001 0312278586 0452282195 0440498058 0380718340 0375703055 0060173289 0064400018 0380710218 0553213148
276563,059035342X 0440241073 0439064872 0385484518 0060928336 0385492081 0446606812 0061015725 0345339703 0671027360
276579,006016848X 0440414806 039480001X 0440940001 0060502258 0448095017 0316769487 0345342968 0553573136 044021145X
276581,0345413350 0380789035 080410526X 0441790348 0345361792 067697175X 0553560735 0375707972 0380752859 0312195516
276602,3442541751 3492045170 3150000017 3423202327 3423201509 3257229534 3423202947 325722575X 3426029553 3442092981
276626,3442541751 0552145424 325722575X 0552137030 3423202327 3423201509 3150000017 3492045170 3257229534 0552131067
276634,006101351X 0385492081 0671510053 0345361792 0449002632 0345427637 0679429220 044651862X 0553569058 0446516538
276641,0156027321 0385504209 044023722X 0380731851 039592720X 0142001740 0316096199 0142001430 0449005615 0312291639
276670,0316096199 0140293248 0449005615 0671510053 0786868716 0385265700 0385512104 0060928336 0312195516 0446672211
276680,0375726403 0345438329 0440234743 0385498802 0156027321 0316096199 0375412824 0385722206 0312282990 0151008116
276681,0385504209 0312195516 0671027360 0679781587 006016848X 0375725784 044023722X 0312305060 0375700757 0375707972
276688,0671027360 0312995423 0399147195 0312265859 0061009059 0553576089 0446604666 0553582364 0446603422 043935806X
276704,0066214122 0345353145 0451156609 0553580221 0345384369 0553582747 0553580191 0553579754 067102423X 0451176464
276747,0316601950 0440222656 0452282829 0380730138 0060987561 044651652X 0385265700 0375727345 0446608955 0316789089
276813,8408043641 0440226430 8433969978 0312291639 8445071416 8432206407 0380012863 0312924585 0140119906 0156013924
276822,0156027321 0446605239 0385335881 0385730586 0140293248 0553296981 059035342X 0380789035 0380789019 0385504209
276847,3442541751 3150000017 3492045170 3423202327 3423201509 325722575X 3257229534 3423202947 3257227809 3442092981
276859,0836204387 0836218256 0836218787 0836218620 0836218353 0836217691 0836218221 0446672211 0836218051 0836221362
276861,3442541751 3492045170 3423202327 3150000017 325722575X 3257229534 3423202947 3426029553 3257227809 3442092981
276866,3442541751 3492045170 3150000017 3423201509 3423202327 325722575X 3257229534 3426029553 3423202947 3257227809
276872,0553579754 0553582747 0345386108 0425181103 0425124347 0451205421 0553580191 042513525X 0449006522 0425128164
276875,0312278586 0140293248 006101351X 014028009X 0440226430 8806143042 0385335482 880781210X 0316096199 8806166484
276904,0440237688 0380789019 0345351525 0440995779 0441790348 0345348036 0345313860 0385503822 0590457225 0345413377
276925,0316666343 0156027321 0671027360 0451524934 0060929871 0452282152 0399501487 0679723161 0066214122 0385335482
276928,0449212602 0345337662 0380002930 0064407667 0375700757 0440998050 0553274295 0345339681 0451153553 0060987529
276929,2253063339 2253150711 2253044903 2266023039 2290311782 2070360024 2253057843 2205054252 2070408507 2253005274
276939,2253150711 2253044903 2070360024 2266023039 2290311782 2253057843 2205054252 2253005274 2070408507 2277260029
276954,3442541751 3492045170 3423201509 3423202327 3150000017 325722575X 3257229534 3426029553 3423202947 3257227809
276964,0440213525 0440221471 0440211727 0440214041 044021145X 0345380371 0345370775 044022165X 0345353145 0345337662
276984,0440220653 0380600129 0380814021 059035342X 0440407524 0064405176 0345370775 0380702843 014131088X 0439064864
276988,0671001795 0312966970 0312971346 0312966091 0312980140 0312976275 0061009059 0312265859 0312980159 0312195516
276994,3442541751 3150000017 3423201509 3257229534 3423202947 325722575X 3257227809 3426029553 3442092981 3404148665
277042,0446610038 0446607657 0446612790 0446364193 0440234743 0312966970 0316601950 0061009059 034541389X 0440241073
277051,0156027321 0441790348 0345313860 0385504209 0060938455 0330267388 0441003257 0345351525 0452282152 0552137030
277087,8408043641 8432206407 8445071416 8433969978 8478884955 8477204055 8420616893 8423310353 0312924585 8433925180
277107,0380813815 0156027321 0142001740 0060987103 0786868716 0553296981 0449005615 006101351X 0671003755 0312291639
277157,0316602906 0399150897 0316693200 0316693006 0316603570 0316666009 0316603287 0316969680 0385510438 0385511612
277171,0385486804 0671021001 0452282152 044023722X 034540288X 0679781587 0345353145 0385492081 0451166892 0312924585
277186,0312195516 039592720X 0091867770 0385722206 0452280621 0060938455 0553273914 0452282152 014023313X 0060392452
277195,0316666343 0060928336 0375707972 0312278586 0375706771 0446672211 006101351X 0671003755 0385720106 0142000205
277203,0394800168 044651862X 0394800133 0394800206 0440940001 0060256656 0140374248 0590414291 0394829085 0394839129
277272,0060936231 0316666343 0452282152 0060929871 038572179X 043935806X 0553213148 0345417623 0140449124 002542730X
277378,0446672211 0316666343 0060928336 059035342X 0060976845 0452282152 0060930535 0316601950 0679781587 0385504209
277427,0060928336 0316601950 0062502182 0060976845 0440211727 0380789035 0345402871 006101351X 0440236703 0440214041
277439,0385504209 0312278586 0316602906 0385510438 0385511612 0316693006 0385508042 0399150897 0316603287 0446530891
277466,0446607657 0425154092 0425163407 0446612790 0425147622 0440224764 0553579606 0425175405 0425169863 0446610038
277478,0385484518 0553280341 0971880107 0553280368 0140067477 0446603589 0553271636 0449221512 0345391802 0330332775
277509,0060977493 0553296981 0312305060 0151008116 0140293248 0425152251 0060958022 0446531332 0142001740 0804106304
277523,0385504209 0385511612 0399150897 0316693006 0316602906 0671027360 0316969680 0316603287 0385503822 0316693235
277527,0385504209 0385722206 0316776963 0553572997 0060916508 0451524934 0060958022 0553272535 0385420161 0312195516
277562,0316769487 0446532231 0679735771 0061015725 0060502258 0062502182 0099387913 0451524934 0140042598 0099771519
277563,0671027360 0671011375 0425192725 0446612545 0399149155 0375703764 0671027387 0385508042 055356773X 0440236738
277565,0553262505 0312983824 0330332775 000649840X 0671021001 0385730586 0349101779 0446612790 0099263815 0140620109
277623,0316666343 0312278586 0385504209 0786868716 0156027321 0743418174 0385512104 0385335482 0786881852 0062502182
277629,0440234743 0440214041 0440211727 044021145X 0385504209 0440225701 044022165X 0440221471 0440236673 0425083837
277639,0440213525 0345353145 0440220602 0440224764 0425163407 0440236673 0345391055 0345380371 0425154092 044023722X
277662,0515095826 044651652X 0515093203 0515087947 0553560247 0515102652 0375726403 0312995423 0316693200 0515090506
277681,0747532745 0747538484 2253063339 0747551006 0380789035 0552145424 0330367358 2253044903 2253150711 2290311782
277710,0671027360 0440241073 0312995423 0385504209 0440241537 044023722X 0446612790 0553582747 0446610038 0515135062
277711,0553572997 0375725784 0385504209 0971880107 0345404114 0553277472 0671727796 0380807343 0345350499 0553269631
277744,0385504209 0316666343 0385486804 0312195516 0156027321 0060934417 0375725784 0375726403 0385492081 0449005615
277873,0142001740 0312195516 0316666343 0671003755 0375700757 0385504209 0316776963 0312305060 0449005615 0060930535
277879,0345337662 0345313860 0671759345 0345351525 0671670689 0316666343 0671695126 0671534718 034538475X 0671695169
277901,0312195516 0316601950 0060959037 0060976845 0385720106 0060928336 067976402X 0452282829 0345439104 0312243022
277922,0440234743 0440241073 0440224764 0440221471 044023722X 044022165X 0553582747 0440236673 0425163407 0345384369
277923,006101351X 0385486804 0345361792 0671510053 0345353145 0440220602 0380789035 0446610038 0449002632 0399501487
277928,0440226430 0385484518 0671510053 080410526X 0385265700 002542730X 044651652X 0804106304 0345387651 059035342X
277929,0439064872 0380814803 0671744216 0425169863 059035342X 055329315X 0671737791 0439136369 0515134368 0671737821
277937,0385504209 0452282152 044023722X 0142001740 0156027321 0312305060 0375726403 0316666343 0312195516 0060930535
277945,0515132020 051513287X 0515135062 0515131229 0515128554 0515126772 0515128546 0446611867 0142001740 0373218397
277954,0060392452 0316569321 044022165X 0440214041 014023313X 0345380371 0440234743 0671510053 044023722X 0345438329
277959,0385504209 0316666343 0345417623 0446531332 0316969443 0786868716 0312278586 0316769487 0452282152 0142001740
277965,0385424728 0385486804 0142001740 0060175400 0070212570 0671708635 0671003755 0446516538 0399142851 0345361792
277982,0060502258 0380002930 0446604666 0312924585 0385486804 0345384466 0684872153 0060921145 0679746048 0441172717
277984,0345353145 0440241073 0345391055 0440234743 0345380371 0440221471 0345417623 0440236673 044023722X 0066214122
278007,0060928336 0060976845 0312195516 0140298479 0375706771 0671021001 0060930535 0140293248 0316769487 0679746048
278012,0060502258 0671894455 0316769487 080410526X 0440204887 0060987103 0553212451 0425152251 0553569155 0452283442
278019,059035342X 0345370775 0345353145 0345339703 0345350499 0345362861 0345339711 0553560735 0345339495 0345368991
278026,0312980140 0312966970 0312966091 0449223612 0425182908 0312971346 0312976275 0345447867 0312995423 0553578022
278054,0099771519 0439064872 0552137030 0440206154 0312966970 0330332775 000649840X 0552996009 0091867770 0451166892
278064,0440226430 0385335482 0671021001 0440222656 0375756981 0440221471 044021145X 0345439104 0743418174 0452282152
278137,0345378490 0425147622 0425175405 0345313860 0440998050 0060502258 0446605239 0140386645 0316769487 0385474016
278188,0515131229 0440221471 051512608X 051513287X 0684848783 006101351X 0440213290 0515128546 0515128554 0515130389
278194,0452282152 0385504209 044023722X 0156027321 0060934417 0142001740 0553572997 044021145X 0440212561 0142001430
278202,0316666343 0385503822 0385508042 044651652X 0316693006 0446527033 0385490992 0316666009 038550120X 038529929X
278218,0380977788 0156027321 0060987103 0140119906 044023722X 0375703861 0552996181 0060959037 039592720X 0060915544
278221,0316666343 0446672211 0452282152 044023722X 0446605239 0060928336 0316284955 0446606812 0515130389 0440241073
278257,0451167317 0440206154 0440211727 0451156609 0451176464 0451172817 059035342X 0345353145 0451161351 0451137965
278314,0060173289 0375726403 0140067477 0553279556 0553280341 0553279912 0312305060 067088300X 0385505833 0375414053
278346,0515131229 0515132020 0345384466 0345337662 0515128554 0515128546 0515126772 0345313860 0345361792 034538475X
278356,059035342X 0439139597 0439064864 0439136350 0786881852 0590353403 0312195516 0312990456 0399144463 0385504209
278390,0385504209 0440241537 0345413903 0449223612 0399149155 0142001740 0312995423 006101351X 0671027387 0316602906
278418,0440343194 034540288X 0684874350 0345438329 0440234743 0345441036 0345370775 0446364193 0345338588 0440998050
278422,0385504209 0156027321 0671027387 043935806X 0142001740 0316096199 0316666343 0060987529 0060930535 059035342X
278449,0446611212 0440226430 0553582747 0446612545 0671510053 0345413369 0451184963 0345413350 034541389X 074343627X
278522,0446608262 0684872153 0345402871 0440206154 0312982518 0385492081 0375700757 0425182908 0425180638 0446605409
278529,0449212602 0553250426 0385504209 0385484518 0312195516 0553250531 0312995423 0671027360 0385424728 0060193395
278535,0449003795 0446608815 0449221512 0446612790 0446364193 0449223604 0449221482 0061009059 0312980140 0449223612
278536,0553279378 0385484518 0553280341 0312278586 0446603589 0345413350 068484267X 0971880107 0553280368 0385496095
278552,0446672211 0446310786 0060930535 0385265700 0316601950 0142000205 0316569321 0316666343 0060928336 0375707972
278554,0385335482 0385335881 0446605239 0743418174 0064472272 0385336179 0312278586 0385504209 0380814021 0140293248
278563,3442541751 3492045170 3150000017 3423201509 3423202327 3426029553 3257229534 325722575X 3423202947 3257227809
278565,0060392452 0345313860 0515132268 0440222656 0515102652 0679429220 0060938455 0842329218 0515136557 051510566X
278582,0312966970 0061009059 0312966091 0312971346 0312976275 0312265867 0312983271 0312986343 0312306326 0449223612
278633,0380730138 0375727345 0446672211 0345443284 0671003755 0385265700 0446605239 0375707972 0316601950 0316284955
278637,2253063339 2253150711 2253044903 2070360024 2266023039 2290311782 2253057843 2205054252 2253005274 2070408507
278668,8408043641 8432206407 8445071416 8433969978 8478884955 8477204055 0312924585 8420616893 8478884459 8478886451
278694,0380731851 0440241537 0446611212 0312274920 044023722X 0553280341 0316666343 0449223612 0671042262 0553280368
278843,0439064872 0312195516 0671021001 0439139600 0671003755 0446608955 0439136369 0440222656 0440235596 0385265700
278851,0385335482 0385335881 0440414806 0446605239 0060392452 0440235596 0446532231 0609804138 0440219078 0385484518
278854,0375727345 0440226430 0446364193 0425163407 0385265700 0446605239 0425154092 0425175405 0425147622 0380718332
